0 0 380 382 2000 2
0 0 670 148 2000 2
0 0 72 517 2000 2
0 0 164 650 2000 2
0 0 715 93 2000 2
0 0 641 649 2000 2
0 0 171 478 2000 2
0 0 694 1004 2000 2
0 0 530 882 2000 2
0 0 860 342 2000 2
0 0 570 803 2000 2
0 0 993 763 2000 2
0 0 14 655 2000 2
0 0 887 778 2000 2
0 0 617 661 2000 2
0 0 218 814 2000 2
0 0 850 298 2000 2
0 0 854 951 2000 2
0 0 89 326 2000 2
0 0 437 691 2000 2
0 0 832 171 2000 2
0 0 580 479 2000 2
0 0 247 87 2000 2
0 0 733 218 2000 2
0 0 116 770 2000 2
0 0 708 631 2000 2
0 0 34 271 2000 2
0 0 601 944 2000 2
0 0 297 932 2000 2
0 0 302 754 2000 2
0 0 158 123 2000 2
0 0 591 16 2000 2
0 0 239 199 2000 2
0 0 356 353 2000 2
0 0 697 855 2000 2
0 0 472 544 2000 2
0 0 158 986 2000 2
0 0 61 45 2000 2
0 0 888 571 2000 2
0 0 435 467 2000 2
0 0 273 212 2000 2
0 0 850 637 2000 2
0 0 469 936 2000 2
0 0 261 766 2000 2
0 0 889 1009 2000 2
0 0 1013 39 2000 2
0 0 97 712 2000 2
0 0 885 539 2000 2
0 0 23 191 2000 2
0 0 762 279 2000 2
0 0 487 440 2000 2
0 0 342 961 4000 2
0 0 943 518 4000 2
0 0 703 1016 4000 2
0 0 232 847 4000 2
0 0 850 734 4000 2
0 0 384 242 4000 2
0 0 74 650 4000 2
0 0 175 830 4000 2
0 0 478 147 4000 2
0 0 748 603 4000 2
0 0 740 381 4000 2
0 0 372 129 4000 2
0 0 679 216 4000 2
0 0 750 330 4000 2
0 0 162 547 4000 2
0 0 616 502 4000 2
0 0 814 285 4000 2
0 0 603 789 4000 2
0 0 290 10 4000 2
0 0 260 152 4000 2
0 0 709 531 4000 2
0 0 689 759 4000 2
0 0 390 542 4000 2
0 0 352 492 4000 2
0 0 31 421 4000 2
0 0 593 29 4000 2
0 0 18 103 4000 2
0 0 322 9 4000 2
0 0 230 859 4000 2
0 0 250 146 4000 2
0 0 269 967 4000 2
0 0 497 35 4000 2
0 0 919 224 4000 2
0 0 264 170 4000 2
0 0 262 288 4000 2
0 0 562 987 4000 2
0 0 203 350 4000 2
0 0 199 4 4000 2
0 0 515 857 4000 2
0 0 61 33 4000 2
0 0 524 975 4000 2
0 0 717 695 4000 2
0 0 464 333 4000 2
0 0 569 313 4000 2
0 0 54 341 4000 2
0 0 563 285 4000 2
0 0 97 300 4000 2
0 0 39 177 4000 2
0 0 783 63 6000 2
0 0 811 429 6000 2
0 0 465 113 6000 2
0 0 772 926 6000 2
0 0 346 814 6000 2
0 0 2 930 6000 2
0 0 120 757 6000 2
0 0 802 106 6000 2
0 0 492 864 6000 2
0 0 252 618 6000 2
0 0 324 212 6000 2
0 0 295 346 6000 2
0 0 354 244 6000 2
0 0 969 573 6000 2
0 0 54 672 6000 2
0 0 673 139 6000 2
0 0 171 606 6000 2
0 0 346 612 6000 2
0 0 943 951 6000 2
0 0 724 208 6000 2
0 0 62 954 6000 2
0 0 117 524 6000 2
0 0 352 28 6000 2
0 0 176 895 6000 2
0 0 232 748 6000 2
0 0 241 690 6000 2
0 0 21 388 6000 2
0 0 733 75 6000 2
0 0 193 277 6000 2
0 0 593 35 6000 2
0 0 386 133 6000 2
0 0 576 1019 6000 2
0 0 828 114 6000 2
0 0 998 66 6000 2
0 0 921 74 6000 2
0 0 149 517 6000 2
0 0 231 327 6000 2
0 0 104 654 6000 2
0 0 579 808 6000 2
0 0 773 847 6000 2
0 0 42 157 6000 2
0 0 392 324 6000 2
0 0 70 804 6000 2
0 0 993 1007 6000 2
0 0 384 502 6000 2
0 0 533 603 6000 2
0 0 80 401 6000 2
0 0 332 452 6000 2
0 0 67 1022 6000 2
0 0 937 114 6000 2
0 0 820 462 8000 2
0 0 71 985 8000 2
0 0 0 321 8000 2
0 0 764 3 8000 2
0 0 848 224 8000 2
0 0 211 537 8000 2
0 0 51 771 8000 2
0 0 850 361 8000 2
0 0 351 124 8000 2
0 0 488 610 8000 2
0 0 601 534 8000 2
0 0 958 388 8000 2
0 0 886 878 8000 2
0 0 872 587 8000 2
0 0 846 445 8000 2
0 0 147 995 8000 2
0 0 526 578 8000 2
0 0 756 866 8000 2
0 0 45 232 8000 2
0 0 326 423 8000 2
0 0 476 565 8000 2
0 0 70 208 8000 2
0 0 287 809 8000 2
0 0 10 250 8000 2
0 0 531 770 8000 2
0 0 141 39 8000 2
0 0 615 738 8000 2
0 0 49 382 8000 2
0 0 147 890 8000 2
0 0 46 772 8000 2
0 0 324 265 8000 2
0 0 238 180 8000 2
0 0 775 605 8000 2
0 0 196 489 8000 2
0 0 100 44 8000 2
0 0 673 378 8000 2
0 0 308 238 8000 2
0 0 152 6 8000 2
0 0 124 287 8000 2
0 0 614 410 8000 2
0 0 152 948 8000 2
0 0 706 934 8000 2
0 0 285 1013 8000 2
0 0 830 961 8000 2
0 0 322 918 8000 2
0 0 922 936 8000 2
0 0 539 792 8000 2
0 0 295 1014 8000 2
0 0 848 1003 8000 2
0 0 86 495 8000 2
0 0 874 343 8000 2
0 0 280 14 8000 2
0 0 28 718 8000 2
0 0 149 318 8000 2
0 0 346 61 8000 2
0 0 695 454 8000 2
0 0 460 434 8000 2
0 0 1016 1019 8000 2
0 0 157 546 8000 2
0 0 744 621 10000 2
0 0 357 77 10000 2
0 0 703 982 10000 2
0 0 645 478 10000 2
0 0 94 458 10000 2
0 0 942 484 10000 2
0 0 354 146 10000 2
0 0 798 371 10000 2
0 0 589 407 10000 2
0 0 885 299 10000 2
0 0 429 96 10000 2
0 0 955 843 10000 2
0 0 993 495 10000 2
0 0 14 470 10000 2
0 0 324 623 10000 2
0 0 222 81 10000 2
0 0 721 395 10000 2
0 0 16 110 10000 2
0 0 1019 1003 10000 2
0 0 575 882 10000 2
0 0 18 692 10000 2
0 0 810 565 10000 2
0 0 717 643 10000 2
0 0 667 1001 10000 2
0 0 919 234 10000 2
0 0 325 114 10000 2
0 0 365 705 10000 2
0 0 132 1021 10000 2
0 0 561 924 10000 2
0 0 570 764 10000 2
0 0 269 237 10000 2
0 0 637 14 10000 2
0 0 659 554 10000 2
0 0 154 178 10000 2
0 0 37 566 10000 2
0 0 1016 114 10000 2
0 0 405 523 10000 2
0 0 32 849 10000 2
0 0 231 911 10000 2
0 0 989 949 10000 2
0 0 174 634 10000 2
0 0 402 197 10000 2
0 0 15 23 10000 2
0 0 477 724 10000 2
0 0 819 379 10000 2
0 0 173 1011 10000 2
0 0 34 708 10000 2
0 0 104 151 10000 2
