1 0 2 0 1400 2
1 0 2 12 1400 2
1 0 3 2 1400 2
1 0 3 12 1400 2
1 0 4 8 1400 2
1 0 4 11 1400 2
1 0 5 3 1400 2
1 0 5 8 1400 2
1 0 6 8 1400 2
1 0 6 10 1400 2
1 0 8 15 1400 2
1 0 8 1 1400 2
1 0 9 14 1400 2
1 0 9 8 1400 2
1 0 11 6 1400 2
1 0 11 9 1400 2
1 0 12 8 1400 2
1 0 12 14 1400 2
1 0 14 2 1400 2
1 0 14 1 1400 2
1 0 4 8 1600 2
1 0 4 11 1600 2
1 0 6 8 1600 2
1 0 6 10 1600 2
1 0 14 2 1600 2
1 0 14 1 1600 2
1 0 3 2 1800 2
1 0 3 12 1800 2
1 0 0 5 2000 2
1 0 0 6 2000 2
1 0 4 8 2000 2
1 0 4 11 2000 2
1 0 14 2 2000 2
1 0 14 1 2000 2
1 0 15 4 2000 2
1 0 15 10 2000 2
1 0 4 8 2400 2
1 0 4 11 2400 2
1 0 4 8 2800 2
1 0 4 11 2800 2
1 0 0 5 3200 2
1 0 0 6 3200 2
1 0 15 4 3200 2
1 0 15 10 3200 2
1 0 0 5 4400 2
1 0 0 6 4400 2
1 0 15 4 4400 2
1 0 15 10 4400 2
