0 1 0 5 1300 2
0 1 0 6 1300 2
0 1 1 4 1300 2
0 1 1 13 1300 2
0 1 2 0 1300 2
0 1 2 12 1300 2
0 1 3 2 1300 2
0 1 3 12 1300 2
0 1 4 8 1300 2
0 1 4 11 1300 2
0 1 5 3 1300 2
0 1 5 8 1300 2
0 1 6 8 1300 2
0 1 6 10 1300 2
0 1 7 9 1300 2
0 1 7 13 1300 2
0 1 8 15 1300 2
0 1 8 1 1300 2
0 1 9 14 1300 2
0 1 9 8 1300 2
0 1 10 5 1300 2
0 1 10 3 1300 2
0 1 11 6 1300 2
0 1 11 9 1300 2
0 1 12 8 1300 2
0 1 12 14 1300 2
0 1 13 12 1300 2
0 1 13 5 1300 2
0 1 14 2 1300 2
0 1 14 1 1300 2
0 1 15 4 1300 2
0 1 15 10 1300 2
0 1 0 5 1500 2
0 1 0 6 1500 2
0 1 1 4 1500 2
0 1 1 13 1500 2
0 1 2 0 1500 2
0 1 2 12 1500 2
0 1 3 2 1500 2
0 1 3 12 1500 2
0 1 8 15 1500 2
0 1 8 1 1500 2
0 1 9 14 1500 2
0 1 9 8 1500 2
0 1 11 6 1500 2
0 1 11 9 1500 2
0 1 12 8 1500 2
0 1 12 14 1500 2
0 1 14 2 1500 2
0 1 14 1 1500 2
0 1 15 4 1500 2
0 1 15 10 1500 2
0 1 4 8 1700 2
0 1 4 11 1700 2
0 1 5 3 1700 2
0 1 5 8 1700 2
0 1 6 8 1700 2
0 1 6 10 1700 2
0 1 7 9 1700 2
0 1 7 13 1700 2
0 1 10 5 1700 2
0 1 10 3 1700 2
0 1 13 12 1700 2
0 1 13 5 1700 2
0 1 0 5 1900 2
0 1 0 6 1900 2
0 1 1 4 1900 2
0 1 1 13 1900 2
0 1 2 0 1900 2
0 1 2 12 1900 2
0 1 3 2 1900 2
0 1 3 12 1900 2
0 1 8 15 1900 2
0 1 8 1 1900 2
0 1 9 14 1900 2
0 1 9 8 1900 2
0 1 11 6 1900 2
0 1 11 9 1900 2
0 1 12 8 1900 2
0 1 12 14 1900 2
0 1 14 2 1900 2
0 1 14 1 1900 2
0 1 15 4 1900 2
0 1 15 10 1900 2
0 1 4 8 2100 2
0 1 4 11 2100 2
0 1 5 3 2100 2
0 1 5 8 2100 2
0 1 6 8 2100 2
0 1 6 10 2100 2
0 1 7 9 2100 2
0 1 7 13 2100 2
0 1 10 5 2100 2
0 1 10 3 2100 2
0 1 13 12 2100 2
0 1 13 5 2100 2
0 1 0 5 2300 2
0 1 0 6 2300 2
0 1 1 4 2300 2
0 1 1 13 2300 2
0 1 2 0 2300 2
0 1 2 12 2300 2
0 1 3 2 2300 2
0 1 3 12 2300 2
0 1 8 15 2300 2
0 1 8 1 2300 2
0 1 9 14 2300 2
0 1 9 8 2300 2
0 1 11 6 2300 2
0 1 11 9 2300 2
0 1 12 8 2300 2
0 1 12 14 2300 2
0 1 14 2 2300 2
0 1 14 1 2300 2
0 1 15 4 2300 2
0 1 15 10 2300 2
0 1 4 8 2500 2
0 1 4 11 2500 2
0 1 5 3 2500 2
0 1 5 8 2500 2
0 1 6 8 2500 2
0 1 6 10 2500 2
0 1 7 9 2500 2
0 1 7 13 2500 2
0 1 10 5 2500 2
0 1 10 3 2500 2
0 1 13 12 2500 2
0 1 13 5 2500 2
0 1 0 5 2700 2
0 1 0 6 2700 2
0 1 1 4 2700 2
0 1 1 13 2700 2
0 1 2 0 2700 2
0 1 2 12 2700 2
0 1 3 2 2700 2
0 1 3 12 2700 2
0 1 8 15 2700 2
0 1 8 1 2700 2
0 1 9 14 2700 2
0 1 9 8 2700 2
0 1 11 6 2700 2
0 1 11 9 2700 2
0 1 12 8 2700 2
0 1 12 14 2700 2
0 1 14 2 2700 2
0 1 14 1 2700 2
0 1 15 4 2700 2
0 1 15 10 2700 2
0 1 4 8 2900 2
0 1 4 11 2900 2
0 1 5 3 2900 2
0 1 5 8 2900 2
0 1 6 8 2900 2
0 1 6 10 2900 2
0 1 7 9 2900 2
0 1 7 13 2900 2
0 1 10 5 2900 2
0 1 10 3 2900 2
0 1 13 12 2900 2
0 1 13 5 2900 2
0 1 0 5 3100 2
0 1 0 6 3100 2
0 1 1 4 3100 2
0 1 1 13 3100 2
0 1 2 0 3100 2
0 1 2 12 3100 2
0 1 3 2 3100 2
0 1 3 12 3100 2
0 1 8 15 3100 2
0 1 8 1 3100 2
0 1 9 14 3100 2
0 1 9 8 3100 2
0 1 11 6 3100 2
0 1 11 9 3100 2
0 1 12 8 3100 2
0 1 12 14 3100 2
0 1 14 2 3100 2
0 1 14 1 3100 2
0 1 15 4 3100 2
0 1 15 10 3100 2
0 1 4 8 3300 2
0 1 4 11 3300 2
0 1 5 3 3300 2
0 1 5 8 3300 2
0 1 6 8 3300 2
0 1 6 10 3300 2
0 1 7 9 3300 2
0 1 7 13 3300 2
0 1 10 5 3300 2
0 1 10 3 3300 2
0 1 13 12 3300 2
0 1 13 5 3300 2
0 1 0 5 3500 2
0 1 0 6 3500 2
0 1 1 4 3500 2
0 1 1 13 3500 2
0 1 2 0 3500 2
0 1 2 12 3500 2
0 1 3 2 3500 2
0 1 3 12 3500 2
0 1 4 8 3500 2
0 1 4 11 3500 2
0 1 8 15 3500 2
0 1 8 1 3500 2
0 1 9 14 3500 2
0 1 9 8 3500 2
0 1 11 6 3500 2
0 1 11 9 3500 2
0 1 12 8 3500 2
0 1 12 14 3500 2
0 1 14 2 3500 2
0 1 14 1 3500 2
0 1 15 4 3500 2
0 1 15 10 3500 2
0 1 5 3 3700 2
0 1 5 8 3700 2
0 1 6 8 3700 2
0 1 6 10 3700 2
0 1 7 9 3700 2
0 1 7 13 3700 2
0 1 10 5 3700 2
0 1 10 3 3700 2
0 1 13 12 3700 2
0 1 13 5 3700 2
0 1 0 5 3900 2
0 1 0 6 3900 2
0 1 1 4 3900 2
0 1 1 13 3900 2
0 1 2 0 3900 2
0 1 2 12 3900 2
0 1 3 2 3900 2
0 1 3 12 3900 2
0 1 4 8 3900 2
0 1 4 11 3900 2
0 1 8 15 3900 2
0 1 8 1 3900 2
0 1 9 14 3900 2
0 1 9 8 3900 2
0 1 11 6 3900 2
0 1 11 9 3900 2
0 1 12 8 3900 2
0 1 12 14 3900 2
0 1 14 2 3900 2
0 1 14 1 3900 2
0 1 15 4 3900 2
0 1 15 10 3900 2
0 1 5 3 4100 2
0 1 5 8 4100 2
0 1 6 8 4100 2
0 1 6 10 4100 2
0 1 7 9 4100 2
0 1 7 13 4100 2
0 1 10 5 4100 2
0 1 10 3 4100 2
0 1 13 12 4100 2
0 1 13 5 4100 2
0 1 0 5 4300 2
0 1 0 6 4300 2
0 1 1 4 4300 2
0 1 1 13 4300 2
0 1 2 0 4300 2
0 1 2 12 4300 2
0 1 3 2 4300 2
0 1 3 12 4300 2
0 1 4 8 4300 2
0 1 4 11 4300 2
0 1 8 15 4300 2
0 1 8 1 4300 2
0 1 9 14 4300 2
0 1 9 8 4300 2
0 1 11 6 4300 2
0 1 11 9 4300 2
0 1 12 8 4300 2
0 1 12 14 4300 2
0 1 14 2 4300 2
0 1 14 1 4300 2
0 1 15 4 4300 2
0 1 15 10 4300 2
0 1 5 3 4500 2
0 1 5 8 4500 2
0 1 6 8 4500 2
0 1 6 10 4500 2
0 1 7 9 4500 2
0 1 7 13 4500 2
0 1 10 5 4500 2
0 1 10 3 4500 2
0 1 13 12 4500 2
0 1 13 5 4500 2
0 1 0 5 4700 2
0 1 0 6 4700 2
0 1 1 4 4700 2
0 1 1 13 4700 2
0 1 2 0 4700 2
0 1 2 12 4700 2
0 1 3 2 4700 2
0 1 3 12 4700 2
0 1 4 8 4700 2
0 1 4 11 4700 2
0 1 8 15 4700 2
0 1 8 1 4700 2
0 1 9 14 4700 2
0 1 9 8 4700 2
0 1 11 6 4700 2
0 1 11 9 4700 2
0 1 12 8 4700 2
0 1 12 14 4700 2
0 1 14 2 4700 2
0 1 14 1 4700 2
0 1 15 4 4700 2
0 1 15 10 4700 2
0 1 5 3 4900 2
0 1 5 8 4900 2
0 1 6 8 4900 2
0 1 6 10 4900 2
0 1 7 9 4900 2
0 1 7 13 4900 2
0 1 10 5 4900 2
0 1 10 3 4900 2
0 1 13 12 4900 2
0 1 13 5 4900 2
