0 1 158 184 2000 2
0 1 51 24 2000 2
0 1 70 68 2000 2
0 1 245 201 2000 2
0 1 142 141 2000 2
0 1 242 207 2000 2
0 1 0 200 2000 2
0 1 182 122 2000 2
0 1 251 147 2000 2
0 1 32 180 2000 2
0 1 240 88 2000 2
0 1 234 173 2000 2
0 1 155 109 2000 2
0 1 203 45 2000 2
0 1 148 1 2000 2
0 1 137 122 2000 2
0 1 236 232 2000 2
0 1 149 194 2000 2
0 1 34 41 2000 2
0 1 29 92 2000 2
0 1 122 164 2000 2
0 1 194 110 2000 2
0 1 26 230 2000 2
0 1 78 1 2000 2
0 1 111 105 2000 2
0 1 74 82 2000 2
0 1 242 79 2000 2
0 1 50 125 2000 2
0 1 185 246 2000 2
0 1 154 38 2000 2
0 1 126 52 2000 2
0 1 223 195 2000 2
0 1 186 49 2000 2
0 1 94 207 2000 2
0 1 126 30 2000 2
0 1 160 105 2000 2
0 1 49 30 2000 2
0 1 138 57 2000 2
0 1 237 213 2000 2
0 1 174 23 2000 2
0 1 40 88 2000 2
0 1 107 91 2000 2
0 1 231 18 2000 2
0 1 84 219 2000 2
0 1 63 127 2000 2
0 1 27 233 2000 2
0 1 81 31 2000 2
0 1 108 15 2000 2
0 1 149 171 2000 2
0 1 67 131 2000 2
0 1 46 140 2000 2
0 1 136 11 2000 2
0 1 232 207 2000 2
0 1 233 176 2000 2
0 1 74 63 2000 2
0 1 246 250 2000 2
0 1 53 182 2000 2
0 1 133 204 2000 2
0 1 55 159 2000 2
0 1 152 189 2000 2
0 1 255 91 2000 2
0 1 100 78 2000 2
0 1 92 218 2000 2
0 1 190 153 2000 2
0 1 205 29 2000 2
0 1 232 41 2000 2
0 1 231 20 2000 2
0 1 54 119 2000 2
0 1 63 37 2000 2
0 1 110 52 2000 2
0 1 240 172 2000 2
0 1 127 214 2000 2
0 1 235 168 2000 2
0 1 124 132 2000 2
0 1 117 60 2000 2
0 1 144 18 4000 2
0 1 52 251 4000 2
0 1 177 211 4000 2
0 1 42 131 4000 2
0 1 231 42 4000 2
0 1 212 125 4000 2
0 1 255 224 4000 2
0 1 192 59 4000 2
0 1 104 170 4000 2
0 1 103 134 4000 2
0 1 112 4 4000 2
0 1 0 54 4000 2
0 1 133 197 4000 2
0 1 250 64 4000 2
0 1 213 104 4000 2
0 1 75 157 4000 2
0 1 145 214 4000 2
0 1 6 226 4000 2
0 1 46 76 4000 2
0 1 212 35 4000 2
0 1 199 27 4000 2
0 1 200 59 4000 2
0 1 187 15 4000 2
0 1 50 137 4000 2
0 1 46 218 4000 2
0 1 167 96 4000 2
0 1 77 121 4000 2
0 1 10 102 4000 2
0 1 7 95 4000 2
0 1 90 7 4000 2
0 1 207 105 4000 2
0 1 22 58 4000 2
0 1 252 125 4000 2
0 1 164 221 4000 2
0 1 166 8 4000 2
0 1 159 115 4000 2
0 1 6 198 4000 2
0 1 106 112 4000 2
0 1 97 60 4000 2
0 1 125 222 4000 2
0 1 25 157 4000 2
0 1 170 28 4000 2
0 1 80 55 4000 2
0 1 139 110 4000 2
0 1 108 63 4000 2
0 1 120 48 4000 2
0 1 46 50 4000 2
0 1 194 87 4000 2
0 1 123 229 4000 2
0 1 160 119 4000 2
0 1 142 143 4000 2
0 1 92 241 4000 2
0 1 104 156 4000 2
0 1 247 213 4000 2
0 1 33 132 4000 2
0 1 10 166 4000 2
0 1 116 178 4000 2
0 1 60 145 4000 2
0 1 153 6 4000 2
0 1 208 100 4000 2
0 1 22 192 4000 2
0 1 251 85 4000 2
0 1 238 28 4000 2
0 1 118 148 4000 2
0 1 104 37 4000 2
0 1 151 104 4000 2
0 1 169 201 4000 2
0 1 120 5 4000 2
0 1 96 183 4000 2
0 1 230 28 4000 2
0 1 189 201 4000 2
0 1 56 144 4000 2
0 1 163 109 4000 2
0 1 96 14 4000 2
0 1 199 207 4000 2
0 1 120 219 4000 2
0 1 123 227 4000 2
0 1 211 170 4000 2
0 1 197 97 4000 2
0 1 148 190 4000 2
0 1 164 254 4000 2
0 1 75 98 4000 2
0 1 172 216 6000 2
0 1 100 245 6000 2
0 1 85 234 6000 2
0 1 162 67 6000 2
0 1 26 245 6000 2
0 1 249 241 6000 2
0 1 162 99 6000 2
0 1 154 204 6000 2
0 1 249 181 6000 2
0 1 190 130 6000 2
0 1 178 44 6000 2
0 1 162 248 6000 2
0 1 180 126 6000 2
0 1 125 127 6000 2
0 1 122 155 6000 2
0 1 187 5 6000 2
0 1 116 128 6000 2
0 1 83 112 6000 2
0 1 179 253 6000 2
0 1 188 77 6000 2
0 1 227 29 6000 2
0 1 144 58 6000 2
0 1 39 244 6000 2
0 1 95 132 6000 2
0 1 0 194 6000 2
0 1 244 102 6000 2
0 1 66 54 6000 2
0 1 222 114 6000 2
0 1 129 82 6000 2
0 1 185 160 6000 2
0 1 228 61 6000 2
0 1 216 172 6000 2
0 1 248 119 6000 2
0 1 195 59 6000 2
0 1 95 71 6000 2
0 1 61 159 6000 2
0 1 226 188 6000 2
0 1 82 193 6000 2
0 1 249 41 6000 2
0 1 40 159 6000 2
0 1 182 118 6000 2
0 1 36 99 6000 2
0 1 62 25 6000 2
0 1 164 213 6000 2
0 1 233 136 6000 2
0 1 90 230 6000 2
0 1 247 110 6000 2
0 1 192 42 6000 2
0 1 236 196 6000 2
0 1 233 222 6000 2
0 1 179 129 6000 2
0 1 219 170 6000 2
0 1 103 113 6000 2
0 1 23 236 6000 2
0 1 129 91 6000 2
0 1 166 172 6000 2
0 1 107 111 6000 2
0 1 40 54 6000 2
0 1 104 41 6000 2
0 1 168 186 6000 2
0 1 220 49 6000 2
0 1 15 115 6000 2
0 1 225 183 6000 2
0 1 153 66 6000 2
0 1 120 243 6000 2
0 1 9 37 6000 2
0 1 49 207 6000 2
0 1 245 211 6000 2
0 1 92 110 6000 2
0 1 199 4 6000 2
0 1 87 157 6000 2
0 1 66 151 6000 2
0 1 175 86 6000 2
0 1 17 36 6000 2
0 1 148 99 6000 2
0 1 174 220 6000 2
0 1 241 135 6000 2
0 1 12 169 6000 2
0 1 181 227 6000 2
0 1 25 26 6000 2
0 1 41 128 8000 2
0 1 208 173 8000 2
0 1 159 156 8000 2
0 1 50 38 8000 2
0 1 116 87 8000 2
0 1 59 233 8000 2
0 1 73 17 8000 2
0 1 122 180 8000 2
0 1 192 33 8000 2
0 1 1 65 8000 2
0 1 53 166 8000 2
0 1 124 122 8000 2
0 1 165 70 8000 2
0 1 230 149 8000 2
0 1 100 144 8000 2
0 1 161 111 8000 2
0 1 172 85 8000 2
0 1 73 25 8000 2
0 1 42 39 8000 2
0 1 81 31 8000 2
0 1 223 64 8000 2
0 1 41 144 8000 2
0 1 63 171 8000 2
0 1 63 47 8000 2
0 1 201 99 8000 2
0 1 56 48 8000 2
0 1 244 234 8000 2
0 1 181 215 8000 2
0 1 243 43 8000 2
0 1 252 56 8000 2
0 1 35 69 8000 2
0 1 5 63 8000 2
0 1 202 97 8000 2
0 1 200 79 8000 2
0 1 248 47 8000 2
0 1 242 128 8000 2
0 1 130 104 8000 2
0 1 130 73 8000 2
0 1 156 248 8000 2
0 1 52 2 8000 2
0 1 28 205 8000 2
0 1 140 113 8000 2
0 1 26 125 8000 2
0 1 48 127 8000 2
0 1 222 174 8000 2
0 1 165 253 8000 2
0 1 33 220 8000 2
0 1 66 83 8000 2
0 1 225 212 8000 2
0 1 82 194 8000 2
0 1 219 97 8000 2
0 1 4 104 8000 2
0 1 251 90 8000 2
0 1 44 176 8000 2
0 1 177 95 8000 2
0 1 88 201 8000 2
0 1 93 211 8000 2
0 1 35 175 8000 2
0 1 203 154 8000 2
0 1 41 45 8000 2
0 1 94 39 8000 2
0 1 126 135 8000 2
0 1 95 142 8000 2
0 1 50 90 8000 2
0 1 55 240 8000 2
0 1 95 58 8000 2
0 1 247 164 8000 2
0 1 84 209 8000 2
0 1 186 251 8000 2
0 1 178 145 8000 2
0 1 91 16 8000 2
0 1 22 164 8000 2
0 1 101 210 8000 2
0 1 182 124 8000 2
0 1 198 105 8000 2
0 1 116 122 8000 2
0 1 61 207 8000 2
0 1 29 122 8000 2
0 1 254 174 8000 2
0 1 205 140 8000 2
0 1 150 34 8000 2
0 1 43 48 8000 2
0 1 89 174 10000 2
0 1 191 32 10000 2
0 1 130 196 10000 2
0 1 252 217 10000 2
0 1 35 38 10000 2
0 1 245 51 10000 2
0 1 99 189 10000 2
0 1 120 9 10000 2
0 1 15 22 10000 2
0 1 129 9 10000 2
0 1 16 23 10000 2
0 1 2 250 10000 2
0 1 143 84 10000 2
0 1 11 229 10000 2
0 1 253 221 10000 2
0 1 36 14 10000 2
0 1 132 210 10000 2
0 1 184 162 10000 2
0 1 61 170 10000 2
0 1 84 105 10000 2
0 1 95 3 10000 2
0 1 145 3 10000 2
0 1 187 137 10000 2
0 1 136 248 10000 2
0 1 224 87 10000 2
0 1 158 152 10000 2
0 1 165 97 10000 2
0 1 71 227 10000 2
0 1 105 246 10000 2
0 1 75 183 10000 2
0 1 194 5 10000 2
0 1 88 20 10000 2
0 1 225 157 10000 2
0 1 123 232 10000 2
0 1 93 92 10000 2
0 1 42 161 10000 2
0 1 203 232 10000 2
0 1 171 200 10000 2
0 1 43 244 10000 2
0 1 125 103 10000 2
0 1 198 216 10000 2
0 1 98 37 10000 2
0 1 21 210 10000 2
0 1 195 227 10000 2
0 1 165 82 10000 2
0 1 237 42 10000 2
0 1 187 204 10000 2
0 1 90 79 10000 2
0 1 16 15 10000 2
0 1 17 6 10000 2
0 1 83 239 10000 2
0 1 145 163 10000 2
0 1 40 70 10000 2
0 1 82 171 10000 2
0 1 126 12 10000 2
0 1 46 43 10000 2
0 1 11 109 10000 2
0 1 12 74 10000 2
0 1 134 213 10000 2
0 1 128 93 10000 2
0 1 140 77 10000 2
0 1 144 242 10000 2
0 1 218 40 10000 2
0 1 66 58 10000 2
0 1 212 142 10000 2
0 1 0 69 10000 2
0 1 197 3 10000 2
