1 2 46 170 2000 2
1 2 214 232 2000 2
1 2 231 2 2000 2
1 2 106 145 2000 2
1 2 101 76 2000 2
1 2 25 20 2000 2
1 2 33 251 2000 2
1 2 200 197 2000 2
1 2 5 237 2000 2
1 2 150 35 2000 2
1 2 80 121 2000 2
1 2 141 247 2000 2
1 2 79 119 2000 2
1 2 20 30 2000 2
1 2 244 155 2000 2
1 2 58 45 2000 2
1 2 44 30 2000 2
1 2 120 95 2000 2
1 2 25 191 2000 2
1 2 177 68 2000 2
1 2 15 157 2000 2
1 2 186 151 2000 2
1 2 52 44 2000 2
1 2 202 180 2000 2
1 2 176 167 2000 2
1 2 187 240 2000 2
1 2 4 196 2000 2
1 2 88 123 2000 2
1 2 178 233 2000 2
1 2 75 26 2000 2
1 2 48 196 2000 2
1 2 137 88 2000 2
1 2 85 188 2000 2
1 2 70 46 2000 2
1 2 12 0 2000 2
1 2 186 127 2000 2
1 2 243 147 2000 2
1 2 218 143 2000 2
1 2 165 27 2000 2
1 2 200 136 2000 2
1 2 144 121 2000 2
1 2 20 148 2000 2
1 2 136 111 2000 2
1 2 22 14 2000 2
1 2 155 236 2000 2
1 2 108 98 2000 2
1 2 226 205 2000 2
1 2 210 206 2000 2
1 2 189 128 2000 2
1 2 55 124 2000 2
1 2 94 71 2000 2
1 2 207 216 2000 2
1 2 173 24 2000 2
1 2 183 196 2000 2
1 2 225 185 2000 2
1 2 215 41 2000 2
1 2 205 78 2000 2
1 2 202 39 2000 2
1 2 61 50 2000 2
1 2 194 73 2000 2
1 2 198 23 2000 2
1 2 137 156 2000 2
1 2 181 248 2000 2
1 2 46 254 2000 2
1 2 223 157 2000 2
1 2 230 211 2000 2
1 2 159 169 2000 2
1 2 51 65 2000 2
1 2 24 120 2000 2
1 2 218 231 2000 2
1 2 205 242 2000 2
1 2 177 206 4000 2
1 2 68 233 4000 2
1 2 50 131 4000 2
1 2 122 3 4000 2
1 2 68 35 4000 2
1 2 94 206 4000 2
1 2 229 214 4000 2
1 2 91 93 4000 2
1 2 18 14 4000 2
1 2 32 13 4000 2
1 2 40 117 4000 2
1 2 253 143 4000 2
1 2 31 237 4000 2
1 2 71 247 4000 2
1 2 146 18 4000 2
1 2 239 33 4000 2
1 2 204 190 4000 2
1 2 203 2 4000 2
1 2 182 240 4000 2
1 2 216 117 4000 2
1 2 61 14 4000 2
1 2 237 173 4000 2
1 2 124 241 4000 2
1 2 214 216 4000 2
1 2 94 189 4000 2
1 2 74 113 4000 2
1 2 88 176 4000 2
1 2 77 158 4000 2
1 2 252 192 4000 2
1 2 192 27 4000 2
1 2 122 172 4000 2
1 2 62 93 4000 2
1 2 1 34 4000 2
1 2 151 164 4000 2
1 2 137 56 4000 2
1 2 66 239 4000 2
1 2 64 20 4000 2
1 2 207 89 4000 2
1 2 8 165 4000 2
1 2 183 25 4000 2
1 2 195 53 4000 2
1 2 2 42 4000 2
1 2 47 216 4000 2
1 2 41 9 4000 2
1 2 149 140 4000 2
1 2 77 226 4000 2
1 2 107 178 4000 2
1 2 45 247 4000 2
1 2 139 45 4000 2
1 2 234 103 4000 2
1 2 12 212 4000 2
1 2 208 34 4000 2
1 2 81 129 4000 2
1 2 42 133 4000 2
1 2 176 130 4000 2
1 2 6 166 4000 2
1 2 94 254 4000 2
1 2 24 1 4000 2
1 2 59 56 4000 2
1 2 208 213 4000 2
1 2 254 189 4000 2
1 2 187 103 4000 2
1 2 135 222 4000 2
1 2 247 114 4000 2
1 2 36 140 4000 2
1 2 135 54 4000 2
1 2 67 55 4000 2
1 2 123 107 4000 2
1 2 204 124 4000 2
1 2 57 220 4000 2
1 2 131 232 4000 2
1 2 150 201 4000 2
1 2 177 250 4000 2
1 2 133 182 4000 2
1 2 101 151 4000 2
1 2 249 124 4000 2
1 2 39 17 4000 2
1 2 252 14 4000 2
1 2 77 241 4000 2
1 2 144 214 4000 2
1 2 141 72 4000 2
1 2 238 171 4000 2
1 2 87 144 4000 2
1 2 127 25 4000 2
1 2 140 128 4000 2
1 2 122 254 4000 2
1 2 231 119 4000 2
1 2 23 73 4000 2
1 2 133 132 4000 2
1 2 243 163 4000 2
1 2 62 231 4000 2
1 2 26 146 4000 2
1 2 185 36 4000 2
1 2 110 245 4000 2
1 2 36 131 4000 2
1 2 130 79 4000 2
1 2 102 150 6000 2
1 2 182 206 6000 2
1 2 57 246 6000 2
1 2 156 24 6000 2
1 2 5 48 6000 2
1 2 77 25 6000 2
1 2 78 162 6000 2
1 2 195 155 6000 2
1 2 184 32 6000 2
1 2 219 7 6000 2
1 2 51 247 6000 2
1 2 45 79 6000 2
1 2 48 92 6000 2
1 2 231 91 6000 2
1 2 186 163 6000 2
1 2 227 53 6000 2
1 2 127 174 6000 2
1 2 208 144 6000 2
1 2 252 173 6000 2
1 2 126 201 6000 2
1 2 132 197 6000 2
1 2 59 244 6000 2
1 2 30 184 6000 2
1 2 233 9 6000 2
1 2 126 81 6000 2
1 2 233 64 6000 2
1 2 18 58 6000 2
1 2 138 106 6000 2
1 2 195 90 6000 2
1 2 11 212 6000 2
1 2 207 171 6000 2
1 2 185 140 6000 2
1 2 15 9 6000 2
1 2 220 232 6000 2
1 2 144 78 6000 2
1 2 231 195 6000 2
1 2 151 137 6000 2
1 2 104 42 6000 2
1 2 224 4 6000 2
1 2 34 211 6000 2
1 2 186 64 6000 2
1 2 237 67 6000 2
1 2 6 113 6000 2
1 2 204 103 6000 2
1 2 139 5 6000 2
1 2 58 4 6000 2
1 2 210 198 6000 2
1 2 132 130 6000 2
1 2 164 151 6000 2
1 2 105 174 6000 2
1 2 237 62 6000 2
1 2 102 5 6000 2
1 2 70 15 6000 2
1 2 247 131 6000 2
1 2 105 227 6000 2
1 2 213 80 6000 2
1 2 225 244 6000 2
1 2 127 4 6000 2
1 2 217 114 6000 2
1 2 59 45 6000 2
1 2 77 35 6000 2
1 2 121 125 6000 2
1 2 40 32 6000 2
1 2 91 19 6000 2
1 2 198 208 6000 2
1 2 182 223 6000 2
1 2 155 250 6000 2
1 2 120 90 6000 2
1 2 83 49 6000 2
1 2 54 72 6000 2
1 2 87 139 6000 2
1 2 34 48 6000 2
1 2 172 184 6000 2
1 2 62 129 6000 2
1 2 35 68 6000 2
1 2 121 107 6000 2
1 2 129 36 6000 2
1 2 180 42 6000 2
1 2 96 9 6000 2
1 2 21 69 6000 2
1 2 201 143 6000 2
1 2 172 164 6000 2
1 2 63 73 6000 2
1 2 171 237 6000 2
1 2 66 77 6000 2
1 2 59 33 6000 2
1 2 122 249 6000 2
1 2 5 114 6000 2
1 2 156 5 6000 2
1 2 235 115 6000 2
1 2 13 185 6000 2
1 2 234 4 6000 2
1 2 177 95 6000 2
1 2 165 123 6000 2
1 2 199 112 6000 2
1 2 231 81 6000 2
1 2 16 144 6000 2
1 2 157 1 6000 2
1 2 232 36 6000 2
1 2 158 131 6000 2
1 2 254 125 8000 2
1 2 98 32 8000 2
1 2 56 23 8000 2
1 2 59 125 8000 2
1 2 93 110 8000 2
1 2 143 183 8000 2
1 2 76 201 8000 2
1 2 55 228 8000 2
1 2 206 151 8000 2
1 2 141 51 8000 2
1 2 79 1 8000 2
1 2 243 138 8000 2
1 2 100 168 8000 2
1 2 52 40 8000 2
1 2 208 104 8000 2
1 2 213 36 8000 2
1 2 30 203 8000 2
1 2 67 22 8000 2
1 2 234 200 8000 2
1 2 203 87 8000 2
1 2 6 44 8000 2
1 2 111 118 8000 2
1 2 19 92 8000 2
1 2 115 156 8000 2
1 2 236 218 8000 2
1 2 69 10 8000 2
1 2 129 166 8000 2
1 2 158 126 8000 2
1 2 1 35 8000 2
1 2 63 16 8000 2
1 2 32 64 8000 2
1 2 62 199 8000 2
1 2 99 23 8000 2
1 2 222 91 8000 2
1 2 245 252 8000 2
1 2 198 144 8000 2
1 2 154 3 8000 2
1 2 213 8 8000 2
1 2 42 225 8000 2
1 2 155 102 8000 2
1 2 96 149 8000 2
1 2 163 176 8000 2
1 2 165 193 8000 2
1 2 178 132 8000 2
1 2 24 39 8000 2
1 2 24 122 8000 2
1 2 99 220 8000 2
1 2 34 118 8000 2
1 2 171 58 8000 2
1 2 97 7 8000 2
1 2 241 61 8000 2
1 2 35 139 8000 2
1 2 181 64 8000 2
1 2 235 113 8000 2
1 2 34 40 8000 2
1 2 40 153 8000 2
1 2 47 253 8000 2
1 2 224 22 8000 2
1 2 204 250 8000 2
1 2 28 67 8000 2
1 2 199 188 8000 2
1 2 187 59 8000 2
1 2 201 100 8000 2
1 2 196 238 8000 2
1 2 191 88 8000 2
1 2 25 246 8000 2
1 2 50 203 8000 2
1 2 159 119 8000 2
1 2 109 254 8000 2
1 2 146 27 8000 2
1 2 145 71 10000 2
1 2 87 62 10000 2
1 2 213 103 10000 2
1 2 80 86 10000 2
1 2 126 79 10000 2
1 2 1 204 10000 2
1 2 237 238 10000 2
1 2 84 155 10000 2
1 2 241 168 10000 2
1 2 146 252 10000 2
1 2 9 98 10000 2
1 2 200 194 10000 2
1 2 48 124 10000 2
1 2 149 198 10000 2
1 2 146 150 10000 2
1 2 121 140 10000 2
1 2 88 146 10000 2
1 2 228 196 10000 2
1 2 71 6 10000 2
1 2 255 35 10000 2
1 2 81 24 10000 2
1 2 128 64 10000 2
1 2 28 123 10000 2
1 2 10 250 10000 2
1 2 133 117 10000 2
1 2 24 154 10000 2
1 2 154 112 10000 2
1 2 50 203 10000 2
1 2 82 144 10000 2
1 2 87 107 10000 2
1 2 244 112 10000 2
1 2 120 244 10000 2
1 2 19 223 10000 2
1 2 47 54 10000 2
1 2 209 140 10000 2
1 2 63 144 10000 2
1 2 96 220 10000 2
1 2 15 28 10000 2
1 2 224 118 10000 2
1 2 5 145 10000 2
1 2 110 108 10000 2
1 2 29 154 10000 2
1 2 25 60 10000 2
1 2 32 139 10000 2
1 2 71 230 10000 2
1 2 173 36 10000 2
1 2 192 61 10000 2
1 2 178 244 10000 2
