3 0 145 7 2000 2
3 0 107 152 2000 2
3 0 224 101 2000 2
3 0 155 189 2000 2
3 0 231 212 2000 2
3 0 208 136 2000 2
3 0 183 246 2000 2
3 0 164 91 2000 2
3 0 241 103 2000 2
3 0 16 252 2000 2
3 0 115 55 2000 2
3 0 128 139 2000 2
3 0 254 123 2000 2
3 0 5 75 2000 2
3 0 140 184 2000 2
3 0 169 179 2000 2
3 0 237 70 2000 2
3 0 141 211 2000 2
3 0 29 247 2000 2
3 0 49 152 2000 2
3 0 105 17 2000 2
3 0 170 250 2000 2
3 0 176 2 2000 2
3 0 41 99 2000 2
3 0 204 180 2000 2
3 0 76 163 2000 2
3 0 169 48 2000 2
3 0 73 161 2000 2
3 0 124 102 2000 2
3 0 134 142 2000 2
3 0 187 96 2000 2
3 0 10 61 2000 2
3 0 184 128 2000 2
3 0 124 169 2000 2
3 0 136 40 2000 2
3 0 74 192 2000 2
3 0 230 98 2000 2
3 0 116 18 2000 2
3 0 207 35 2000 2
3 0 43 40 2000 2
3 0 179 103 2000 2
3 0 66 141 2000 2
3 0 240 15 2000 2
3 0 40 55 2000 2
3 0 9 250 2000 2
3 0 92 133 2000 2
3 0 158 170 2000 2
3 0 184 10 2000 2
3 0 226 28 2000 2
3 0 5 12 2000 2
3 0 79 144 2000 2
3 0 124 31 2000 2
3 0 29 171 2000 2
3 0 165 181 2000 2
3 0 85 207 2000 2
3 0 240 16 2000 2
3 0 131 183 2000 2
3 0 55 241 2000 2
3 0 177 111 2000 2
3 0 81 108 2000 2
3 0 96 49 2000 2
3 0 167 20 2000 2
3 0 222 227 2000 2
3 0 27 39 2000 2
3 0 166 186 2000 2
3 0 210 224 2000 2
3 0 19 45 2000 2
3 0 158 234 2000 2
3 0 32 187 2000 2
3 0 81 157 2000 2
3 0 67 95 2000 2
3 0 88 96 2000 2
3 0 247 14 2000 2
3 0 127 110 2000 2
3 0 220 143 2000 2
3 0 101 18 2000 2
3 0 207 122 2000 2
3 0 136 50 4000 2
3 0 31 190 4000 2
3 0 116 227 4000 2
3 0 6 171 4000 2
3 0 245 84 4000 2
3 0 101 75 4000 2
3 0 159 27 4000 2
3 0 150 192 4000 2
3 0 106 255 4000 2
3 0 128 109 4000 2
3 0 162 125 4000 2
3 0 159 70 4000 2
3 0 247 29 4000 2
3 0 29 238 4000 2
3 0 33 158 4000 2
3 0 108 147 4000 2
3 0 93 122 4000 2
3 0 108 243 4000 2
3 0 117 233 4000 2
3 0 113 5 4000 2
3 0 17 15 4000 2
3 0 168 94 4000 2
3 0 128 111 4000 2
3 0 254 8 4000 2
3 0 248 38 4000 2
3 0 33 214 4000 2
3 0 53 46 4000 2
3 0 211 154 4000 2
3 0 120 195 4000 2
3 0 201 134 4000 2
3 0 6 123 4000 2
3 0 56 169 4000 2
3 0 56 158 4000 2
3 0 191 8 4000 2
3 0 8 198 4000 2
3 0 102 40 4000 2
3 0 134 1 4000 2
3 0 250 186 4000 2
3 0 231 20 4000 2
3 0 33 7 4000 2
3 0 68 166 4000 2
3 0 99 110 4000 2
3 0 211 67 4000 2
3 0 6 67 4000 2
3 0 44 143 4000 2
3 0 246 167 4000 2
3 0 23 123 4000 2
3 0 129 201 4000 2
3 0 76 230 4000 2
3 0 193 191 4000 2
3 0 203 87 4000 2
3 0 134 179 4000 2
3 0 122 59 4000 2
3 0 153 170 4000 2
3 0 215 19 4000 2
3 0 187 217 4000 2
3 0 186 228 4000 2
3 0 94 213 4000 2
3 0 107 81 4000 2
3 0 9 40 4000 2
3 0 86 158 4000 2
3 0 7 228 4000 2
3 0 8 231 4000 2
3 0 120 104 4000 2
3 0 183 155 4000 2
3 0 114 99 4000 2
3 0 173 21 4000 2
3 0 252 35 4000 2
3 0 99 100 4000 2
3 0 6 20 4000 2
3 0 12 86 4000 2
3 0 230 145 4000 2
3 0 185 169 4000 2
3 0 214 47 4000 2
3 0 8 112 4000 2
3 0 20 24 4000 2
3 0 211 37 4000 2
3 0 82 214 4000 2
3 0 52 21 4000 2
3 0 38 62 4000 2
3 0 249 110 4000 2
3 0 174 183 4000 2
3 0 230 193 4000 2
3 0 141 23 4000 2
3 0 185 162 4000 2
3 0 161 28 4000 2
3 0 105 202 4000 2
3 0 149 197 4000 2
3 0 152 18 4000 2
3 0 158 214 6000 2
3 0 72 247 6000 2
3 0 225 46 6000 2
3 0 222 197 6000 2
3 0 231 108 6000 2
3 0 12 235 6000 2
3 0 24 246 6000 2
3 0 246 44 6000 2
3 0 121 247 6000 2
3 0 95 50 6000 2
3 0 106 101 6000 2
3 0 227 172 6000 2
3 0 200 38 6000 2
3 0 224 154 6000 2
3 0 183 89 6000 2
3 0 12 24 6000 2
3 0 217 28 6000 2
3 0 33 63 6000 2
3 0 156 136 6000 2
3 0 188 99 6000 2
3 0 196 59 6000 2
3 0 15 106 6000 2
3 0 251 19 6000 2
3 0 233 33 6000 2
3 0 59 94 6000 2
3 0 43 42 6000 2
3 0 37 139 6000 2
3 0 220 96 6000 2
3 0 22 49 6000 2
3 0 252 175 6000 2
3 0 4 42 6000 2
3 0 184 89 6000 2
3 0 11 27 6000 2
3 0 120 69 6000 2
3 0 241 114 6000 2
3 0 236 52 6000 2
3 0 109 218 6000 2
3 0 130 174 6000 2
3 0 208 71 6000 2
3 0 213 47 6000 2
3 0 190 138 6000 2
3 0 123 122 6000 2
3 0 176 219 6000 2
3 0 81 35 6000 2
3 0 10 172 6000 2
3 0 214 67 6000 2
3 0 192 227 6000 2
3 0 186 1 6000 2
3 0 193 134 6000 2
3 0 82 153 6000 2
3 0 196 224 6000 2
3 0 130 218 6000 2
3 0 247 36 6000 2
3 0 233 113 6000 2
3 0 126 0 6000 2
3 0 12 113 6000 2
3 0 85 33 6000 2
3 0 218 149 6000 2
3 0 25 58 6000 2
3 0 114 18 6000 2
3 0 226 162 6000 2
3 0 216 25 6000 2
3 0 103 62 6000 2
3 0 120 178 6000 2
3 0 170 149 6000 2
3 0 176 233 6000 2
3 0 31 19 6000 2
3 0 190 193 6000 2
3 0 61 170 6000 2
3 0 33 177 6000 2
3 0 146 51 6000 2
3 0 235 85 6000 2
3 0 158 172 6000 2
3 0 117 70 6000 2
3 0 160 254 6000 2
3 0 61 60 6000 2
3 0 67 84 8000 2
3 0 78 37 8000 2
3 0 15 35 8000 2
3 0 156 91 8000 2
3 0 16 168 8000 2
3 0 249 188 8000 2
3 0 199 189 8000 2
3 0 74 219 8000 2
3 0 49 10 8000 2
3 0 234 73 8000 2
3 0 199 158 8000 2
3 0 158 240 8000 2
3 0 197 174 8000 2
3 0 216 15 8000 2
3 0 32 173 8000 2
3 0 11 177 8000 2
3 0 170 235 8000 2
3 0 237 0 8000 2
3 0 216 237 8000 2
3 0 43 99 8000 2
3 0 49 66 8000 2
3 0 139 229 8000 2
3 0 229 201 8000 2
3 0 141 203 8000 2
3 0 54 45 8000 2
3 0 240 250 8000 2
3 0 206 200 8000 2
3 0 21 134 8000 2
3 0 6 115 8000 2
3 0 210 84 8000 2
3 0 118 229 8000 2
3 0 44 226 8000 2
3 0 45 141 8000 2
3 0 1 255 8000 2
3 0 85 24 8000 2
3 0 0 255 8000 2
3 0 202 102 8000 2
3 0 37 244 8000 2
3 0 147 229 8000 2
3 0 113 182 8000 2
3 0 141 48 8000 2
3 0 38 101 8000 2
3 0 217 198 8000 2
3 0 30 213 8000 2
3 0 248 38 8000 2
3 0 200 201 8000 2
3 0 146 228 8000 2
3 0 100 188 8000 2
3 0 144 163 8000 2
3 0 221 230 8000 2
3 0 35 183 8000 2
3 0 230 7 8000 2
3 0 73 35 8000 2
3 0 152 127 8000 2
3 0 184 240 8000 2
3 0 136 127 8000 2
3 0 234 34 8000 2
3 0 131 107 8000 2
3 0 187 240 8000 2
3 0 66 49 8000 2
3 0 163 242 8000 2
3 0 199 225 10000 2
3 0 148 92 10000 2
3 0 181 132 10000 2
3 0 3 229 10000 2
3 0 35 67 10000 2
3 0 147 98 10000 2
3 0 67 230 10000 2
3 0 79 3 10000 2
3 0 237 22 10000 2
3 0 142 78 10000 2
3 0 209 60 10000 2
3 0 210 124 10000 2
3 0 16 18 10000 2
3 0 67 243 10000 2
3 0 65 195 10000 2
3 0 193 223 10000 2
3 0 81 14 10000 2
3 0 6 216 10000 2
3 0 70 194 10000 2
3 0 81 36 10000 2
3 0 247 255 10000 2
3 0 117 80 10000 2
3 0 96 185 10000 2
3 0 52 69 10000 2
3 0 94 44 10000 2
3 0 234 183 10000 2
3 0 8 43 10000 2
3 0 196 188 10000 2
3 0 152 191 10000 2
3 0 35 83 10000 2
3 0 183 162 10000 2
3 0 4 14 10000 2
3 0 154 184 10000 2
3 0 151 211 10000 2
3 0 55 141 10000 2
3 0 121 226 10000 2
3 0 232 74 10000 2
3 0 58 8 10000 2
3 0 28 31 10000 2
3 0 14 77 10000 2
3 0 50 35 10000 2
3 0 102 237 10000 2
3 0 75 244 10000 2
3 0 134 207 10000 2
3 0 230 142 10000 2
3 0 241 104 10000 2
3 0 170 125 10000 2
3 0 36 194 10000 2
3 0 246 124 10000 2
3 0 61 197 10000 2
3 0 206 58 10000 2
3 0 20 84 10000 2
3 0 47 78 10000 2
3 0 42 178 10000 2
3 0 97 108 10000 2
3 0 231 62 10000 2
3 0 107 246 10000 2
3 0 251 19 10000 2
3 0 138 243 10000 2
3 0 213 201 10000 2
3 0 36 215 10000 2
3 0 252 116 10000 2
3 0 64 56 10000 2
3 0 206 42 10000 2
3 0 205 143 10000 2
3 0 39 131 10000 2
3 0 173 255 10000 2
3 0 204 99 10000 2
3 0 98 57 10000 2
3 0 99 88 10000 2
3 0 8 19 10000 2
3 0 249 5 10000 2
3 0 212 109 10000 2
3 0 194 221 10000 2
3 0 249 119 10000 2
3 0 102 64 10000 2
3 0 161 253 10000 2
3 0 38 161 10000 2
3 0 198 116 10000 2
3 0 130 237 10000 2
3 0 81 185 10000 2
3 0 1 154 10000 2
3 0 219 18 10000 2
3 0 222 63 10000 2
3 0 171 130 10000 2
3 0 200 154 10000 2
3 0 196 140 10000 2
3 0 85 182 10000 2
