2 3 172 218 2000 2
2 3 211 72 2000 2
2 3 26 226 2000 2
2 3 215 132 2000 2
2 3 226 175 2000 2
2 3 254 138 2000 2
2 3 105 112 2000 2
2 3 127 132 2000 2
2 3 184 14 2000 2
2 3 210 145 2000 2
2 3 25 15 2000 2
2 3 0 100 2000 2
2 3 167 76 2000 2
2 3 225 228 2000 2
2 3 26 113 2000 2
2 3 253 135 2000 2
2 3 233 113 2000 2
2 3 39 150 2000 2
2 3 1 197 2000 2
2 3 137 185 2000 2
2 3 96 135 2000 2
2 3 54 221 2000 2
2 3 36 254 2000 2
2 3 211 166 2000 2
2 3 188 110 2000 2
2 3 209 224 2000 2
2 3 204 176 2000 2
2 3 169 17 2000 2
2 3 27 145 2000 2
2 3 214 132 2000 2
2 3 38 200 2000 2
2 3 9 255 2000 2
2 3 139 9 2000 2
2 3 122 114 2000 2
2 3 183 187 2000 2
2 3 239 60 2000 2
2 3 21 97 2000 2
2 3 99 30 2000 2
2 3 128 204 2000 2
2 3 132 182 2000 2
2 3 229 246 2000 2
2 3 218 155 2000 2
2 3 97 111 2000 2
2 3 165 187 2000 2
2 3 126 193 2000 2
2 3 27 193 2000 2
2 3 20 0 2000 2
2 3 65 94 2000 2
2 3 96 235 2000 2
2 3 127 195 2000 2
2 3 25 155 2000 2
2 3 253 207 2000 2
2 3 113 208 2000 2
2 3 246 57 2000 2
2 3 25 110 2000 2
2 3 72 212 2000 2
2 3 55 142 2000 2
2 3 111 74 2000 2
2 3 101 222 2000 2
2 3 153 197 2000 2
2 3 79 2 2000 2
2 3 74 6 2000 2
2 3 134 124 2000 2
2 3 226 163 2000 2
2 3 50 132 2000 2
2 3 222 63 2000 2
2 3 221 218 2000 2
2 3 86 112 2000 2
2 3 83 11 2000 2
2 3 136 39 2000 2
2 3 5 234 2000 2
2 3 27 242 2000 2
2 3 118 182 2000 2
2 3 236 59 4000 2
2 3 98 252 4000 2
2 3 244 4 4000 2
2 3 219 223 4000 2
2 3 204 9 4000 2
2 3 250 135 4000 2
2 3 154 29 4000 2
2 3 177 10 4000 2
2 3 43 127 4000 2
2 3 198 65 4000 2
2 3 70 223 4000 2
2 3 145 155 4000 2
2 3 236 219 4000 2
2 3 197 199 4000 2
2 3 151 90 4000 2
2 3 124 167 4000 2
2 3 255 31 4000 2
2 3 254 49 4000 2
2 3 100 72 4000 2
2 3 73 97 4000 2
2 3 237 193 4000 2
2 3 12 238 4000 2
2 3 142 127 4000 2
2 3 244 138 4000 2
2 3 218 74 4000 2
2 3 69 50 4000 2
2 3 95 90 4000 2
2 3 63 150 4000 2
2 3 90 235 4000 2
2 3 165 249 4000 2
2 3 95 76 4000 2
2 3 241 148 4000 2
2 3 171 31 4000 2
2 3 29 17 4000 2
2 3 94 118 4000 2
2 3 221 174 4000 2
2 3 97 88 4000 2
2 3 106 38 4000 2
2 3 156 27 4000 2
2 3 117 88 4000 2
2 3 81 20 4000 2
2 3 19 4 4000 2
2 3 97 51 4000 2
2 3 136 97 4000 2
2 3 209 17 4000 2
2 3 40 133 4000 2
2 3 192 12 4000 2
2 3 217 197 4000 2
2 3 201 240 4000 2
2 3 173 175 4000 2
2 3 134 65 4000 2
2 3 204 231 4000 2
2 3 222 37 4000 2
2 3 172 202 4000 2
2 3 9 75 4000 2
2 3 33 241 4000 2
2 3 145 148 4000 2
2 3 234 59 4000 2
2 3 245 26 4000 2
2 3 229 127 4000 2
2 3 219 253 4000 2
2 3 26 117 4000 2
2 3 108 195 4000 2
2 3 62 65 4000 2
2 3 109 97 4000 2
2 3 19 128 4000 2
2 3 24 227 4000 2
2 3 204 143 4000 2
2 3 174 215 4000 2
2 3 57 203 4000 2
2 3 90 10 4000 2
2 3 81 239 4000 2
2 3 28 128 4000 2
2 3 238 19 4000 2
2 3 89 21 4000 2
2 3 63 1 6000 2
2 3 8 73 6000 2
2 3 55 173 6000 2
2 3 234 151 6000 2
2 3 148 90 6000 2
2 3 31 52 6000 2
2 3 115 174 6000 2
2 3 87 80 6000 2
2 3 211 77 6000 2
2 3 95 236 6000 2
2 3 218 29 6000 2
2 3 67 108 6000 2
2 3 88 113 6000 2
2 3 214 171 6000 2
2 3 69 86 6000 2
2 3 242 0 6000 2
2 3 49 186 6000 2
2 3 24 179 6000 2
2 3 30 81 6000 2
2 3 156 238 6000 2
2 3 187 29 6000 2
2 3 127 159 6000 2
2 3 109 225 6000 2
2 3 94 38 6000 2
2 3 94 88 6000 2
2 3 57 64 6000 2
2 3 214 51 6000 2
2 3 84 150 6000 2
2 3 216 80 6000 2
2 3 238 176 6000 2
2 3 200 167 6000 2
2 3 203 157 6000 2
2 3 221 41 6000 2
2 3 6 131 6000 2
2 3 244 214 6000 2
2 3 48 101 6000 2
2 3 146 20 6000 2
2 3 88 198 6000 2
2 3 217 150 6000 2
2 3 211 27 6000 2
2 3 135 189 6000 2
2 3 243 248 6000 2
2 3 209 29 6000 2
2 3 60 54 6000 2
2 3 69 56 6000 2
2 3 86 40 6000 2
2 3 83 3 6000 2
2 3 94 195 6000 2
2 3 208 29 6000 2
2 3 111 234 6000 2
2 3 28 236 6000 2
2 3 185 246 6000 2
2 3 138 201 6000 2
2 3 172 75 6000 2
2 3 49 96 6000 2
2 3 64 147 6000 2
2 3 227 185 6000 2
2 3 156 100 6000 2
2 3 94 166 6000 2
2 3 63 67 6000 2
2 3 166 136 6000 2
2 3 73 121 6000 2
2 3 4 17 6000 2
2 3 40 138 6000 2
2 3 39 245 6000 2
2 3 14 39 6000 2
2 3 179 45 6000 2
2 3 139 37 6000 2
2 3 96 158 6000 2
2 3 176 161 6000 2
2 3 190 199 6000 2
2 3 253 105 6000 2
2 3 194 129 6000 2
2 3 147 131 6000 2
2 3 248 104 6000 2
2 3 148 18 8000 2
2 3 98 75 8000 2
2 3 208 238 8000 2
2 3 72 21 8000 2
2 3 86 59 8000 2
2 3 107 88 8000 2
2 3 236 34 8000 2
2 3 220 188 8000 2
2 3 187 189 8000 2
2 3 147 207 8000 2
2 3 35 237 8000 2
2 3 121 94 8000 2
2 3 91 198 8000 2
2 3 208 10 8000 2
2 3 132 52 8000 2
2 3 204 45 8000 2
2 3 76 53 8000 2
2 3 113 80 8000 2
2 3 67 133 8000 2
2 3 167 39 8000 2
2 3 166 122 8000 2
2 3 167 246 8000 2
2 3 28 94 8000 2
2 3 22 249 8000 2
2 3 111 124 8000 2
2 3 19 190 8000 2
2 3 59 152 8000 2
2 3 163 199 8000 2
2 3 22 44 8000 2
2 3 195 112 8000 2
2 3 248 78 8000 2
2 3 194 149 8000 2
2 3 157 215 8000 2
2 3 91 87 8000 2
2 3 204 95 8000 2
2 3 97 0 8000 2
2 3 117 208 8000 2
2 3 216 165 8000 2
2 3 164 10 8000 2
2 3 148 207 8000 2
2 3 12 158 8000 2
2 3 70 227 8000 2
2 3 247 24 8000 2
2 3 89 217 8000 2
2 3 89 214 8000 2
2 3 155 47 8000 2
2 3 245 160 8000 2
2 3 71 75 8000 2
2 3 134 153 8000 2
2 3 223 55 8000 2
2 3 21 80 8000 2
2 3 128 93 8000 2
2 3 95 178 8000 2
2 3 136 254 8000 2
2 3 191 198 8000 2
2 3 199 252 8000 2
2 3 117 207 8000 2
2 3 222 26 8000 2
2 3 251 207 8000 2
2 3 1 213 8000 2
2 3 56 245 8000 2
2 3 235 221 8000 2
2 3 46 79 8000 2
2 3 144 100 8000 2
2 3 197 239 8000 2
2 3 236 134 8000 2
2 3 229 81 8000 2
2 3 106 209 8000 2
2 3 199 121 8000 2
2 3 119 21 8000 2
2 3 122 232 8000 2
2 3 181 74 8000 2
2 3 232 251 8000 2
2 3 115 72 8000 2
2 3 157 4 8000 2
2 3 100 128 8000 2
2 3 219 205 8000 2
2 3 67 98 10000 2
2 3 190 210 10000 2
2 3 1 203 10000 2
2 3 90 165 10000 2
2 3 155 243 10000 2
2 3 227 30 10000 2
2 3 138 33 10000 2
2 3 31 20 10000 2
2 3 161 21 10000 2
2 3 246 233 10000 2
2 3 74 40 10000 2
2 3 64 199 10000 2
2 3 58 215 10000 2
2 3 31 197 10000 2
2 3 6 52 10000 2
2 3 2 125 10000 2
2 3 13 198 10000 2
2 3 231 214 10000 2
2 3 219 162 10000 2
2 3 189 191 10000 2
2 3 114 3 10000 2
2 3 179 3 10000 2
2 3 237 157 10000 2
2 3 42 31 10000 2
2 3 138 143 10000 2
2 3 82 94 10000 2
2 3 189 143 10000 2
2 3 113 152 10000 2
2 3 105 24 10000 2
2 3 225 23 10000 2
2 3 10 9 10000 2
2 3 66 97 10000 2
2 3 126 13 10000 2
2 3 218 20 10000 2
2 3 37 84 10000 2
2 3 99 67 10000 2
2 3 224 138 10000 2
2 3 142 185 10000 2
2 3 33 148 10000 2
2 3 180 9 10000 2
2 3 108 171 10000 2
2 3 76 107 10000 2
2 3 168 91 10000 2
2 3 104 47 10000 2
2 3 161 105 10000 2
2 3 101 115 10000 2
2 3 95 201 10000 2
2 3 2 176 10000 2
2 3 90 202 10000 2
2 3 80 221 10000 2
2 3 109 230 10000 2
2 3 50 103 10000 2
2 3 7 19 10000 2
2 3 18 157 10000 2
2 3 178 56 10000 2
2 3 174 59 10000 2
2 3 118 34 10000 2
2 3 175 202 10000 2
2 3 30 190 10000 2
2 3 6 222 10000 2
2 3 230 11 10000 2
2 3 187 177 10000 2
2 3 201 32 10000 2
2 3 202 53 10000 2
2 3 231 194 10000 2
2 3 157 206 10000 2
2 3 250 116 10000 2
2 3 243 253 10000 2
2 3 204 52 10000 2
2 3 22 223 10000 2
2 3 192 95 10000 2
2 3 73 140 10000 2
2 3 39 167 10000 2
2 3 205 33 10000 2
