2 15 61 43 6000 2
2 15 47 52 6000 2
9 15 25 57 6000 2
7 15 50 22 4000 2
7 15 58 44 6000 2
1 15 36 34 6000 2
1 15 3 8 8000 2
13 15 44 8 6000 2
13 15 8 42 8000 2
13 15 56 0 10000 2
5 15 24 7 2000 2
5 15 25 20 6000 2
3 15 2 6 4000 2
12 15 20 48 2000 2
12 15 55 12 2000 2
12 15 26 55 4000 2
12 15 18 32 4000 2
12 15 29 56 4000 2
12 15 6 46 4000 2
14 15 11 32 2000 2
8 15 44 7 2000 2
11 15 47 2 2000 2
11 15 47 7 2000 2
11 15 16 25 6000 2
11 15 58 17 8000 2
10 15 16 8 2000 2
10 15 54 51 2000 2
10 15 22 41 4000 2
10 15 16 12 6000 2
