2 3 184 171 2000 2
0 3 105 209 2000 2
2 3 31 162 2000 2
0 3 89 33 2000 2
2 3 177 166 2000 2
0 3 93 71 2000 2
2 3 218 246 2000 2
2 3 72 192 2000 2
2 3 170 116 2000 2
0 3 75 76 2000 2
0 3 188 40 2000 2
0 3 39 77 2000 2
2 3 93 97 2000 2
0 3 251 221 2000 2
0 3 15 29 2000 2
0 3 31 48 2000 2
2 3 38 57 2000 2
0 3 119 167 2000 2
2 3 166 54 2000 2
2 3 41 76 2000 2
0 3 249 123 2000 2
2 3 191 169 2000 2
0 3 32 52 2000 2
0 3 110 139 2000 2
2 3 18 216 2000 2
0 3 246 151 2000 2
0 3 162 234 2000 2
2 3 211 91 2000 2
0 3 25 118 2000 2
2 3 108 63 4000 2
2 3 215 1 4000 2
2 3 18 186 4000 2
0 3 44 145 4000 2
0 3 240 248 4000 2
2 3 156 16 4000 2
2 3 97 173 4000 2
2 3 138 225 4000 2
0 3 156 44 4000 2
0 3 180 84 4000 2
0 3 201 34 4000 2
0 3 179 186 4000 2
0 3 176 67 4000 2
0 3 45 232 4000 2
0 3 15 230 4000 2
0 3 195 231 4000 2
0 3 161 114 4000 2
2 3 88 172 4000 2
0 3 5 215 6000 2
0 3 37 56 6000 2
2 3 184 20 4000 2
2 3 106 95 4000 2
0 3 120 33 6000 2
2 3 222 100 4000 2
2 3 130 24 4000 2
0 3 76 104 6000 2
2 3 82 61 4000 2
2 3 15 238 4000 2
0 3 106 207 6000 2
2 3 38 154 4000 2
2 3 254 90 4000 2
0 3 153 91 6000 2
2 3 63 175 4000 2
2 3 49 164 6000 2
0 3 228 0 6000 2
2 3 126 95 6000 2
2 3 33 60 6000 2
0 3 82 18 6000 2
2 3 240 147 6000 2
2 3 31 229 6000 2
0 3 78 147 6000 2
0 3 119 246 6000 2
2 3 40 94 6000 2
2 3 137 181 6000 2
2 3 148 137 6000 2
2 3 149 20 6000 2
2 3 49 17 6000 2
0 3 55 159 8000 2
2 3 152 6 6000 2
0 3 166 68 8000 2
0 3 116 80 8000 2
0 3 226 77 8000 2
0 3 4 83 8000 2
0 3 252 61 8000 2
0 3 224 128 8000 2
2 3 229 172 6000 2
2 3 196 25 6000 2
2 3 6 117 6000 2
2 3 36 235 6000 2
2 3 20 84 6000 2
2 3 234 174 6000 2
0 3 243 63 8000 2
0 3 21 3 8000 2
0 3 144 174 8000 2
0 3 58 77 8000 2
0 3 255 66 8000 2
0 3 105 217 8000 2
0 3 58 223 8000 2
2 3 224 83 8000 2
0 3 194 183 8000 2
0 3 66 126 8000 2
0 3 40 154 8000 2
0 3 151 215 8000 2
2 3 195 139 8000 2
2 3 64 56 8000 2
2 3 222 135 8000 2
0 3 187 238 8000 2
2 3 222 10 8000 2
2 3 227 76 8000 2
0 3 83 162 8000 2
0 3 30 157 10000 2
0 3 29 157 10000 2
0 3 148 107 10000 2
0 3 83 240 10000 2
0 3 75 237 10000 2
0 3 129 245 10000 2
0 3 87 43 10000 2
0 3 32 110 10000 2
0 3 31 24 10000 2
0 3 217 113 10000 2
0 3 55 49 10000 2
0 3 192 218 10000 2
0 3 211 52 10000 2
0 3 94 202 10000 2
0 3 73 217 10000 2
2 3 180 193 8000 2
2 3 153 210 8000 2
2 3 192 200 8000 2
2 3 109 165 8000 2
2 3 145 28 8000 2
2 3 234 191 8000 2
2 3 179 103 10000 2
2 3 7 62 10000 2
2 3 202 251 10000 2
2 3 131 76 10000 2
2 3 134 244 10000 2
2 3 49 117 10000 2
2 3 4 145 10000 2
2 3 233 50 10000 2
2 3 105 241 10000 2
1 3 142 102 2000 2
1 3 208 1 2000 2
1 3 132 139 2000 2
1 3 97 235 2000 2
1 3 221 30 2000 2
1 3 179 89 2000 2
1 3 69 221 2000 2
1 3 182 144 2000 2
1 3 215 238 2000 2
1 3 197 234 2000 2
1 3 97 93 2000 2
1 3 253 1 2000 2
1 3 254 0 2000 2
1 3 248 46 2000 2
1 3 184 193 2000 2
1 3 67 243 2000 2
1 3 132 248 2000 2
1 3 163 215 2000 2
1 3 52 215 2000 2
1 3 9 235 2000 2
1 3 119 166 2000 2
1 3 63 174 4000 2
1 3 85 118 4000 2
1 3 230 137 4000 2
1 3 17 39 4000 2
1 3 235 72 4000 2
1 3 145 27 4000 2
1 3 134 121 4000 2
1 3 91 201 4000 2
1 3 124 51 4000 2
1 3 16 97 4000 2
1 3 188 99 4000 2
1 3 50 117 4000 2
1 3 127 34 4000 2
1 3 122 81 4000 2
1 3 92 84 6000 2
1 3 44 187 6000 2
1 3 28 184 6000 2
1 3 213 58 6000 2
1 3 55 56 6000 2
1 3 234 229 6000 2
1 3 12 158 6000 2
1 3 104 88 6000 2
1 3 8 254 6000 2
1 3 8 142 6000 2
1 3 67 245 6000 2
1 3 9 129 6000 2
1 3 89 171 6000 2
1 3 67 94 8000 2
1 3 1 183 8000 2
1 3 72 47 8000 2
1 3 31 104 8000 2
1 3 207 178 8000 2
1 3 182 65 8000 2
1 3 196 26 8000 2
1 3 153 151 8000 2
1 3 230 28 8000 2
1 3 14 142 8000 2
1 3 121 97 8000 2
1 3 43 142 8000 2
1 3 49 153 10000 2
1 3 242 131 10000 2
1 3 66 95 10000 2
1 3 206 66 10000 2
1 3 225 255 10000 2
1 3 234 152 10000 2
1 3 172 23 10000 2
1 3 155 150 10000 2
1 3 255 113 10000 2
