2 0 133 247 2000 2
2 0 144 103 2000 2
2 0 92 253 2000 2
2 0 61 189 2000 2
2 0 89 119 2000 2
2 0 44 69 2000 2
2 0 105 115 2000 2
2 0 166 219 2000 2
2 0 210 12 2000 2
2 0 229 105 2000 2
2 0 35 47 2000 2
2 0 223 29 2000 2
2 0 34 239 2000 2
2 0 204 3 4000 2
2 0 137 94 4000 2
2 0 219 61 4000 2
2 0 216 120 4000 2
2 0 198 189 6000 2
2 0 56 47 6000 2
2 0 220 24 6000 2
2 0 94 124 6000 2
2 0 170 234 6000 2
2 0 229 62 6000 2
2 0 47 240 6000 2
2 0 160 95 6000 2
2 0 42 68 6000 2
2 0 169 188 6000 2
2 0 138 35 6000 2
2 0 137 34 6000 2
2 0 142 126 6000 2
2 0 172 73 6000 2
2 0 103 140 6000 2
2 0 135 96 6000 2
2 0 68 52 8000 2
2 0 229 131 8000 2
2 0 254 44 8000 2
2 0 194 143 8000 2
2 0 47 115 8000 2
2 0 8 149 8000 2
2 0 76 213 8000 2
2 0 52 214 8000 2
2 0 225 236 8000 2
2 0 254 155 10000 2
2 0 164 116 10000 2
2 0 243 24 10000 2
2 0 81 122 10000 2
2 0 17 209 10000 2
2 0 217 40 10000 2
2 0 253 91 10000 2
2 0 110 113 10000 2
2 0 118 24 10000 2
2 0 240 238 10000 2
2 0 43 172 10000 2
3 0 153 102 2000 2
3 0 47 69 2000 2
3 0 90 190 2000 2
3 0 95 115 2000 2
3 0 87 151 2000 2
3 0 126 123 2000 2
3 0 214 219 2000 2
3 0 231 212 2000 2
3 0 179 176 2000 2
3 0 113 173 2000 2
3 0 64 218 2000 2
3 0 66 35 2000 2
3 0 192 108 2000 2
3 0 150 134 2000 2
3 0 79 113 2000 2
3 0 254 195 2000 2
3 0 147 81 2000 2
3 0 28 53 2000 2
3 0 46 127 2000 2
3 0 212 68 4000 2
3 0 76 39 4000 2
3 0 15 32 4000 2
3 0 5 85 4000 2
3 0 27 74 4000 2
3 0 110 147 4000 2
3 0 105 163 4000 2
3 0 239 135 4000 2
3 0 226 1 4000 2
3 0 154 185 6000 2
3 0 178 242 6000 2
3 0 161 2 6000 2
3 0 10 102 6000 2
3 0 254 212 6000 2
3 0 142 97 6000 2
3 0 39 133 6000 2
3 0 104 252 6000 2
3 0 58 206 6000 2
3 0 62 5 6000 2
3 0 1 7 6000 2
3 0 42 71 8000 2
3 0 60 220 8000 2
3 0 178 55 8000 2
3 0 73 143 8000 2
3 0 219 230 8000 2
3 0 121 43 8000 2
3 0 81 188 8000 2
3 0 190 227 8000 2
3 0 20 142 8000 2
3 0 108 205 8000 2
3 0 192 147 8000 2
3 0 116 83 8000 2
3 0 158 243 8000 2
3 0 15 185 8000 2
3 0 141 212 8000 2
3 0 177 81 10000 2
3 0 187 108 10000 2
3 0 234 39 10000 2
3 0 11 13 10000 2
3 0 66 194 10000 2
3 0 78 89 10000 2
3 0 132 240 10000 2
3 0 48 97 10000 2
3 0 136 227 10000 2
3 0 113 172 10000 2
3 0 109 119 10000 2
1 0 188 132 2000 2
1 0 241 160 2000 2
1 0 203 10 2000 2
1 0 157 74 2000 2
1 0 160 120 2000 2
1 0 169 233 2000 2
1 0 193 144 2000 2
1 0 38 114 2000 2
1 0 141 207 2000 2
1 0 207 110 2000 2
1 0 118 19 2000 2
1 0 56 159 2000 2
1 0 213 113 2000 2
1 0 142 152 2000 2
1 0 81 20 4000 2
1 0 244 39 4000 2
1 0 140 204 4000 2
1 0 193 210 4000 2
1 0 102 84 4000 2
1 0 156 172 4000 2
1 0 6 209 4000 2
1 0 106 122 4000 2
1 0 30 66 4000 2
1 0 102 158 4000 2
1 0 157 183 4000 2
1 0 93 23 4000 2
1 0 81 106 4000 2
1 0 151 111 6000 2
1 0 13 32 6000 2
1 0 46 69 6000 2
1 0 174 130 8000 2
1 0 165 50 8000 2
1 0 130 234 8000 2
1 0 51 37 8000 2
1 0 252 153 8000 2
1 0 227 108 8000 2
1 0 180 92 8000 2
1 0 193 216 8000 2
1 0 24 160 8000 2
1 0 204 69 8000 2
1 0 91 148 8000 2
1 0 218 85 8000 2
1 0 109 179 10000 2
1 0 215 210 10000 2
1 0 83 135 10000 2
1 0 138 194 10000 2
1 0 153 176 10000 2
1 0 166 3 10000 2
1 0 91 177 10000 2
1 0 164 125 10000 2
1 0 13 9 10000 2
1 0 144 189 10000 2
1 0 59 129 10000 2
1 0 245 207 10000 2
