0 2 152 222 2000 2
0 2 78 92 2000 2
0 2 11 174 2000 2
0 2 174 229 2000 2
0 2 102 162 2000 2
0 2 164 73 2000 2
0 2 204 214 2000 2
0 2 36 212 2000 2
0 2 139 131 2000 2
0 2 141 132 2000 2
0 2 129 70 2000 2
0 2 55 39 4000 2
0 2 105 86 4000 2
0 2 161 199 4000 2
0 2 243 70 4000 2
0 2 94 44 4000 2
0 2 97 178 4000 2
0 2 172 65 4000 2
0 2 45 227 4000 2
0 2 251 205 4000 2
0 2 227 64 4000 2
0 2 186 181 4000 2
0 2 147 194 4000 2
0 2 26 245 4000 2
0 2 211 197 4000 2
0 2 166 206 4000 2
0 2 217 67 6000 2
0 2 94 180 6000 2
0 2 225 33 6000 2
0 2 138 6 6000 2
0 2 59 135 6000 2
0 2 82 124 6000 2
0 2 173 36 6000 2
0 2 127 143 6000 2
0 2 3 227 6000 2
0 2 194 199 6000 2
0 2 168 129 6000 2
0 2 159 61 6000 2
0 2 211 142 8000 2
0 2 56 95 8000 2
0 2 85 179 8000 2
0 2 154 135 8000 2
0 2 198 8 8000 2
0 2 96 154 8000 2
0 2 73 246 8000 2
0 2 84 6 8000 2
0 2 80 22 8000 2
0 2 106 219 10000 2
0 2 79 209 10000 2
0 2 23 166 10000 2
0 2 204 55 10000 2
0 2 238 151 10000 2
0 2 113 101 10000 2
0 2 127 199 10000 2
0 2 141 119 10000 2
0 2 13 19 10000 2
0 2 45 7 10000 2
0 2 43 246 10000 2
0 2 83 31 10000 2
0 2 18 209 10000 2
3 2 188 214 2000 2
3 2 246 169 2000 2
3 2 65 239 2000 2
3 2 51 232 2000 2
3 2 156 245 2000 2
3 2 241 138 2000 2
3 2 210 75 2000 2
3 2 24 152 2000 2
3 2 188 103 4000 2
3 2 153 247 4000 2
3 2 47 50 4000 2
3 2 74 251 4000 2
3 2 22 113 4000 2
3 2 42 17 4000 2
3 2 189 229 4000 2
3 2 42 92 4000 2
3 2 111 23 4000 2
3 2 185 186 4000 2
3 2 127 118 6000 2
3 2 62 254 6000 2
3 2 203 10 6000 2
3 2 111 171 6000 2
3 2 138 189 6000 2
3 2 45 235 6000 2
3 2 93 162 6000 2
3 2 208 169 6000 2
3 2 246 187 6000 2
3 2 6 98 6000 2
3 2 192 225 6000 2
3 2 180 168 6000 2
3 2 11 64 6000 2
3 2 100 247 6000 2
3 2 86 81 6000 2
3 2 235 64 6000 2
3 2 53 208 6000 2
3 2 84 97 6000 2
3 2 225 99 6000 2
3 2 141 99 6000 2
3 2 163 227 6000 2
3 2 252 49 8000 2
3 2 146 109 8000 2
3 2 9 132 8000 2
3 2 167 31 8000 2
3 2 10 150 8000 2
3 2 20 5 8000 2
3 2 235 251 8000 2
3 2 156 183 10000 2
3 2 181 66 10000 2
3 2 134 80 10000 2
3 2 177 178 10000 2
3 2 74 177 10000 2
3 2 169 84 10000 2
3 2 222 132 10000 2
3 2 11 92 10000 2
3 2 16 144 10000 2
3 2 253 104 10000 2
3 2 102 37 10000 2
3 2 43 166 10000 2
3 2 84 78 10000 2
1 2 87 243 2000 2
1 2 79 88 2000 2
1 2 203 247 2000 2
1 2 140 228 2000 2
1 2 62 97 2000 2
1 2 180 11 2000 2
1 2 193 115 2000 2
1 2 188 201 2000 2
1 2 154 37 2000 2
1 2 228 71 4000 2
1 2 48 32 4000 2
1 2 253 89 4000 2
1 2 19 228 4000 2
1 2 77 72 4000 2
1 2 242 199 4000 2
1 2 22 169 4000 2
1 2 96 199 4000 2
1 2 200 39 4000 2
1 2 66 202 4000 2
1 2 233 205 4000 2
1 2 110 196 4000 2
1 2 231 244 6000 2
1 2 117 86 6000 2
1 2 135 27 6000 2
1 2 97 95 6000 2
1 2 74 160 6000 2
1 2 93 96 6000 2
1 2 97 191 6000 2
1 2 8 170 6000 2
1 2 23 2 6000 2
1 2 74 94 6000 2
1 2 162 241 8000 2
1 2 142 168 8000 2
1 2 145 244 8000 2
1 2 254 50 8000 2
1 2 96 192 8000 2
1 2 175 236 8000 2
1 2 48 254 8000 2
1 2 187 26 8000 2
1 2 27 31 8000 2
1 2 203 210 8000 2
1 2 141 235 8000 2
1 2 0 124 8000 2
1 2 186 243 8000 2
1 2 177 105 8000 2
1 2 6 59 10000 2
1 2 180 151 10000 2
1 2 143 161 10000 2
1 2 236 116 10000 2
1 2 148 170 10000 2
1 2 179 11 10000 2
1 2 123 159 10000 2
1 2 118 13 10000 2
1 2 241 167 10000 2
1 2 253 17 10000 2
1 2 212 135 10000 2
1 2 216 145 10000 2
1 2 84 94 10000 2
1 2 161 140 10000 2
1 2 255 99 10000 2
1 2 54 216 10000 2
1 2 142 101 10000 2
1 2 5 100 10000 2
1 2 196 187 10000 2
1 2 158 218 10000 2
1 2 251 190 10000 2
1 2 154 16 10000 2
1 2 118 107 10000 2
1 2 120 110 10000 2
