0 1 213 79 2000 2
2 1 7 80 2000 2
2 1 194 77 2000 2
2 1 36 160 2000 2
2 1 54 88 2000 2
0 1 212 124 2000 2
0 1 162 206 2000 2
2 1 44 183 2000 2
0 1 61 185 2000 2
0 1 1 28 2000 2
2 1 54 72 2000 2
2 1 199 121 2000 2
2 1 21 72 2000 2
0 1 78 156 2000 2
0 1 164 47 2000 2
2 1 2 186 2000 2
2 1 11 229 2000 2
2 1 208 165 2000 2
0 1 155 235 2000 2
2 1 184 208 4000 2
2 1 247 67 4000 2
2 1 129 42 4000 2
2 1 115 37 4000 2
0 1 46 47 4000 2
2 1 153 188 4000 2
0 1 212 76 4000 2
2 1 45 87 4000 2
0 1 37 95 4000 2
0 1 158 179 4000 2
0 1 139 142 4000 2
2 1 29 225 4000 2
2 1 229 195 4000 2
0 1 109 32 4000 2
0 1 63 97 4000 2
0 1 143 155 4000 2
2 1 253 131 4000 2
2 1 201 24 4000 2
0 1 15 230 6000 2
0 1 147 53 6000 2
0 1 84 124 6000 2
2 1 9 39 4000 2
2 1 40 173 4000 2
2 1 213 179 4000 2
2 1 198 191 4000 2
2 1 9 98 4000 2
2 1 228 148 4000 2
2 1 78 38 4000 2
0 1 100 240 6000 2
0 1 230 121 6000 2
2 1 204 223 6000 2
2 1 57 164 6000 2
2 1 206 165 6000 2
0 1 120 163 6000 2
0 1 195 81 6000 2
2 1 27 93 6000 2
0 1 202 49 6000 2
0 1 192 29 6000 2
0 1 137 122 6000 2
2 1 137 182 6000 2
0 1 10 110 6000 2
0 1 47 98 6000 2
0 1 148 254 6000 2
2 1 187 225 6000 2
0 1 48 99 6000 2
0 1 237 106 6000 2
2 1 219 242 6000 2
0 1 0 45 6000 2
0 1 49 36 6000 2
0 1 161 164 6000 2
2 1 226 177 6000 2
0 1 254 14 8000 2
0 1 251 95 8000 2
0 1 27 202 8000 2
0 1 247 209 8000 2
0 1 39 65 8000 2
0 1 185 127 8000 2
2 1 160 20 6000 2
0 1 193 156 8000 2
2 1 166 19 6000 2
2 1 65 214 6000 2
2 1 115 68 6000 2
0 1 64 227 8000 2
0 1 253 32 8000 2
0 1 65 125 8000 2
0 1 158 67 8000 2
0 1 2 238 8000 2
2 1 208 14 8000 2
2 1 184 104 8000 2
2 1 185 148 8000 2
2 1 148 235 8000 2
2 1 197 131 8000 2
2 1 88 111 8000 2
2 1 37 244 8000 2
2 1 203 84 8000 2
0 1 174 110 8000 2
0 1 105 7 8000 2
0 1 121 233 8000 2
0 1 248 210 10000 2
0 1 115 239 10000 2
0 1 143 13 10000 2
2 1 186 25 8000 2
0 1 151 175 10000 2
0 1 13 6 10000 2
0 1 112 31 10000 2
0 1 5 234 10000 2
2 1 144 171 8000 2
0 1 10 16 10000 2
0 1 248 173 10000 2
2 1 253 160 8000 2
0 1 62 44 10000 2
0 1 84 87 10000 2
2 1 139 15 8000 2
2 1 199 198 8000 2
2 1 110 123 10000 2
2 1 128 125 10000 2
2 1 130 48 10000 2
2 1 182 138 10000 2
2 1 113 176 10000 2
2 1 159 12 10000 2
2 1 152 199 10000 2
2 1 247 59 10000 2
2 1 68 139 10000 2
2 1 66 96 10000 2
2 1 60 166 10000 2
2 1 41 175 10000 2
2 1 28 231 10000 2
2 1 234 22 10000 2
2 1 137 90 10000 2
2 1 41 168 10000 2
3 1 171 113 2000 2
3 1 113 136 2000 2
3 1 203 88 2000 2
3 1 180 15 2000 2
3 1 23 199 2000 2
3 1 213 24 2000 2
3 1 214 76 2000 2
3 1 30 2 2000 2
3 1 18 5 2000 2
3 1 136 171 2000 2
3 1 26 8 2000 2
3 1 176 224 2000 2
3 1 152 24 2000 2
3 1 75 1 2000 2
3 1 112 54 2000 2
3 1 197 72 4000 2
3 1 222 21 4000 2
3 1 35 190 4000 2
3 1 132 84 4000 2
3 1 87 68 4000 2
3 1 158 209 4000 2
3 1 51 206 4000 2
3 1 32 83 4000 2
3 1 158 215 4000 2
3 1 75 244 4000 2
3 1 133 151 4000 2
3 1 222 249 4000 2
3 1 182 245 4000 2
3 1 183 224 6000 2
3 1 206 193 6000 2
3 1 145 105 6000 2
3 1 185 86 6000 2
3 1 49 169 6000 2
3 1 79 42 6000 2
3 1 133 145 6000 2
3 1 42 122 6000 2
3 1 71 206 6000 2
3 1 113 163 6000 2
3 1 60 243 6000 2
3 1 113 26 8000 2
3 1 80 20 8000 2
3 1 130 233 8000 2
3 1 36 255 8000 2
3 1 210 178 8000 2
3 1 21 180 8000 2
3 1 34 235 8000 2
3 1 115 15 8000 2
3 1 104 114 8000 2
3 1 16 32 8000 2
3 1 184 145 8000 2
3 1 164 88 8000 2
3 1 87 123 8000 2
3 1 214 31 10000 2
3 1 115 236 10000 2
3 1 23 205 10000 2
3 1 188 87 10000 2
3 1 121 213 10000 2
3 1 43 93 10000 2
3 1 225 232 10000 2
3 1 123 41 10000 2
3 1 249 216 10000 2
3 1 41 252 10000 2
3 1 45 194 10000 2
3 1 7 255 10000 2
3 1 76 38 10000 2
3 1 201 41 10000 2
3 1 17 85 10000 2
3 1 120 182 10000 2
3 1 174 242 10000 2
3 1 58 175 10000 2
3 1 194 178 10000 2
