# src_chip dst_chip src_pe dst_pe inject_cycle
# entries=768 chips=4 pe_per_chip=256 timesteps=5 interval=2000 seed=421
3 2 104 49 2000
1 0 89 219 2000
2 3 92 152 2000
3 0 79 26 2000
0 2 187 248 2000
2 3 187 87 2000
0 3 176 114 2000
1 2 157 195 2000
2 1 210 79 2000
2 0 65 41 2000
3 2 170 70 2000
2 3 120 27 2000
3 1 1 140 2000
3 0 198 90 2000
0 2 123 53 2000
2 1 29 138 2000
0 3 146 218 2000
2 3 49 108 2000
1 0 43 105 2000
0 2 9 20 2000
3 1 172 118 2000
3 1 254 87 2000
3 1 226 118 2000
2 3 63 206 2000
0 2 24 74 2000
2 3 22 55 2000
1 2 58 19 2000
0 2 17 226 2000
0 3 4 227 2000
3 0 189 144 2000
3 2 226 54 2000
1 3 85 45 2000
2 0 27 110 2000
3 1 105 175 2000
0 1 68 113 2000
2 3 33 83 2000
1 3 181 29 2000
2 0 146 148 2000
0 1 52 109 2000
3 1 71 81 2000
3 2 224 168 2000
2 3 211 27 2000
2 0 149 7 2000
2 3 107 159 2000
1 2 211 88 2000
3 2 102 230 2000
1 2 142 123 2000
1 2 136 240 2000
0 2 198 57 2000
3 2 110 45 2000
2 0 179 219 2000
0 2 25 131 2000
1 3 108 192 2000
2 3 219 200 2000
1 0 35 255 2000
2 1 225 97 2000
2 0 95 14 2000
3 2 222 25 2000
2 0 62 52 2000
2 1 215 125 2000
2 3 29 62 2000
2 3 74 18 2000
0 2 97 100 2000
2 1 220 7 2000
2 1 55 97 2000
1 2 243 66 2000
3 0 252 198 2000
1 0 164 85 2000
1 2 16 228 2000
3 0 200 218 2000
3 0 5 35 2000
0 3 204 166 2000
1 2 237 101 2000
3 2 149 16 2000
3 0 244 233 2000
2 3 136 63 2000
1 3 29 222 2000
1 3 113 227 2000
3 1 129 46 2000
1 3 18 44 2000
0 2 201 128 2000
1 3 252 191 2000
0 1 96 105 2000
0 3 119 172 2000
1 3 173 95 2000
1 0 105 104 2000
2 3 67 87 2000
2 3 146 219 2000
3 0 194 252 2000
1 2 212 144 2000
2 1 179 149 2000
0 1 223 148 2000
0 2 229 204 2000
2 1 175 90 2000
3 1 185 23 2000
2 3 172 213 2000
1 0 247 226 2000
0 1 96 146 2000
1 2 97 73 2000
0 1 55 174 2000
2 3 85 201 2000
2 1 192 123 2000
2 0 45 33 2000
0 1 101 239 2000
1 3 185 229 2000
3 1 116 254 2000
3 1 35 170 2000
2 0 85 89 2000
3 1 198 3 2000
3 1 209 12 2000
3 0 19 215 2000
2 0 47 116 2000
3 2 154 55 2000
0 3 181 82 2000
3 1 94 19 2000
1 3 169 149 2000
3 2 157 97 2000
3 1 254 30 2000
0 3 184 150 2000
3 1 136 30 2000
3 1 122 135 2000
1 3 163 154 2000
1 3 42 132 2000
3 2 110 107 2000
1 2 138 24 2000
2 1 183 98 2000
0 3 181 137 2000
1 2 48 141 2000
0 1 59 100 2000
1 0 69 233 2000
1 0 93 201 2000
3 1 12 120 2000
0 2 183 177 2000
3 2 117 131 2000
1 0 51 100 2000
1 3 97 2 2000
3 2 174 79 2000
1 2 254 116 2000
1 3 72 186 2000
1 2 20 9 2000
2 3 144 166 2000
3 1 248 31 2000
1 3 54 96 2000
1 2 165 169 4000
0 2 158 77 4000
1 2 37 212 4000
1 2 228 250 4000
1 0 154 16 4000
2 3 95 107 4000
2 1 1 209 4000
0 2 181 127 4000
0 1 110 128 4000
1 3 77 61 4000
2 3 226 122 4000
1 0 10 166 4000
1 0 226 109 4000
0 3 161 0 4000
2 1 205 164 4000
0 3 111 101 4000
1 3 125 6 4000
1 3 206 126 4000
0 2 151 39 4000
3 0 24 154 4000
1 3 136 82 4000
3 0 102 116 4000
1 3 81 181 4000
1 2 130 176 4000
0 3 86 52 4000
1 3 160 227 4000
3 0 193 209 4000
2 3 106 137 4000
0 3 223 171 4000
3 2 23 145 4000
2 0 245 39 4000
1 0 224 123 4000
0 2 93 197 4000
0 3 184 252 4000
3 2 214 101 4000
1 3 23 6 4000
2 1 148 86 4000
0 2 55 168 4000
1 2 177 16 4000
3 1 252 117 4000
1 2 61 42 4000
1 3 15 3 4000
3 0 71 254 4000
2 1 112 116 4000
3 2 50 89 4000
0 2 146 156 4000
3 1 105 9 4000
2 0 142 110 4000
0 1 21 132 4000
2 1 112 122 4000
3 2 249 145 4000
0 3 141 94 4000
2 3 31 183 4000
0 1 118 194 4000
0 3 156 160 4000
0 3 249 48 4000
1 2 88 145 4000
3 0 99 56 4000
2 1 85 154 4000
2 1 208 123 4000
0 2 215 154 4000
3 2 196 78 4000
1 2 215 111 4000
2 0 209 179 4000
3 0 139 247 4000
0 2 11 107 4000
2 1 140 18 4000
0 2 77 18 4000
3 1 161 96 4000
3 0 132 106 4000
1 3 102 211 4000
0 1 223 79 4000
1 2 194 133 4000
2 0 20 13 4000
3 2 165 192 4000
1 0 241 3 4000
2 3 89 109 4000
1 0 177 249 4000
2 0 211 189 4000
1 0 228 97 4000
0 3 172 209 4000
0 2 44 70 4000
0 3 77 159 4000
2 0 139 184 4000
0 1 12 176 4000
1 3 4 27 4000
1 0 254 82 4000
2 3 176 81 4000
2 0 134 118 4000
2 0 124 199 4000
2 0 165 90 4000
2 3 108 45 4000
1 2 124 83 4000
2 3 86 184 4000
2 0 105 93 4000
1 0 233 179 4000
0 2 40 45 4000
0 2 175 187 4000
3 1 67 163 4000
3 1 79 151 4000
1 2 20 120 4000
2 3 121 162 4000
0 2 168 219 4000
3 0 54 146 4000
1 2 85 226 4000
1 2 188 230 4000
2 1 123 244 4000
2 1 95 197 4000
1 2 6 24 4000
0 3 3 36 4000
2 3 160 69 4000
2 0 148 50 4000
3 0 156 164 4000
1 2 55 251 4000
0 2 108 224 4000
3 1 91 233 4000
3 0 212 157 4000
3 1 2 119 4000
2 3 122 166 4000
1 3 85 129 4000
1 3 254 140 4000
3 2 252 255 4000
3 2 145 108 4000
2 1 19 51 4000
1 0 62 158 4000
0 1 213 45 4000
1 2 175 186 4000
1 2 172 231 4000
3 1 70 33 4000
3 1 41 154 4000
3 0 140 242 4000
3 0 36 130 4000
1 3 75 108 4000
1 2 9 253 4000
3 1 252 29 4000
1 2 165 238 4000
2 3 14 232 4000
2 0 32 52 4000
1 0 145 7 4000
3 1 15 31 4000
1 2 15 121 4000
1 3 225 69 4000
2 3 229 34 4000
2 3 33 86 4000
0 2 220 252 4000
1 0 96 248 4000
1 2 227 154 4000
2 3 68 55 4000
0 1 186 167 4000
1 3 206 55 4000
3 1 248 38 4000
3 1 180 82 4000
0 1 251 171 4000
2 3 66 55 4000
0 1 156 10 4000
3 1 50 242 4000
1 0 30 244 4000
2 0 241 99 4000
1 0 104 58 4000
1 2 203 58 4000
0 1 65 244 4000
2 1 250 71 6000
1 2 211 113 6000
2 3 22 3 6000
1 0 89 229 6000
2 1 66 125 6000
3 2 50 140 6000
2 0 218 4 6000
1 0 93 48 6000
3 1 27 46 6000
2 1 242 231 6000
1 0 89 173 6000
0 1 222 51 6000
3 0 86 5 6000
3 2 83 18 6000
0 2 230 16 6000
0 3 228 136 6000
1 3 212 123 6000
0 3 179 146 6000
1 0 35 230 6000
0 1 188 211 6000
2 0 120 78 6000
3 2 160 118 6000
1 3 124 115 6000
3 0 190 234 6000
3 2 114 238 6000
2 3 70 122 6000
1 2 61 150 6000
2 0 166 185 6000
2 0 190 45 6000
1 2 235 26 6000
0 3 86 229 6000
1 0 229 9 6000
0 1 58 41 6000
1 0 179 167 6000
0 1 217 187 6000
0 2 7 167 6000
2 3 71 239 6000
2 1 95 58 6000
3 1 102 222 6000
2 0 232 72 6000
1 0 86 40 6000
0 1 190 55 6000
0 1 102 66 6000
2 3 239 184 6000
2 0 137 17 6000
1 0 69 81 6000
1 0 166 116 6000
2 1 115 63 6000
1 2 140 249 6000
3 2 108 76 6000
0 2 47 23 6000
1 0 157 233 6000
0 1 27 171 6000
2 0 229 154 6000
2 1 211 30 6000
0 2 19 143 6000
2 3 59 12 6000
2 3 251 34 6000
3 2 141 37 6000
2 1 239 172 6000
1 0 105 169 6000
2 1 195 205 6000
1 3 83 165 6000
1 2 231 204 6000
1 0 207 92 6000
0 3 35 88 6000
1 3 166 89 6000
3 0 10 74 6000
1 3 224 82 6000
3 0 235 190 6000
0 1 165 93 6000
1 2 82 96 6000
2 0 52 153 6000
3 1 101 2 6000
1 2 73 148 6000
3 2 175 214 6000
2 0 8 252 6000
2 0 149 86 6000
1 3 222 21 6000
3 0 100 232 6000
1 2 97 255 6000
2 0 252 238 6000
2 0 52 10 6000
0 2 81 131 6000
2 0 119 136 6000
1 0 188 32 6000
2 1 58 15 6000
2 0 216 122 6000
3 2 163 147 6000
1 0 47 58 6000
2 0 138 19 6000
3 0 60 51 6000
1 2 163 15 6000
1 2 10 45 6000
1 0 2 78 6000
1 2 224 216 6000
2 0 187 204 6000
0 3 43 11 6000
2 0 133 212 6000
3 0 2 109 6000
2 0 98 104 6000
0 3 42 53 6000
2 1 25 45 6000
3 0 137 164 6000
3 1 172 187 6000
1 2 231 165 6000
0 3 17 72 6000
2 1 88 108 6000
2 3 65 110 6000
3 0 7 41 6000
0 3 119 188 6000
2 1 47 203 6000
2 0 183 6 6000
2 0 248 113 6000
1 3 82 56 6000
0 3 235 94 6000
3 0 50 110 6000
2 0 43 41 6000
2 1 40 163 6000
1 3 10 166 6000
0 1 10 9 6000
3 2 103 212 6000
1 0 154 185 6000
2 3 114 52 6000
1 3 159 241 6000
1 2 70 106 6000
3 0 235 13 6000
1 2 53 177 6000
1 0 143 100 6000
2 1 59 171 6000
1 3 76 21 6000
0 1 199 15 6000
0 2 165 181 6000
0 3 2 143 6000
0 2 143 119 6000
3 0 252 155 6000
2 0 180 44 6000
2 3 144 122 6000
1 0 25 160 6000
3 0 24 123 6000
0 1 49 192 6000
3 1 175 77 6000
1 3 7 214 6000
0 1 112 64 6000
1 0 203 90 6000
0 2 79 247 6000
0 3 39 107 6000
1 2 178 35 6000
1 0 164 201 6000
1 2 15 201 6000
3 0 109 181 6000
1 3 129 180 6000
3 2 245 159 6000
3 2 109 226 6000
1 3 117 63 6000
0 2 13 82 8000
2 3 120 165 8000
3 1 111 188 8000
1 2 112 118 8000
1 2 187 255 8000
2 3 130 208 8000
2 0 90 59 8000
1 0 156 237 8000
2 3 26 205 8000
3 0 138 83 8000
0 3 209 149 8000
2 1 10 66 8000
1 0 35 230 8000
0 3 99 45 8000
1 3 142 238 8000
2 0 253 52 8000
3 1 175 220 8000
1 2 18 63 8000
1 0 3 81 8000
0 2 128 235 8000
0 1 80 124 8000
1 0 0 147 8000
1 2 79 210 8000
3 1 177 166 8000
0 2 138 36 8000
3 0 111 188 8000
3 2 126 169 8000
1 0 160 212 8000
1 2 96 39 8000
3 0 82 167 8000
2 0 228 142 8000
2 0 132 175 8000
0 2 78 101 8000
2 0 48 27 8000
3 1 166 84 8000
0 3 100 99 8000
0 3 230 213 8000
0 1 79 231 8000
0 2 63 127 8000
1 3 85 29 8000
1 2 212 147 8000
1 0 156 138 8000
1 3 98 202 8000
3 0 99 177 8000
0 3 237 188 8000
2 1 174 130 8000
2 3 10 210 8000
0 1 21 90 8000
1 0 214 100 8000
2 0 172 121 8000
3 1 145 114 8000
3 1 220 134 8000
3 1 62 146 8000
2 3 254 116 8000
0 3 113 195 8000
2 0 150 140 8000
3 0 109 25 8000
2 0 241 209 8000
2 1 227 75 8000
2 1 15 181 8000
2 1 231 117 8000
1 2 139 143 8000
1 0 181 15 8000
3 1 47 198 8000
2 0 17 70 8000
1 0 4 206 8000
1 0 127 75 8000
0 1 152 57 8000
1 3 145 57 8000
0 1 168 128 8000
3 2 123 0 8000
3 2 150 67 8000
2 1 39 107 8000
1 0 248 36 8000
0 3 97 28 8000
3 2 228 221 8000
3 1 14 83 8000
0 1 159 94 8000
0 2 239 62 8000
2 0 1 128 8000
3 2 152 151 8000
3 2 216 21 8000
2 3 58 34 8000
3 1 150 202 8000
2 0 24 231 8000
0 3 162 84 8000
0 3 24 226 8000
1 3 189 106 8000
0 3 157 187 8000
0 3 155 153 8000
0 1 37 119 8000
0 1 154 73 8000
3 2 12 152 8000
1 0 127 62 8000
2 0 175 231 8000
0 1 126 79 8000
2 3 177 140 8000
0 2 68 150 8000
0 2 176 200 8000
3 0 123 163 8000
0 1 60 182 8000
2 0 35 210 8000
3 2 209 197 8000
0 3 246 241 8000
2 3 87 72 8000
2 1 23 192 8000
2 1 189 5 8000
2 1 13 236 8000
3 1 225 223 8000
2 3 210 137 8000
3 2 1 187 8000
2 3 180 46 8000
3 2 228 37 8000
0 3 92 183 8000
0 1 250 121 8000
3 1 202 81 8000
1 3 48 147 8000
0 3 204 113 8000
2 0 102 246 8000
0 3 94 52 8000
0 1 202 38 8000
1 3 123 140 8000
3 2 205 171 8000
2 0 180 15 8000
2 1 213 61 8000
3 0 221 155 8000
0 1 114 189 8000
2 0 81 184 8000
2 1 37 64 8000
0 1 228 28 8000
3 1 130 158 8000
1 2 150 87 8000
1 2 243 24 8000
2 1 74 51 8000
1 2 195 157 8000
0 1 88 76 8000
1 3 192 154 8000
0 3 102 162 8000
3 0 230 14 8000
1 2 31 250 8000
2 0 228 9 8000
1 0 233 80 8000
1 0 59 177 8000
0 1 254 251 8000
1 2 164 230 8000
2 0 89 1 8000
1 2 154 179 8000
2 0 41 84 8000
3 1 249 39 8000
1 3 24 74 8000
3 1 126 96 10000
0 3 159 21 10000
2 0 93 11 10000
2 1 120 236 10000
2 1 147 102 10000
1 2 203 149 10000
1 0 92 90 10000
1 2 28 115 10000
0 3 241 203 10000
3 1 178 128 10000
1 0 168 91 10000
1 0 79 15 10000
2 3 137 25 10000
1 3 226 126 10000
2 3 187 168 10000
0 2 254 250 10000
2 0 0 166 10000
3 0 40 85 10000
3 2 225 133 10000
1 0 147 88 10000
3 1 180 86 10000
0 3 188 148 10000
0 3 56 102 10000
0 1 159 53 10000
2 0 183 236 10000
2 0 194 74 10000
3 1 107 48 10000
0 1 245 14 10000
3 1 202 253 10000
3 2 13 197 10000
0 3 170 232 10000
0 2 24 219 10000
0 3 75 250 10000
1 0 203 2 10000
2 0 212 130 10000
1 0 15 219 10000
0 2 36 53 10000
3 1 25 105 10000
3 0 193 202 10000
1 3 52 140 10000
1 3 88 28 10000
2 1 251 188 10000
3 2 243 15 10000
2 1 10 226 10000
0 3 124 109 10000
0 3 4 113 10000
0 3 191 218 10000
0 1 118 55 10000
1 0 92 71 10000
0 3 61 96 10000
2 0 223 123 10000
3 0 127 117 10000
2 1 94 27 10000
3 0 11 102 10000
3 2 87 178 10000
2 1 82 56 10000
0 1 215 91 10000
0 1 63 165 10000
2 0 83 136 10000
2 0 155 65 10000
0 3 185 228 10000
3 0 102 107 10000
2 0 226 30 10000
1 0 147 43 10000
0 3 118 228 10000
0 2 55 243 10000
1 2 236 141 10000
1 0 197 111 10000
1 2 247 54 10000
1 3 50 147 10000
2 3 223 0 10000
0 2 190 117 10000
3 2 73 50 10000
3 2 23 98 10000
0 2 201 5 10000
0 2 172 27 10000
0 2 13 228 10000
3 0 218 19 10000
0 1 132 86 10000
1 3 111 120 10000
3 2 35 62 10000
1 0 148 210 10000
3 2 4 103 10000
0 3 169 193 10000
2 1 15 27 10000
1 0 122 240 10000
1 0 142 158 10000
3 1 73 129 10000
1 3 183 212 10000
2 3 134 36 10000
2 0 22 158 10000
2 1 168 246 10000
0 2 34 194 10000
0 2 13 134 10000
0 3 241 131 10000
2 0 189 152 10000
3 0 232 183 10000
0 2 61 12 10000
1 3 234 205 10000
1 3 179 130 10000
1 2 153 169 10000
3 2 116 27 10000
3 1 142 44 10000
3 2 178 240 10000
0 2 194 10 10000
3 2 133 104 10000
2 0 144 217 10000
3 1 243 140 10000
1 2 109 27 10000
2 3 235 2 10000
3 0 53 120 10000
2 1 230 125 10000
2 1 64 223 10000
0 3 249 5 10000
3 1 241 149 10000
1 0 143 199 10000
3 1 152 75 10000
1 2 116 211 10000
3 0 83 215 10000
1 0 109 107 10000
1 3 218 147 10000
2 3 244 36 10000
1 2 198 117 10000
0 1 196 13 10000
1 0 161 113 10000
2 3 21 174 10000
0 1 235 60 10000
0 3 239 26 10000
3 1 24 33 10000
1 3 197 11 10000
0 1 67 132 10000
1 3 176 3 10000
1 3 198 28 10000
2 3 178 237 10000
2 3 223 63 10000
2 1 22 224 10000
3 0 234 189 10000
3 2 48 188 10000
1 0 253 189 10000
1 2 198 186 10000
3 1 108 23 10000
2 3 20 78 10000
1 0 184 212 10000
3 1 199 10 10000
1 2 111 156 10000
0 3 235 220 10000
0 2 212 111 10000
3 2 196 133 10000
3 2 119 100 10000
3 0 156 56 10000
2 0 9 17 10000
0 1 62 13 10000
2 0 225 136 10000
2 1 20 205 10000
0 1 156 137 10000
2 0 125 62 10000
3 2 42 168 10000
0 2 246 242 10000
3 1 111 69 10000
