0 1 18 252 2000 2
0 1 48 218 2000 2
0 1 67 86 2000 2
0 1 151 234 2000 2
0 1 68 141 2000 2
0 1 164 145 2000 2
0 1 159 156 2000 2
0 1 12 227 2000 2
0 1 112 163 2000 2
0 1 219 105 2000 2
0 1 199 96 2000 2
0 1 192 75 4000 2
0 1 33 71 4000 2
0 1 231 41 4000 2
0 1 188 231 4000 2
0 1 138 23 6000 2
0 1 147 47 6000 2
0 1 248 121 6000 2
0 1 57 114 6000 2
0 1 210 216 6000 2
0 1 79 108 6000 2
0 1 177 76 6000 2
0 1 227 84 6000 2
0 1 71 211 6000 2
0 1 245 95 6000 2
0 1 70 65 6000 2
0 1 185 5 6000 2
0 1 164 5 6000 2
0 1 192 92 6000 2
0 1 86 251 6000 2
0 1 79 17 8000 2
0 1 83 12 8000 2
0 1 108 137 8000 2
0 1 147 71 8000 2
0 1 246 123 8000 2
0 1 71 204 8000 2
0 1 92 114 8000 2
0 1 220 64 8000 2
0 1 21 165 8000 2
0 1 85 102 8000 2
0 1 189 131 8000 2
0 1 155 191 8000 2
0 1 183 3 8000 2
0 1 244 234 8000 2
0 1 126 67 8000 2
0 1 209 139 8000 2
0 1 246 59 8000 2
0 1 144 103 8000 2
0 1 238 220 8000 2
0 1 183 124 8000 2
0 1 44 217 8000 2
0 1 50 90 10000 2
0 1 190 213 10000 2
0 1 34 44 10000 2
0 1 64 8 10000 2
0 1 33 24 10000 2
0 1 35 173 10000 2
0 1 31 177 10000 2
0 1 86 207 10000 2
0 1 174 12 10000 2
0 1 238 20 10000 2
0 1 20 43 10000 2
0 1 151 53 10000 2
0 1 221 247 10000 2
0 1 76 20 10000 2
0 1 137 159 10000 2
0 1 181 241 10000 2
0 1 64 96 10000 2
0 1 125 231 10000 2
