3 0 210 170 2000 2
3 0 220 198 2000 2
3 0 57 227 2000 2
3 0 241 23 2000 2
3 0 20 160 2000 2
3 0 86 189 2000 2
3 0 243 37 2000 2
3 0 96 63 2000 2
3 0 76 254 2000 2
3 0 226 100 2000 2
3 0 236 122 4000 2
3 0 32 12 4000 2
3 0 160 15 4000 2
3 0 70 40 4000 2
3 0 182 27 4000 2
3 0 236 250 4000 2
3 0 39 22 4000 2
3 0 171 203 4000 2
3 0 233 193 4000 2
3 0 39 140 4000 2
3 0 135 164 4000 2
3 0 129 166 4000 2
3 0 183 210 4000 2
3 0 171 152 4000 2
3 0 249 109 4000 2
3 0 213 36 4000 2
3 0 198 112 4000 2
3 0 101 58 4000 2
3 0 28 86 6000 2
3 0 246 210 6000 2
3 0 246 146 6000 2
3 0 180 239 6000 2
3 0 111 155 6000 2
3 0 111 157 6000 2
3 0 2 26 8000 2
3 0 78 174 8000 2
3 0 5 236 8000 2
3 0 202 139 8000 2
3 0 179 199 8000 2
3 0 30 60 8000 2
3 0 169 229 8000 2
3 0 157 53 8000 2
3 0 16 171 8000 2
3 0 179 44 8000 2
3 0 200 79 8000 2
3 0 231 103 10000 2
3 0 154 156 10000 2
3 0 242 54 10000 2
3 0 126 114 10000 2
3 0 205 194 10000 2
3 0 54 224 10000 2
3 0 166 52 10000 2
3 0 54 95 10000 2
3 0 229 112 10000 2
3 0 188 65 10000 2
3 0 159 101 10000 2
3 0 218 33 10000 2
