2 3 131 60 2000 2
2 3 232 186 2000 2
2 3 104 240 2000 2
2 3 184 74 2000 2
2 3 123 122 2000 2
2 3 243 225 2000 2
2 3 239 226 2000 2
2 3 133 64 2000 2
2 3 204 114 2000 2
2 3 48 118 2000 2
2 3 121 190 2000 2
2 3 166 120 2000 2
2 3 40 157 2000 2
2 3 60 126 2000 2
2 3 98 221 2000 2
2 3 54 171 2000 2
2 3 202 147 2000 2
2 3 141 131 2000 2
2 3 89 237 2000 2
2 3 210 229 2000 2
2 3 251 152 4000 2
2 3 111 96 4000 2
2 3 48 219 4000 2
2 3 37 120 4000 2
2 3 27 207 4000 2
2 3 133 176 4000 2
2 3 130 31 4000 2
2 3 161 13 4000 2
2 3 190 31 4000 2
2 3 74 127 4000 2
2 3 39 87 4000 2
2 3 206 30 4000 2
2 3 84 19 6000 2
2 3 116 212 6000 2
2 3 188 49 6000 2
2 3 158 133 6000 2
2 3 37 28 6000 2
2 3 42 155 8000 2
2 3 216 66 8000 2
2 3 67 93 8000 2
2 3 17 112 8000 2
2 3 41 221 8000 2
2 3 64 237 8000 2
2 3 82 27 8000 2
2 3 183 243 10000 2
2 3 160 109 10000 2
2 3 87 232 10000 2
2 3 15 231 10000 2
2 3 196 187 10000 2
2 3 50 194 10000 2
2 3 6 4 10000 2
2 3 25 161 10000 2
2 3 231 7 10000 2
2 3 166 207 10000 2
2 3 18 23 10000 2
2 3 88 92 10000 2
2 3 99 34 10000 2
2 3 120 48 10000 2
