1 2 40 8 2000 2
1 2 133 226 2000 2
1 2 249 167 2000 2
1 2 232 29 2000 2
1 2 59 182 2000 2
1 2 58 36 2000 2
1 2 59 180 2000 2
1 2 144 52 2000 2
1 2 118 107 2000 2
1 2 174 39 2000 2
1 2 103 169 2000 2
1 2 186 132 2000 2
1 2 177 22 2000 2
1 2 165 178 2000 2
1 2 17 209 4000 2
1 2 197 46 4000 2
1 2 15 8 4000 2
1 2 126 174 4000 2
1 2 11 126 4000 2
1 2 43 119 4000 2
1 2 66 31 4000 2
1 2 81 210 4000 2
1 2 35 117 4000 2
1 2 205 144 4000 2
1 2 83 149 4000 2
1 2 183 60 4000 2
1 2 235 153 4000 2
1 2 176 151 4000 2
1 2 24 93 4000 2
1 2 235 26 6000 2
1 2 34 124 6000 2
1 2 86 20 6000 2
1 2 46 183 6000 2
1 2 171 163 6000 2
1 2 240 22 6000 2
1 2 86 221 6000 2
1 2 70 251 6000 2
1 2 67 44 6000 2
1 2 207 162 6000 2
1 2 29 104 6000 2
1 2 111 144 6000 2
1 2 168 164 6000 2
1 2 179 129 6000 2
1 2 52 17 6000 2
1 2 216 29 8000 2
1 2 253 165 8000 2
1 2 201 27 8000 2
1 2 239 235 8000 2
1 2 141 202 8000 2
1 2 195 150 8000 2
1 2 227 255 8000 2
1 2 187 196 8000 2
1 2 98 251 8000 2
1 2 202 122 8000 2
1 2 92 71 8000 2
1 2 154 24 8000 2
1 2 26 115 8000 2
1 2 233 128 8000 2
1 2 26 173 8000 2
1 2 197 155 10000 2
1 2 11 242 10000 2
1 2 197 24 10000 2
1 2 253 86 10000 2
1 2 58 29 10000 2
1 2 30 103 10000 2
1 2 68 24 10000 2
1 2 208 155 10000 2
1 2 27 89 10000 2
1 2 243 45 10000 2
1 2 131 146 10000 2
1 2 242 56 10000 2
1 2 46 202 10000 2
