3 0 255 106 2000 2
3 0 189 104 2000 2
3 0 84 252 2000 2
3 0 38 87 2000 2
3 0 120 233 2000 2
3 0 195 185 2000 2
3 0 44 174 2000 2
3 0 139 120 2000 2
3 0 225 195 2000 2
3 0 64 144 2000 2
3 0 137 253 2000 2
3 0 14 52 2000 2
3 0 202 190 4000 2
3 0 8 231 4000 2
3 0 21 13 4000 2
3 0 75 140 4000 2
3 0 16 94 4000 2
3 0 14 234 4000 2
3 0 199 141 4000 2
3 0 76 242 4000 2
3 0 243 242 4000 2
3 0 180 76 4000 2
3 0 103 19 4000 2
3 0 78 208 4000 2
3 0 37 141 4000 2
3 0 187 139 4000 2
3 0 129 152 6000 2
3 0 155 68 6000 2
3 0 130 11 6000 2
3 0 187 79 6000 2
3 0 29 239 6000 2
3 0 47 4 6000 2
3 0 192 124 6000 2
3 0 238 196 6000 2
3 0 52 59 6000 2
3 0 2 39 6000 2
3 0 118 161 6000 2
3 0 57 25 6000 2
3 0 110 197 8000 2
3 0 24 77 8000 2
3 0 228 26 8000 2
3 0 85 26 8000 2
3 0 236 108 8000 2
3 0 110 0 8000 2
3 0 25 180 8000 2
3 0 223 186 8000 2
3 0 248 241 8000 2
3 0 86 169 8000 2
3 0 206 176 10000 2
3 0 49 9 10000 2
3 0 88 104 10000 2
3 0 155 119 10000 2
3 0 159 70 10000 2
3 0 50 16 10000 2
3 0 100 205 10000 2
3 0 70 205 10000 2
3 0 171 230 10000 2
3 0 140 40 10000 2
3 0 2 149 10000 2
3 0 23 48 10000 2
