2 3 221 173 2000 2
2 3 194 215 2000 2
2 3 31 148 2000 2
2 3 120 84 2000 2
2 3 210 224 2000 2
2 3 77 132 2000 2
2 3 133 63 2000 2
2 3 240 151 2000 2
2 3 138 109 2000 2
2 3 255 110 4000 2
2 3 136 38 4000 2
2 3 80 220 4000 2
2 3 153 113 4000 2
2 3 139 54 4000 2
2 3 43 173 4000 2
2 3 212 208 4000 2
2 3 50 38 4000 2
2 3 44 124 4000 2
2 3 129 49 4000 2
2 3 25 105 6000 2
2 3 84 30 6000 2
2 3 62 167 6000 2
2 3 96 67 6000 2
2 3 185 225 6000 2
2 3 81 104 6000 2
2 3 123 92 8000 2
2 3 118 197 8000 2
2 3 46 31 8000 2
2 3 173 133 8000 2
2 3 116 220 8000 2
2 3 24 145 8000 2
2 3 208 143 8000 2
2 3 172 173 8000 2
2 3 1 183 8000 2
2 3 133 93 8000 2
2 3 4 44 8000 2
2 3 82 101 8000 2
2 3 59 77 10000 2
2 3 136 60 10000 2
2 3 139 9 10000 2
2 3 66 207 10000 2
2 3 188 109 10000 2
2 3 193 96 10000 2
2 3 255 36 10000 2
2 3 98 93 10000 2
2 3 81 216 10000 2
2 3 86 83 10000 2
2 3 62 87 10000 2
2 3 27 226 10000 2
