0 1 193 243 2000 2
0 1 198 112 2000 2
0 1 190 163 2000 2
0 1 185 65 2000 2
0 1 150 61 2000 2
0 1 11 235 2000 2
0 1 149 215 2000 2
0 1 100 25 2000 2
0 1 44 98 2000 2
0 1 152 23 2000 2
0 1 7 78 2000 2
0 1 27 135 2000 2
0 1 33 42 2000 2
0 1 239 22 2000 2
0 1 133 15 2000 2
0 1 29 180 2000 2
0 1 244 45 4000 2
0 1 3 148 4000 2
0 1 250 194 4000 2
0 1 168 223 4000 2
0 1 241 108 4000 2
0 1 167 192 4000 2
0 1 207 11 4000 2
0 1 177 30 6000 2
0 1 245 97 6000 2
0 1 176 141 6000 2
0 1 181 169 6000 2
0 1 223 250 6000 2
0 1 2 24 6000 2
0 1 219 136 6000 2
0 1 51 10 6000 2
0 1 193 255 6000 2
0 1 122 163 6000 2
0 1 31 147 6000 2
0 1 119 101 6000 2
0 1 154 145 6000 2
0 1 147 199 6000 2
0 1 2 96 6000 2
0 1 154 192 6000 2
0 1 50 29 8000 2
0 1 30 2 8000 2
0 1 73 9 8000 2
0 1 21 252 8000 2
0 1 126 32 8000 2
0 1 52 74 8000 2
0 1 8 30 8000 2
0 1 202 249 8000 2
0 1 253 236 8000 2
0 1 124 120 8000 2
0 1 109 29 8000 2
0 1 149 65 8000 2
0 1 24 36 8000 2
0 1 169 107 8000 2
0 1 168 236 8000 2
0 1 210 136 8000 2
0 1 59 124 8000 2
0 1 149 243 8000 2
0 1 184 89 10000 2
0 1 206 67 10000 2
0 1 192 191 10000 2
0 1 250 223 10000 2
0 1 111 75 10000 2
0 1 121 181 10000 2
0 1 15 48 10000 2
0 1 80 240 10000 2
0 1 115 67 10000 2
0 1 214 204 10000 2
0 1 65 162 10000 2
