1 2 77 39 2000 2
1 2 177 112 2000 2
1 2 32 90 2000 2
1 2 3 160 2000 2
1 2 205 4 2000 2
1 2 53 240 2000 2
1 2 208 226 2000 2
1 2 67 201 2000 2
1 2 192 12 2000 2
1 2 84 79 2000 2
1 2 242 139 4000 2
1 2 182 250 4000 2
1 2 189 120 4000 2
1 2 135 6 4000 2
1 2 110 238 4000 2
1 2 205 171 4000 2
1 2 120 222 4000 2
1 2 203 172 4000 2
1 2 190 51 4000 2
1 2 213 58 4000 2
1 2 59 181 4000 2
1 2 129 100 4000 2
1 2 217 84 4000 2
1 2 107 3 4000 2
1 2 165 166 4000 2
1 2 76 129 4000 2
1 2 63 196 4000 2
1 2 246 116 4000 2
1 2 35 41 4000 2
1 2 167 240 6000 2
1 2 113 213 6000 2
1 2 33 38 6000 2
1 2 152 143 6000 2
1 2 206 121 6000 2
1 2 44 7 6000 2
1 2 159 84 6000 2
1 2 16 158 6000 2
1 2 192 131 6000 2
1 2 125 116 6000 2
1 2 72 5 6000 2
1 2 244 211 6000 2
1 2 239 253 6000 2
1 2 107 29 6000 2
1 2 34 182 6000 2
1 2 117 141 6000 2
1 2 143 23 6000 2
1 2 41 113 6000 2
1 2 251 64 8000 2
1 2 130 195 8000 2
1 2 237 157 8000 2
1 2 174 95 8000 2
1 2 160 253 8000 2
1 2 56 120 8000 2
1 2 57 79 8000 2
1 2 172 50 8000 2
1 2 248 226 8000 2
1 2 218 28 8000 2
1 2 81 252 8000 2
1 2 85 62 8000 2
1 2 199 107 10000 2
1 2 86 247 10000 2
1 2 37 186 10000 2
1 2 197 233 10000 2
1 2 149 127 10000 2
1 2 193 138 10000 2
1 2 109 237 10000 2
1 2 65 139 10000 2
1 2 174 97 10000 2
1 2 157 161 10000 2
1 2 195 68 10000 2
1 2 56 250 10000 2
1 2 226 45 10000 2
1 2 97 67 10000 2
1 2 28 19 10000 2
1 2 8 81 10000 2
1 2 54 190 10000 2
1 2 157 51 10000 2
1 2 216 207 10000 2
1 2 203 133 10000 2
