12 13 42 23 2000 2
12 13 9 20 2000 2
12 13 36 55 2000 2
12 13 13 11 2000 2
12 13 15 37 2000 2
12 13 18 2 2000 2
12 13 14 25 2000 2
12 13 41 57 2000 2
12 13 5 47 2000 2
12 13 29 4 2000 2
12 13 21 61 4000 2
12 13 25 14 4000 2
12 13 40 41 4000 2
12 13 17 51 4000 2
12 13 5 21 4000 2
12 13 52 38 4000 2
12 13 10 16 4000 2
12 13 42 15 4000 2
12 13 20 26 4000 2
12 13 36 11 4000 2
12 13 2 13 4000 2
12 13 21 55 4000 2
12 13 17 5 4000 2
12 13 36 16 4000 2
12 13 50 33 4000 2
12 13 54 60 4000 2
12 13 53 48 4000 2
12 13 0 63 4000 2
12 13 12 39 6000 2
12 13 3 7 6000 2
12 13 46 25 6000 2
12 13 48 30 6000 2
12 13 3 21 6000 2
12 13 51 7 6000 2
12 13 7 16 8000 2
12 13 28 27 8000 2
12 13 46 63 8000 2
12 13 40 33 8000 2
12 13 13 20 8000 2
12 13 53 13 8000 2
12 13 42 57 8000 2
12 13 5 31 8000 2
12 13 7 34 8000 2
12 13 34 1 10000 2
12 13 45 38 10000 2
12 13 3 52 10000 2
12 13 62 14 10000 2
12 13 12 55 10000 2
12 13 45 24 10000 2
12 13 48 58 10000 2
12 13 37 32 10000 2
