3 4 17 30 2000 2
3 4 2 26 2000 2
3 4 30 18 2000 2
3 4 19 47 2000 2
3 4 15 34 2000 2
3 4 3 16 2000 2
3 4 63 37 2000 2
3 4 11 25 2000 2
3 4 11 23 2000 2
3 4 61 36 2000 2
3 4 39 51 4000 2
3 4 38 49 4000 2
3 4 44 46 4000 2
3 4 23 63 4000 2
3 4 48 20 4000 2
3 4 17 31 4000 2
3 4 39 6 4000 2
3 4 33 27 4000 2
3 4 10 5 6000 2
3 4 17 55 6000 2
3 4 9 55 6000 2
3 4 37 1 6000 2
3 4 55 1 6000 2
3 4 62 8 6000 2
3 4 51 59 6000 2
3 4 31 30 6000 2
3 4 40 21 6000 2
3 4 20 38 6000 2
3 4 38 27 6000 2
3 4 29 6 8000 2
3 4 6 60 8000 2
3 4 29 58 8000 2
3 4 61 23 8000 2
3 4 13 11 8000 2
3 4 59 49 8000 2
3 4 58 16 8000 2
3 4 14 27 8000 2
3 4 35 62 8000 2
3 4 38 45 8000 2
3 4 54 20 8000 2
3 4 63 11 8000 2
3 4 44 30 10000 2
3 4 54 6 10000 2
3 4 11 56 10000 2
3 4 12 47 10000 2
3 4 17 30 10000 2
3 4 12 48 10000 2
3 4 61 20 10000 2
