13 14 38 15 2000 2
13 14 44 29 2000 2
13 14 31 58 2000 2
13 14 48 0 2000 2
13 14 4 45 2000 2
13 14 24 43 4000 2
13 14 13 44 4000 2
13 14 11 37 4000 2
13 14 50 18 4000 2
13 14 58 61 4000 2
13 14 47 14 4000 2
13 14 43 8 4000 2
13 14 50 36 4000 2
13 14 31 54 6000 2
13 14 27 22 6000 2
13 14 60 15 6000 2
13 14 35 9 6000 2
13 14 22 40 6000 2
13 14 54 3 6000 2
13 14 15 62 6000 2
13 14 15 59 6000 2
13 14 49 9 6000 2
13 14 24 16 8000 2
13 14 14 25 8000 2
13 14 18 8 8000 2
13 14 15 7 8000 2
13 14 1 27 8000 2
13 14 5 41 8000 2
13 14 40 59 8000 2
13 14 46 8 8000 2
13 14 7 42 8000 2
13 14 19 62 10000 2
13 14 48 25 10000 2
13 14 59 18 10000 2
13 14 18 25 10000 2
13 14 55 40 10000 2
13 14 58 42 10000 2
13 14 3 53 10000 2
13 14 24 4 10000 2
13 14 37 48 10000 2
13 14 55 0 10000 2
