11 12 63 11 2000 2
11 12 59 3 2000 2
11 12 49 54 2000 2
11 12 45 53 2000 2
11 12 43 3 2000 2
11 12 14 63 2000 2
11 12 44 2 2000 2
11 12 43 31 2000 2
11 12 20 53 2000 2
11 12 9 34 2000 2
11 12 3 61 4000 2
11 12 11 35 4000 2
11 12 9 60 4000 2
11 12 2 34 4000 2
11 12 39 23 4000 2
11 12 55 36 4000 2
11 12 34 41 4000 2
11 12 50 60 4000 2
11 12 12 13 4000 2
11 12 46 57 4000 2
11 12 60 57 6000 2
11 12 3 58 6000 2
11 12 8 12 6000 2
11 12 20 58 6000 2
11 12 47 33 6000 2
11 12 59 44 6000 2
11 12 11 9 6000 2
11 12 53 30 6000 2
11 12 16 23 8000 2
11 12 23 22 8000 2
11 12 38 0 8000 2
11 12 35 42 8000 2
11 12 31 22 8000 2
11 12 42 58 8000 2
11 12 43 33 8000 2
11 12 50 42 8000 2
11 12 26 54 8000 2
11 12 16 10 8000 2
11 12 5 57 8000 2
11 12 5 7 8000 2
11 12 29 6 8000 2
11 12 56 24 8000 2
11 12 56 63 10000 2
11 12 44 1 10000 2
11 12 35 40 10000 2
11 12 36 33 10000 2
