9 10 35 61 2000 2
9 10 28 2 2000 2
9 10 60 32 2000 2
9 10 18 9 2000 2
9 10 47 42 2000 2
9 10 58 61 2000 2
9 10 45 40 2000 2
9 10 35 46 2000 2
9 10 26 57 2000 2
9 10 40 16 2000 2
9 10 25 18 2000 2
9 10 13 18 4000 2
9 10 58 52 4000 2
9 10 17 36 4000 2
9 10 18 40 4000 2
9 10 52 1 4000 2
9 10 60 39 4000 2
9 10 20 32 4000 2
9 10 4 24 6000 2
9 10 41 40 6000 2
9 10 0 21 6000 2
9 10 43 32 6000 2
9 10 49 40 6000 2
9 10 21 12 6000 2
9 10 18 34 6000 2
9 10 17 3 6000 2
9 10 16 38 6000 2
9 10 36 5 6000 2
9 10 44 58 6000 2
9 10 56 55 6000 2
9 10 16 31 6000 2
9 10 63 45 6000 2
9 10 2 61 8000 2
9 10 3 56 8000 2
9 10 57 28 8000 2
9 10 33 43 8000 2
9 10 23 32 8000 2
9 10 57 41 8000 2
9 10 6 58 8000 2
9 10 1 19 8000 2
9 10 61 25 8000 2
9 10 12 49 10000 2
9 10 20 42 10000 2
9 10 34 41 10000 2
9 10 50 44 10000 2
9 10 9 57 10000 2
9 10 45 9 10000 2
9 10 31 37 10000 2
9 10 16 0 10000 2
9 10 24 21 10000 2
9 10 17 18 10000 2
9 10 59 14 10000 2
9 10 43 57 10000 2
9 10 28 12 10000 2
