4 5 31 61 2000 2
4 5 47 1 2000 2
4 5 49 2 2000 2
4 5 58 54 2000 2
4 5 1 21 2000 2
4 5 37 9 2000 2
4 5 45 29 2000 2
4 5 28 44 2000 2
4 5 17 9 2000 2
4 5 49 10 2000 2
4 5 50 35 2000 2
4 5 35 39 2000 2
4 5 5 23 2000 2
4 5 38 39 2000 2
4 5 49 40 2000 2
4 5 41 44 2000 2
4 5 43 41 4000 2
4 5 46 44 4000 2
4 5 24 45 4000 2
4 5 3 41 4000 2
4 5 62 35 4000 2
4 5 8 32 4000 2
4 5 22 25 4000 2
4 5 38 15 4000 2
4 5 8 46 6000 2
4 5 63 52 6000 2
4 5 36 40 6000 2
4 5 50 28 6000 2
4 5 49 9 6000 2
4 5 36 61 6000 2
4 5 3 60 6000 2
4 5 6 9 8000 2
4 5 49 13 8000 2
4 5 5 27 8000 2
4 5 56 42 8000 2
4 5 46 48 8000 2
4 5 10 41 10000 2
4 5 62 30 10000 2
4 5 59 32 10000 2
4 5 56 33 10000 2
4 5 34 53 10000 2
4 5 39 7 10000 2
4 5 4 41 10000 2
