1 2 37 51 2000 2
1 2 13 35 2000 2
1 2 53 18 2000 2
1 2 34 45 2000 2
1 2 46 61 2000 2
1 2 38 1 2000 2
1 2 12 58 2000 2
1 2 13 31 2000 2
1 2 5 51 2000 2
1 2 36 6 2000 2
1 2 0 28 4000 2
1 2 23 3 4000 2
1 2 20 33 4000 2
1 2 56 21 4000 2
1 2 8 11 4000 2
1 2 50 63 4000 2
1 2 21 35 4000 2
1 2 50 5 4000 2
1 2 33 0 6000 2
1 2 24 14 6000 2
1 2 6 34 6000 2
1 2 33 0 6000 2
1 2 13 23 6000 2
1 2 41 58 6000 2
1 2 49 21 6000 2
1 2 57 37 6000 2
1 2 7 59 6000 2
1 2 31 2 6000 2
1 2 31 13 6000 2
1 2 44 50 8000 2
1 2 60 40 8000 2
1 2 53 12 8000 2
1 2 4 7 8000 2
1 2 8 41 8000 2
1 2 59 26 8000 2
1 2 28 61 8000 2
1 2 42 5 8000 2
1 2 28 34 10000 2
1 2 62 9 10000 2
1 2 53 36 10000 2
1 2 45 50 10000 2
1 2 33 26 10000 2
1 2 18 7 10000 2
1 2 20 17 10000 2
1 2 33 42 10000 2
1 2 10 12 10000 2
