14 15 3 56 2000 2
14 15 53 47 2000 2
14 15 20 17 2000 2
14 15 20 30 2000 2
14 15 24 28 2000 2
14 15 47 15 2000 2
14 15 13 16 2000 2
14 15 9 18 2000 2
14 15 27 30 2000 2
14 15 40 37 2000 2
14 15 59 49 4000 2
14 15 21 18 4000 2
14 15 5 10 4000 2
14 15 22 63 4000 2
14 15 38 43 4000 2
14 15 25 45 4000 2
14 15 31 9 4000 2
14 15 41 39 4000 2
14 15 4 42 4000 2
14 15 33 20 6000 2
14 15 43 58 6000 2
14 15 38 61 6000 2
14 15 3 58 6000 2
14 15 30 19 6000 2
14 15 46 30 6000 2
14 15 45 47 6000 2
14 15 59 16 8000 2
14 15 1 29 8000 2
14 15 22 9 8000 2
14 15 26 44 8000 2
14 15 11 9 8000 2
14 15 33 60 8000 2
14 15 7 11 8000 2
14 15 3 58 8000 2
14 15 62 49 8000 2
14 15 37 16 10000 2
14 15 36 58 10000 2
14 15 22 46 10000 2
14 15 8 36 10000 2
14 15 21 16 10000 2
14 15 18 38 10000 2
14 15 49 28 10000 2
14 15 62 22 10000 2
14 15 50 51 10000 2
