7 8 51 13 2000 2
7 8 18 35 2000 2
7 8 61 31 2000 2
7 8 28 29 2000 2
7 8 34 7 2000 2
7 8 37 51 2000 2
7 8 8 62 2000 2
7 8 54 30 4000 2
7 8 9 58 4000 2
7 8 60 0 4000 2
7 8 9 62 4000 2
7 8 10 33 4000 2
7 8 60 14 4000 2
7 8 40 60 6000 2
7 8 59 57 6000 2
7 8 52 49 6000 2
7 8 8 47 6000 2
7 8 11 18 6000 2
7 8 1 61 6000 2
7 8 52 25 6000 2
7 8 41 1 6000 2
7 8 24 54 6000 2
7 8 60 57 6000 2
7 8 42 27 6000 2
7 8 37 52 8000 2
7 8 17 7 8000 2
7 8 32 21 8000 2
7 8 23 6 8000 2
7 8 46 17 8000 2
7 8 48 10 8000 2
7 8 31 36 8000 2
7 8 10 33 8000 2
7 8 54 25 8000 2
7 8 10 1 8000 2
7 8 63 2 8000 2
7 8 38 13 8000 2
7 8 43 7 8000 2
7 8 28 35 8000 2
7 8 39 41 8000 2
7 8 56 49 8000 2
7 8 14 46 10000 2
7 8 51 16 10000 2
7 8 27 61 10000 2
7 8 32 8 10000 2
7 8 23 40 10000 2
7 8 39 56 10000 2
7 8 55 50 10000 2
7 8 47 12 10000 2
7 8 49 31 10000 2
7 8 17 5 10000 2
7 8 8 13 10000 2
7 8 39 22 10000 2
