6 7 62 49 2000 2
6 7 39 2 2000 2
6 7 45 24 2000 2
6 7 24 8 2000 2
6 7 63 11 4000 2
6 7 36 12 4000 2
6 7 25 7 4000 2
6 7 21 52 4000 2
6 7 43 26 4000 2
6 7 40 33 4000 2
6 7 0 23 4000 2
6 7 35 19 4000 2
6 7 12 55 4000 2
6 7 30 33 4000 2
6 7 59 23 4000 2
6 7 39 46 6000 2
6 7 58 51 6000 2
6 7 45 33 6000 2
6 7 21 57 6000 2
6 7 40 32 6000 2
6 7 8 2 6000 2
6 7 53 9 6000 2
6 7 30 61 6000 2
6 7 41 63 6000 2
6 7 47 1 6000 2
6 7 42 2 8000 2
6 7 18 56 8000 2
6 7 33 57 8000 2
6 7 60 3 8000 2
6 7 60 51 8000 2
6 7 15 16 8000 2
6 7 53 19 8000 2
6 7 42 0 8000 2
6 7 47 20 8000 2
6 7 46 1 8000 2
6 7 40 38 8000 2
6 7 59 63 10000 2
6 7 52 62 10000 2
6 7 40 51 10000 2
6 7 37 52 10000 2
6 7 4 2 10000 2
6 7 9 20 10000 2
6 7 49 47 10000 2
6 7 43 27 10000 2
6 7 59 56 10000 2
