0 1 49 42 2000 2
0 1 37 39 2000 2
0 1 37 10 2000 2
0 1 48 41 2000 2
0 1 8 5 2000 2
0 1 22 6 2000 2
0 1 22 47 2000 2
0 1 34 55 2000 2
0 1 37 51 2000 2
0 1 44 22 4000 2
0 1 3 26 4000 2
0 1 13 61 4000 2
0 1 35 58 4000 2
0 1 61 35 4000 2
0 1 40 25 6000 2
0 1 24 37 6000 2
0 1 6 12 6000 2
0 1 27 58 6000 2
0 1 2 16 6000 2
0 1 11 60 6000 2
0 1 28 5 6000 2
0 1 14 54 8000 2
0 1 49 32 8000 2
0 1 25 1 8000 2
0 1 48 0 8000 2
0 1 35 52 8000 2
0 1 20 39 8000 2
0 1 37 42 8000 2
0 1 1 57 8000 2
0 1 35 46 8000 2
0 1 38 35 8000 2
0 1 25 27 8000 2
0 1 15 38 8000 2
0 1 38 0 10000 2
0 1 26 10 10000 2
0 1 44 6 10000 2
0 1 42 41 10000 2
0 1 8 26 10000 2
0 1 63 47 10000 2
0 1 62 3 10000 2
0 1 53 2 10000 2
0 1 48 23 10000 2
