5 6 37 10 2000 2
5 6 36 21 2000 2
5 6 19 52 2000 2
5 6 2 34 2000 2
5 6 16 58 2000 2
5 6 48 29 2000 2
5 6 29 35 2000 2
5 6 34 49 2000 2
5 6 18 23 2000 2
5 6 23 24 2000 2
5 6 7 38 2000 2
5 6 49 61 2000 2
5 6 11 45 2000 2
5 6 19 36 4000 2
5 6 58 42 4000 2
5 6 34 50 4000 2
5 6 52 36 4000 2
5 6 61 4 4000 2
5 6 41 58 4000 2
5 6 51 10 4000 2
5 6 41 30 6000 2
5 6 16 39 6000 2
5 6 45 28 6000 2
5 6 43 40 6000 2
5 6 18 10 6000 2
5 6 49 31 6000 2
5 6 23 25 6000 2
5 6 29 18 6000 2
5 6 61 60 6000 2
5 6 9 49 6000 2
5 6 49 41 6000 2
5 6 6 1 6000 2
5 6 51 20 6000 2
5 6 0 59 6000 2
5 6 37 1 6000 2
5 6 23 35 8000 2
5 6 53 32 8000 2
5 6 26 3 8000 2
5 6 29 34 8000 2
5 6 13 49 8000 2
5 6 44 12 8000 2
5 6 24 26 8000 2
5 6 49 12 8000 2
5 6 23 24 8000 2
5 6 20 8 8000 2
5 6 45 50 8000 2
5 6 28 59 8000 2
5 6 11 9 8000 2
5 6 0 12 8000 2
5 6 52 46 8000 2
5 6 39 51 8000 2
5 6 39 1 10000 2
5 6 11 15 10000 2
5 6 9 52 10000 2
5 6 14 2 10000 2
5 6 2 11 10000 2
5 6 22 49 10000 2
5 6 21 5 10000 2
5 6 26 5 10000 2
5 6 32 9 10000 2
5 6 45 37 10000 2
