8 9 55 40 2000 2
8 9 8 48 2000 2
8 9 28 5 2000 2
8 9 13 48 2000 2
8 9 0 50 2000 2
8 9 41 37 2000 2
8 9 49 28 2000 2
8 9 31 39 2000 2
8 9 55 22 4000 2
8 9 0 50 4000 2
8 9 2 47 4000 2
8 9 11 23 4000 2
8 9 51 26 4000 2
8 9 61 16 4000 2
8 9 27 15 4000 2
8 9 53 5 6000 2
8 9 16 51 6000 2
8 9 46 6 6000 2
8 9 6 56 6000 2
8 9 24 44 6000 2
8 9 22 18 6000 2
8 9 5 20 6000 2
8 9 18 23 6000 2
8 9 44 53 8000 2
8 9 26 19 8000 2
8 9 1 38 8000 2
8 9 35 5 8000 2
8 9 7 4 8000 2
8 9 57 54 8000 2
8 9 55 61 8000 2
8 9 0 31 8000 2
8 9 52 41 8000 2
8 9 39 61 8000 2
8 9 20 21 8000 2
8 9 4 7 8000 2
8 9 25 28 8000 2
8 9 37 4 8000 2
8 9 29 38 10000 2
8 9 58 19 10000 2
8 9 1 41 10000 2
8 9 36 42 10000 2
8 9 52 1 10000 2
8 9 52 57 10000 2
8 9 36 13 10000 2
8 9 9 3 10000 2
8 9 16 45 10000 2
8 9 10 1 10000 2
8 9 47 52 10000 2
8 9 46 50 10000 2
