2 3 46 31 2000 2
2 3 22 20 2000 2
2 3 8 9 2000 2
2 3 52 58 2000 2
2 3 43 51 2000 2
2 3 23 24 2000 2
2 3 40 22 2000 2
2 3 5 7 2000 2
2 3 52 56 2000 2
2 3 41 43 2000 2
2 3 49 45 2000 2
2 3 17 29 4000 2
2 3 41 38 4000 2
2 3 40 13 4000 2
2 3 39 62 4000 2
2 3 53 35 4000 2
2 3 15 22 4000 2
2 3 36 45 4000 2
2 3 39 13 4000 2
2 3 39 27 4000 2
2 3 35 8 6000 2
2 3 38 16 6000 2
2 3 23 9 6000 2
2 3 15 7 6000 2
2 3 4 35 6000 2
2 3 61 5 6000 2
2 3 56 52 6000 2
2 3 13 21 8000 2
2 3 17 20 8000 2
2 3 47 4 8000 2
2 3 17 40 8000 2
2 3 29 19 8000 2
2 3 20 12 8000 2
2 3 15 47 8000 2
2 3 48 49 8000 2
2 3 51 46 8000 2
2 3 22 27 10000 2
2 3 50 22 10000 2
2 3 37 52 10000 2
2 3 10 43 10000 2
2 3 51 44 10000 2
2 3 13 40 10000 2
2 3 48 32 10000 2
2 3 35 23 10000 2
2 3 26 59 10000 2
2 3 38 55 10000 2
2 3 19 60 10000 2
