10 11 49 35 2000 2
10 11 58 21 2000 2
10 11 24 1 2000 2
10 11 2 62 2000 2
10 11 26 42 2000 2
10 11 29 45 2000 2
10 11 17 23 2000 2
10 11 37 57 2000 2
10 11 3 36 2000 2
10 11 63 26 2000 2
10 11 36 63 2000 2
10 11 63 6 2000 2
10 11 23 1 2000 2
10 11 35 34 4000 2
10 11 34 52 4000 2
10 11 2 51 4000 2
10 11 9 2 4000 2
10 11 30 27 4000 2
10 11 8 9 4000 2
10 11 21 23 4000 2
10 11 6 35 4000 2
10 11 52 62 4000 2
10 11 63 7 4000 2
10 11 50 9 4000 2
10 11 63 33 4000 2
10 11 43 31 6000 2
10 11 29 40 6000 2
10 11 53 60 6000 2
10 11 39 57 6000 2
10 11 7 49 6000 2
10 11 7 53 6000 2
10 11 46 4 6000 2
10 11 37 45 8000 2
10 11 40 38 8000 2
10 11 24 61 8000 2
10 11 19 13 8000 2
10 11 31 12 8000 2
10 11 35 0 10000 2
10 11 1 8 10000 2
10 11 24 37 10000 2
10 11 13 15 10000 2
10 11 6 1 10000 2
10 11 52 19 10000 2
10 11 59 11 10000 2
10 11 14 43 10000 2
10 11 38 16 10000 2
10 11 1 22 10000 2
10 11 51 17 10000 2
10 11 57 50 10000 2
10 11 19 46 10000 2
10 11 36 19 10000 2
10 11 49 62 10000 2
