15 0 4 41 2000 2
15 0 34 4 2000 2
15 0 57 38 2000 2
15 0 44 27 2000 2
15 0 20 38 2000 2
15 0 43 30 2000 2
15 0 61 14 2000 2
15 0 34 18 2000 2
15 0 15 5 4000 2
15 0 41 31 4000 2
15 0 27 60 4000 2
15 0 59 44 4000 2
15 0 39 63 4000 2
15 0 9 2 4000 2
15 0 25 5 4000 2
15 0 0 34 6000 2
15 0 60 10 6000 2
15 0 54 43 6000 2
15 0 62 5 6000 2
15 0 36 43 6000 2
15 0 54 12 6000 2
15 0 60 17 6000 2
15 0 47 33 8000 2
15 0 32 57 8000 2
15 0 26 15 8000 2
15 0 8 32 8000 2
15 0 26 52 8000 2
15 0 43 50 8000 2
15 0 19 58 8000 2
15 0 31 6 8000 2
15 0 38 35 8000 2
15 0 51 53 10000 2
15 0 42 39 10000 2
15 0 32 61 10000 2
15 0 23 62 10000 2
15 0 30 12 10000 2
15 0 3 28 10000 2
15 0 45 59 10000 2
15 0 38 48 10000 2
15 0 6 44 10000 2
15 0 44 20 10000 2
15 0 15 51 10000 2
15 0 51 28 10000 2
15 0 9 40 10000 2
15 0 1 28 10000 2
15 0 47 13 10000 2
15 0 11 12 10000 2
