0 0 960 582 2000 2
0 0 880 853 2000 2
0 0 539 439 2000 2
0 0 1015 719 2000 2
0 0 541 597 2000 2
0 0 610 717 2000 2
0 0 718 73 2000 2
0 0 182 974 2000 2
0 0 326 698 2000 2
0 0 50 238 2000 2
0 0 767 978 2000 2
0 0 799 598 2000 2
0 0 772 41 2000 2
0 0 846 593 2000 2
0 0 72 21 2000 2
0 0 578 945 2000 2
0 0 21 61 2000 2
0 0 35 592 2000 2
0 0 757 687 2000 2
0 0 571 606 2000 2
0 0 335 455 2000 2
0 0 239 622 2000 2
0 0 705 895 2000 2
0 0 568 305 2000 2
0 0 229 27 2000 2
0 0 102 470 2000 2
0 0 1020 623 2000 2
0 0 208 858 2000 2
0 0 169 770 2000 2
0 0 652 859 2000 2
0 0 649 900 2000 2
0 0 842 301 2000 2
0 0 471 318 2000 2
0 0 774 782 2000 2
0 0 131 208 2000 2
0 0 806 180 2000 2
0 0 372 386 2000 2
0 0 125 192 2000 2
0 0 606 281 2000 2
0 0 341 129 2000 2
0 0 300 2 2000 2
0 0 258 753 2000 2
0 0 789 89 2000 2
0 0 196 27 2000 2
0 0 510 6 2000 2
0 0 484 44 2000 2
0 0 655 228 2000 2
0 0 221 819 2000 2
0 0 858 304 2000 2
0 0 681 373 2000 2
0 0 742 136 2000 2
0 0 601 539 2000 2
0 0 897 740 2000 2
0 0 176 132 2000 2
0 0 641 374 2000 2
0 0 473 509 2000 2
0 0 945 107 2000 2
0 0 316 451 2000 2
0 0 622 27 2000 2
0 0 433 250 2000 2
0 0 448 916 2000 2
0 0 951 60 2000 2
0 0 665 876 2000 2
0 0 917 715 2000 2
0 0 156 295 2000 2
0 0 80 916 2000 2
0 0 400 954 4000 2
0 0 250 916 4000 2
0 0 845 961 4000 2
0 0 900 536 4000 2
0 0 933 512 4000 2
0 0 770 909 4000 2
0 0 225 701 4000 2
0 0 735 654 4000 2
0 0 981 426 4000 2
0 0 53 466 4000 2
0 0 927 98 4000 2
0 0 254 243 4000 2
0 0 752 398 4000 2
0 0 736 232 4000 2
0 0 22 340 4000 2
0 0 203 0 4000 2
0 0 63 920 4000 2
0 0 710 403 4000 2
0 0 26 99 4000 2
0 0 864 388 4000 2
0 0 405 599 4000 2
0 0 785 90 4000 2
0 0 859 905 4000 2
0 0 171 367 4000 2
0 0 329 247 4000 2
0 0 585 713 4000 2
0 0 255 385 4000 2
0 0 753 745 4000 2
0 0 488 326 4000 2
0 0 380 551 4000 2
0 0 104 686 4000 2
0 0 454 353 4000 2
0 0 707 269 4000 2
0 0 310 710 4000 2
0 0 972 994 4000 2
0 0 437 629 4000 2
0 0 620 908 4000 2
0 0 384 1009 4000 2
0 0 307 840 4000 2
0 0 125 405 4000 2
0 0 224 157 4000 2
0 0 302 671 4000 2
0 0 124 315 4000 2
0 0 731 515 4000 2
0 0 723 45 4000 2
0 0 981 150 4000 2
0 0 437 143 4000 2
0 0 687 43 6000 2
0 0 25 465 6000 2
0 0 787 103 6000 2
0 0 987 713 6000 2
0 0 553 142 6000 2
0 0 846 7 6000 2
0 0 668 414 6000 2
0 0 179 917 6000 2
0 0 638 246 6000 2
0 0 509 122 6000 2
0 0 874 828 6000 2
0 0 670 216 6000 2
0 0 68 883 6000 2
0 0 936 751 6000 2
0 0 124 45 6000 2
0 0 38 514 6000 2
0 0 145 940 6000 2
0 0 456 910 6000 2
0 0 1018 1001 6000 2
0 0 401 988 6000 2
0 0 696 704 6000 2
0 0 329 54 6000 2
0 0 752 34 6000 2
0 0 669 353 6000 2
0 0 644 328 6000 2
0 0 770 897 6000 2
0 0 171 295 6000 2
0 0 315 588 6000 2
0 0 670 407 6000 2
0 0 672 320 6000 2
0 0 980 716 6000 2
0 0 986 720 6000 2
0 0 938 453 6000 2
0 0 285 117 6000 2
0 0 916 334 6000 2
0 0 381 1017 6000 2
0 0 631 513 6000 2
0 0 14 85 6000 2
0 0 344 641 6000 2
0 0 379 23 6000 2
0 0 26 391 6000 2
0 0 851 291 6000 2
0 0 277 540 6000 2
0 0 187 273 6000 2
0 0 926 984 6000 2
0 0 511 570 6000 2
0 0 595 194 6000 2
0 0 852 338 6000 2
0 0 555 773 6000 2
0 0 22 280 8000 2
0 0 480 797 8000 2
0 0 127 476 8000 2
0 0 564 406 8000 2
0 0 633 270 8000 2
0 0 947 975 8000 2
0 0 522 895 8000 2
0 0 760 630 8000 2
0 0 403 441 8000 2
0 0 425 96 8000 2
0 0 992 638 8000 2
0 0 119 32 8000 2
0 0 165 686 8000 2
0 0 110 121 8000 2
0 0 778 734 8000 2
0 0 983 809 8000 2
0 0 62 738 8000 2
0 0 264 504 8000 2
0 0 720 770 8000 2
0 0 41 597 8000 2
0 0 438 87 8000 2
0 0 485 391 8000 2
0 0 705 282 8000 2
0 0 816 282 8000 2
0 0 262 841 8000 2
0 0 92 113 8000 2
0 0 385 828 8000 2
0 0 875 343 8000 2
0 0 527 796 8000 2
0 0 341 94 8000 2
0 0 328 525 8000 2
0 0 232 305 8000 2
0 0 888 42 8000 2
0 0 530 960 8000 2
0 0 422 868 8000 2
0 0 785 843 8000 2
0 0 919 782 8000 2
0 0 411 385 8000 2
0 0 30 192 8000 2
0 0 909 306 8000 2
0 0 876 741 8000 2
0 0 524 173 8000 2
0 0 484 811 8000 2
0 0 534 928 8000 2
0 0 766 308 8000 2
0 0 529 506 8000 2
0 0 910 434 8000 2
0 0 66 128 8000 2
0 0 52 365 8000 2
0 0 766 289 8000 2
0 0 233 891 8000 2
0 0 230 77 8000 2
0 0 906 447 8000 2
0 0 840 970 8000 2
0 0 530 284 8000 2
0 0 18 692 8000 2
0 0 940 575 8000 2
0 0 896 771 10000 2
0 0 317 531 10000 2
0 0 18 579 10000 2
0 0 903 1019 10000 2
0 0 713 322 10000 2
0 0 690 94 10000 2
0 0 3 26 10000 2
0 0 360 249 10000 2
0 0 933 200 10000 2
0 0 683 1023 10000 2
0 0 927 322 10000 2
0 0 439 81 10000 2
0 0 421 733 10000 2
0 0 335 125 10000 2
0 0 620 530 10000 2
0 0 547 908 10000 2
0 0 64 575 10000 2
0 0 589 580 10000 2
0 0 255 580 10000 2
0 0 762 639 10000 2
0 0 792 611 10000 2
0 0 125 96 10000 2
0 0 678 338 10000 2
0 0 102 898 10000 2
0 0 869 453 10000 2
0 0 242 735 10000 2
0 0 826 266 10000 2
0 0 124 470 10000 2
0 0 355 227 10000 2
0 0 630 935 10000 2
0 0 315 585 10000 2
0 0 105 386 10000 2
0 0 87 91 10000 2
0 0 941 381 10000 2
0 0 514 992 10000 2
0 0 45 366 10000 2
0 0 554 258 10000 2
