1 0 0 6 1600 2
1 0 1 13 1600 2
1 0 2 12 1600 2
1 0 3 12 1600 2
1 0 4 11 1600 2
1 0 5 8 1600 2
1 0 6 10 1600 2
1 0 7 13 1600 2
1 0 8 1 1600 2
1 0 9 8 1600 2
1 0 10 3 1600 2
1 0 11 9 1600 2
1 0 12 14 1600 2
1 0 13 5 1600 2
1 0 14 1 1600 2
1 0 15 10 1600 2
1 0 1 13 1700 2
1 0 3 12 1700 2
1 0 5 8 1700 2
1 0 11 9 1700 2
1 0 12 14 1700 2
1 0 13 5 1700 2
1 0 14 1 1700 2
1 0 15 10 1700 2
1 0 4 11 1800 2
1 0 2 12 1900 2
1 0 6 10 1900 2
1 0 7 13 1900 2
1 0 8 1 1900 2
1 0 9 8 1900 2
1 0 0 6 2000 2
1 0 1 13 2000 2
1 0 3 12 2000 2
1 0 5 8 2000 2
1 0 10 3 2000 2
1 0 11 9 2000 2
1 0 14 1 2000 2
1 0 15 10 2000 2
1 0 4 11 2100 2
1 0 5 8 2100 2
1 0 9 8 2200 2
1 0 12 14 2200 2
1 0 1 13 2300 2
1 0 3 12 2300 2
1 0 14 1 2300 2
1 0 15 10 2300 2
1 0 2 12 2400 2
1 0 4 11 2400 2
1 0 5 8 2400 2
1 0 6 10 2400 2
1 0 11 9 2400 2
1 0 13 5 2400 2
1 0 0 6 2500 2
1 0 9 8 2500 2
1 0 1 13 2600 2
1 0 7 13 2600 2
1 0 8 1 2600 2
1 0 4 11 2700 2
1 0 5 8 2700 2
1 0 10 3 2700 2
1 0 12 14 2700 2
1 0 14 1 2700 2
1 0 15 10 2700 2
1 0 3 12 2800 2
1 0 2 12 2900 2
1 0 6 10 2900 2
1 0 11 9 2900 2
