0 1 0 6 1600 2
0 1 1 13 1600 2
0 1 2 12 1600 2
0 1 3 12 1600 2
0 1 4 11 1600 2
0 1 5 8 1600 2
0 1 6 10 1600 2
0 1 7 13 1600 2
0 1 8 1 1600 2
0 1 9 8 1600 2
0 1 10 3 1600 2
0 1 11 9 1600 2
0 1 12 14 1600 2
0 1 13 5 1600 2
0 1 14 1 1600 2
0 1 15 10 1600 2
0 1 1 13 1700 2
0 1 3 12 1700 2
0 1 4 11 1700 2
0 1 5 8 1700 2
0 1 6 10 1700 2
0 1 8 1 1700 2
0 1 11 9 1700 2
0 1 12 14 1700 2
0 1 13 5 1700 2
0 1 14 1 1700 2
0 1 15 10 1700 2
0 1 0 6 1800 2
0 1 9 8 1800 2
0 1 15 10 1800 2
0 1 2 12 1900 2
0 1 7 13 1900 2
0 1 11 9 1900 2
0 1 14 1 1900 2
0 1 1 13 2000 2
0 1 3 12 2000 2
0 1 4 11 2000 2
0 1 5 8 2000 2
0 1 10 3 2000 2
0 1 5 8 2100 2
0 1 8 1 2100 2
0 1 4 11 2200 2
0 1 6 10 2200 2
0 1 12 14 2200 2
0 1 14 1 2200 2
0 1 15 10 2200 2
0 1 0 6 2300 2
0 1 1 13 2300 2
0 1 9 8 2300 2
0 1 2 12 2400 2
0 1 3 12 2400 2
0 1 8 1 2400 2
0 1 11 9 2400 2
0 1 13 5 2400 2
0 1 5 8 2500 2
0 1 14 1 2500 2
0 1 15 10 2500 2
0 1 1 13 2600 2
0 1 4 11 2600 2
0 1 7 13 2600 2
0 1 6 10 2700 2
0 1 8 1 2700 2
0 1 10 3 2700 2
0 1 11 9 2700 2
0 1 12 14 2700 2
0 1 0 6 2800 2
0 1 5 8 2800 2
0 1 9 8 2800 2
0 1 14 1 2800 2
0 1 15 10 2800 2
0 1 1 13 2900 2
0 1 2 12 2900 2
0 1 3 12 2900 2
0 1 4 11 2900 2
