1 2 0 8 500 2
1 2 0 3 500 2
1 2 15 9 500 2
1 2 15 7 500 2
1 2 15 0 500 2
1 2 14 8 500 2
1 2 11 7 500 2
1 2 11 8 500 2
1 2 11 9 500 2
1 2 9 2 500 2
1 2 9 2 500 2
1 2 8 7 500 2
1 2 7 2 500 2
1 2 8 6 500 2
1 2 3 8 500 2
1 2 4 1 500 2
1 2 4 2 500 2
1 2 5 9 500 2
1 2 5 3 500 2
1 2 5 9 500 2
1 2 6 8 500 2
1 2 6 0 500 2
1 2 7 8 500 2
1 2 6 0 1000 2
1 2 7 6 1000 2
1 2 7 2 1000 2
1 2 8 7 1000 2
1 2 8 2 1000 2
1 2 9 2 1000 2
1 2 10 9 1000 2
1 2 10 9 1000 2
1 2 10 9 1000 2
1 2 11 9 1000 2
1 2 12 5 1000 2
1 2 12 5 1000 2
1 2 13 0 1000 2
1 2 14 5 1000 2
1 2 14 1 1000 2
1 2 15 9 1000 2
1 2 4 7 1000 2
1 2 6 8 1000 2
1 2 0 3 1000 2
1 2 0 5 1000 2
1 2 0 5 1000 2
1 2 1 0 1000 2
1 2 1 2 1000 2
1 2 2 8 1000 2
1 2 2 3 1000 2
1 2 2 6 1000 2
1 2 3 7 1000 2
1 2 4 9 1000 2
1 2 3 7 1000 2
1 2 4 0 1000 2
1 2 5 7 1000 2
1 2 6 3 1000 2
1 2 6 7 1000 2
1 2 7 7 1500 2
1 2 8 7 1500 2
1 2 8 6 1500 2
1 2 9 1 1500 2
1 2 10 9 1500 2
1 2 10 3 1500 2
1 2 11 2 1500 2
1 2 12 5 1500 2
1 2 13 4 1500 2
1 2 15 0 1500 2
1 2 15 2 1500 2
1 2 3 9 1500 2
1 2 6 5 1500 2
1 2 7 9 1500 2
1 2 2 0 1500 2
1 2 3 7 1500 2
1 2 1 9 1500 2
1 2 3 4 1500 2
1 2 4 6 1500 2
1 2 5 8 1500 2
1 2 6 2 1500 2
1 2 6 8 1500 2
1 2 4 0 1500 2
1 2 6 8 2000 2
1 2 6 3 2000 2
1 2 6 3 2000 2
1 2 7 5 2000 2
1 2 7 5 2000 2
1 2 7 2 2000 2
1 2 8 7 2000 2
1 2 8 2 2000 2
1 2 9 0 2000 2
1 2 9 6 2000 2
1 2 11 6 2000 2
1 2 13 5 2000 2
1 2 15 2 2000 2
1 2 5 3 2000 2
1 2 0 2 2000 2
1 2 0 5 2000 2
1 2 0 3 2000 2
1 2 0 6 2000 2
1 2 0 8 2000 2
1 2 1 7 2000 2
1 2 2 1 2000 2
1 2 2 9 2000 2
1 2 3 7 2000 2
1 2 4 4 2000 2
1 2 4 4 2000 2
1 2 5 3 2000 2
1 2 2 8 2000 2
1 2 6 2 2500 2
1 2 6 8 2500 2
1 2 6 4 2500 2
1 2 7 5 2500 2
1 2 8 7 2500 2
1 2 10 0 2500 2
1 2 11 0 2500 2
1 2 13 2 2500 2
1 2 13 2 2500 2
1 2 15 7 2500 2
1 2 15 9 2500 2
1 2 3 7 2500 2
1 2 5 8 2500 2
1 2 6 3 2500 2
1 2 0 7 2500 2
1 2 0 7 2500 2
1 2 1 7 2500 2
1 2 2 9 2500 2
1 2 3 8 2500 2
1 2 3 5 2500 2
1 2 0 2 2500 2
1 2 4 2 2500 2
1 2 4 7 2500 2
1 2 4 0 2500 2
1 2 4 8 3000 2
1 2 15 2 3000 2
1 2 13 8 3000 2
1 2 12 2 3000 2
1 2 12 4 3000 2
1 2 11 0 3000 2
1 2 9 5 3000 2
1 2 6 2 3000 2
1 2 4 4 3000 2
1 2 3 5 3000 2
1 2 3 7 3000 2
1 2 3 8 3000 2
1 2 0 7 3000 2
1 2 0 2 3000 2
1 2 0 4 3000 2
1 2 5 3 3000 2
1 2 15 6 3500 2
1 2 10 8 3500 2
1 2 10 9 3500 2
1 2 11 1 3500 2
1 2 11 9 3500 2
1 2 12 4 3500 2
1 2 12 6 3500 2
1 2 13 7 3500 2
1 2 13 5 3500 2
1 2 1 0 3500 2
1 2 9 1 3500 2
1 2 8 1 3500 2
1 2 8 6 3500 2
1 2 6 3 3500 2
1 2 6 2 3500 2
1 2 5 3 3500 2
1 2 5 6 3500 2
1 2 1 7 3500 2
1 2 9 8 3500 2
1 2 0 0 3500 2
1 2 7 5 4000 2
1 2 8 7 4000 2
1 2 8 7 4000 2
1 2 8 0 4000 2
1 2 10 0 4000 2
1 2 11 8 4000 2
1 2 12 3 4000 2
1 2 13 2 4000 2
1 2 14 2 4000 2
1 2 15 0 4000 2
1 2 4 3 4000 2
1 2 5 8 4000 2
1 2 5 8 4000 2
1 2 4 2 4000 2
1 2 4 2 4000 2
1 2 3 7 4000 2
1 2 2 6 4000 2
1 2 2 3 4000 2
1 2 1 7 4000 2
1 2 1 2 4000 2
1 2 6 4 4000 2
1 2 7 1 4500 2
1 2 8 6 4500 2
1 2 9 5 4500 2
1 2 10 4 4500 2
1 2 11 7 4500 2
1 2 11 0 4500 2
1 2 12 0 4500 2
1 2 12 7 4500 2
1 2 13 8 4500 2
1 2 14 7 4500 2
1 2 14 8 4500 2
1 2 15 4 4500 2
1 2 15 6 4500 2
1 2 6 5 4500 2
1 2 0 5 4500 2
1 2 0 6 4500 2
1 2 0 3 4500 2
1 2 0 8 4500 2
1 2 1 7 4500 2
1 2 2 5 4500 2
1 2 3 7 4500 2
1 2 4 2 4500 2
1 2 4 1 4500 2
1 2 5 3 4500 2
1 2 5 6 4500 2
1 2 7 6 4500 2
1 2 3 7 4500 2
1 2 8 7 5000 2
1 2 8 2 5000 2
1 2 9 0 5000 2
1 2 10 0 5000 2
1 2 10 5 5000 2
1 2 11 0 5000 2
1 2 11 0 5000 2
1 2 11 7 5000 2
1 2 12 4 5000 2
1 2 14 0 5000 2
1 2 14 9 5000 2
1 2 15 3 5000 2
1 2 8 4 5000 2
1 2 6 1 5000 2
1 2 6 4 5000 2
1 2 2 8 5000 2
1 2 2 7 5000 2
1 2 3 4 5000 2
1 2 3 7 5000 2
1 2 3 2 5000 2
1 2 4 5 5000 2
1 2 4 2 5000 2
1 2 4 9 5000 2
1 2 5 3 5000 2
1 2 6 8 5000 2
1 2 0 2 5000 2
1 2 8 9 5500 2
1 2 15 6 5500 2
1 2 14 5 5500 2
1 2 13 8 5500 2
1 2 12 3 5500 2
1 2 11 2 5500 2
1 2 10 9 5500 2
1 2 9 2 5500 2
1 2 8 6 5500 2
1 2 7 7 5500 2
1 2 7 8 5500 2
1 2 6 7 5500 2
1 2 5 3 5500 2
1 2 5 3 5500 2
1 2 2 3 5500 2
1 2 1 8 5500 2
1 2 7 4 6000 2
1 2 15 8 6000 2
1 2 8 7 6000 2
1 2 10 9 6000 2
1 2 11 0 6000 2
1 2 11 0 6000 2
1 2 11 7 6000 2
1 2 13 3 6000 2
1 2 13 7 6000 2
1 2 13 5 6000 2
1 2 13 7 6000 2
1 2 14 5 6000 2
1 2 15 0 6000 2
1 2 7 9 6000 2
1 2 7 9 6000 2
1 2 0 5 6000 2
1 2 0 3 6000 2
1 2 0 8 6000 2
1 2 1 0 6000 2
1 2 1 7 6000 2
1 2 3 5 6000 2
1 2 3 5 6000 2
1 2 5 8 6000 2
1 2 6 2 6000 2
1 2 6 8 6000 2
1 2 6 3 6000 2
1 2 6 3 6000 2
1 2 5 8 6500 2
1 2 15 8 6500 2
1 2 14 8 6500 2
1 2 13 2 6500 2
1 2 12 4 6500 2
1 2 11 3 6500 2
1 2 11 8 6500 2
1 2 9 2 6500 2
1 2 6 2 6500 2
1 2 8 7 6500 2
1 2 4 6 6500 2
1 2 4 2 6500 2
1 2 4 2 6500 2
1 2 4 7 6500 2
1 2 0 2 6500 2
1 2 0 8 6500 2
1 2 6 3 7000 2
1 2 6 9 7000 2
1 2 7 3 7000 2
1 2 7 8 7000 2
1 2 8 9 7000 2
1 2 9 8 7000 2
1 2 10 7 7000 2
1 2 11 0 7000 2
1 2 11 2 7000 2
1 2 15 2 7000 2
1 2 2 0 7000 2
1 2 4 9 7000 2
1 2 5 4 7000 2
1 2 0 4 7000 2
1 2 0 9 7000 2
1 2 2 5 7000 2
1 2 3 6 7000 2
1 2 3 3 7000 2
1 2 4 5 7000 2
1 2 4 8 7000 2
1 2 4 2 7000 2
1 2 8 7 7500 2
1 2 8 6 7500 2
1 2 8 8 7500 2
1 2 8 3 7500 2
1 2 9 0 7500 2
1 2 10 2 7500 2
1 2 10 9 7500 2
1 2 11 9 7500 2
1 2 11 9 7500 2
1 2 13 2 7500 2
1 2 14 9 7500 2
1 2 14 2 7500 2
1 2 15 6 7500 2
1 2 15 6 7500 2
1 2 15 6 7500 2
1 2 7 9 7500 2
1 2 8 4 7500 2
1 2 0 6 7500 2
1 2 0 8 7500 2
1 2 2 6 7500 2
1 2 3 4 7500 2
1 2 3 3 7500 2
1 2 4 9 7500 2
1 2 5 2 7500 2
1 2 6 3 7500 2
1 2 6 3 7500 2
1 2 6 3 7500 2
1 2 6 3 7500 2
1 2 6 9 7500 2
1 2 5 9 7500 2
1 2 8 7 8000 2
1 2 9 1 8000 2
1 2 10 0 8000 2
1 2 10 4 8000 2
1 2 10 5 8000 2
1 2 11 7 8000 2
1 2 11 5 8000 2
1 2 11 7 8000 2
1 2 12 6 8000 2
1 2 14 2 8000 2
1 2 14 8 8000 2
1 2 15 7 8000 2
1 2 15 9 8000 2
1 2 7 5 8000 2
1 2 8 9 8000 2
1 2 0 1 8000 2
1 2 0 3 8000 2
1 2 1 7 8000 2
1 2 1 7 8000 2
1 2 2 3 8000 2
1 2 3 4 8000 2
1 2 3 3 8000 2
1 2 4 0 8000 2
1 2 5 9 8000 2
1 2 6 3 8000 2
1 2 7 8 8000 2
1 2 4 7 8000 2
1 2 8 9 8000 2
1 2 7 1 8500 2
1 2 9 8 8500 2
1 2 10 1 8500 2
1 2 10 3 8500 2
1 2 11 9 8500 2
1 2 11 5 8500 2
1 2 12 8 8500 2
1 2 13 5 8500 2
1 2 14 8 8500 2
1 2 14 0 8500 2
1 2 15 8 8500 2
1 2 11 4 8500 2
1 2 5 2 8500 2
1 2 6 8 8500 2
1 2 2 8 8500 2
1 2 2 6 8500 2
1 2 2 5 8500 2
1 2 3 2 8500 2
1 2 3 3 8500 2
1 2 4 7 8500 2
1 2 4 2 8500 2
1 2 4 1 8500 2
1 2 5 3 8500 2
1 2 5 6 8500 2
1 2 3 0 8500 2
1 2 6 8 9000 2
1 2 7 5 9000 2
1 2 7 1 9000 2
1 2 7 3 9000 2
1 2 8 7 9000 2
1 2 9 0 9000 2
1 2 10 1 9000 2
1 2 11 5 9000 2
1 2 12 8 9000 2
1 2 13 4 9000 2
1 2 15 2 9000 2
1 2 0 4 9000 2
1 2 6 8 9000 2
1 2 1 9 9000 2
1 2 1 8 9000 2
1 2 2 2 9000 2
1 2 3 4 9000 2
1 2 3 2 9000 2
1 2 5 2 9000 2
1 2 5 9 9000 2
1 2 4 2 9000 2
1 2 4 7 9000 2
1 2 3 7 9000 2
1 2 9 2 9500 2
1 2 15 3 9500 2
1 2 15 1 9500 2
1 2 14 1 9500 2
1 2 13 3 9500 2
1 2 13 4 9500 2
1 2 12 6 9500 2
1 2 12 2 9500 2
1 2 11 5 9500 2
1 2 11 3 9500 2
1 2 9 1 9500 2
1 2 5 6 9500 2
1 2 5 9 9500 2
1 2 4 2 9500 2
1 2 4 5 9500 2
1 2 3 3 9500 2
1 2 2 5 9500 2
1 2 2 0 9500 2
1 2 1 2 9500 2
1 2 0 0 9500 2
1 2 7 3 9500 2
1 2 9 0 10000 2
1 2 9 3 10000 2
1 2 10 0 10000 2
1 2 10 8 10000 2
1 2 12 6 10000 2
1 2 12 8 10000 2
1 2 12 7 10000 2
1 2 13 6 10000 2
1 2 13 6 10000 2
1 2 14 4 10000 2
1 2 15 8 10000 2
1 2 15 3 10000 2
1 2 6 8 10000 2
1 2 7 2 10000 2
1 2 0 2 10000 2
1 2 0 8 10000 2
1 2 1 0 10000 2
1 2 2 5 10000 2
1 2 3 1 10000 2
1 2 3 3 10000 2
1 2 3 6 10000 2
1 2 4 2 10000 2
1 2 4 6 10000 2
1 2 5 2 10000 2
1 2 3 4 10000 2
1 2 4 6 10500 2
1 2 5 2 10500 2
1 2 5 4 10500 2
1 2 6 6 10500 2
1 2 7 2 10500 2
1 2 10 8 10500 2
1 2 11 2 10500 2
1 2 11 0 10500 2
1 2 12 8 10500 2
1 2 12 8 10500 2
1 2 15 0 10500 2
1 2 15 7 10500 2
1 2 15 5 10500 2
1 2 15 5 10500 2
1 2 4 2 10500 2
1 2 4 2 10500 2
1 2 0 8 10500 2
1 2 0 4 10500 2
1 2 0 2 10500 2
1 2 2 5 10500 2
1 2 2 2 10500 2
1 2 2 8 10500 2
1 2 3 5 10500 2
1 2 3 3 10500 2
1 2 3 1 10500 2
1 2 3 8 10500 2
1 2 4 3 10500 2
1 2 3 2 10500 2
1 2 8 7 11000 2
1 2 9 2 11000 2
1 2 9 6 11000 2
1 2 11 1 11000 2
1 2 11 2 11000 2
1 2 11 0 11000 2
1 2 12 0 11000 2
1 2 13 6 11000 2
1 2 14 8 11000 2
1 2 14 1 11000 2
1 2 14 0 11000 2
1 2 15 5 11000 2
1 2 15 2 11000 2
1 2 15 2 11000 2
1 2 7 8 11000 2
1 2 0 3 11000 2
1 2 0 1 11000 2
1 2 1 8 11000 2
1 2 2 2 11000 2
1 2 3 1 11000 2
1 2 3 0 11000 2
1 2 4 3 11000 2
1 2 4 1 11000 2
1 2 5 7 11000 2
1 2 5 0 11000 2
1 2 7 2 11000 2
1 2 9 3 11000 2
1 2 3 9 11000 2
1 2 10 9 11500 2
1 2 11 9 11500 2
1 2 11 5 11500 2
1 2 11 8 11500 2
1 2 12 6 11500 2
1 2 12 8 11500 2
1 2 14 3 11500 2
1 2 14 9 11500 2
1 2 15 8 11500 2
1 2 15 6 11500 2
1 2 15 9 11500 2
1 2 0 3 11500 2
1 2 10 7 11500 2
1 2 10 5 11500 2
1 2 0 8 11500 2
1 2 3 6 11500 2
1 2 4 5 11500 2
1 2 4 2 11500 2
1 2 4 2 11500 2
1 2 4 8 11500 2
1 2 7 3 11500 2
1 2 7 8 11500 2
1 2 8 8 11500 2
1 2 11 0 12000 2
1 2 11 8 12000 2
1 2 10 5 12000 2
1 2 11 3 12000 2
1 2 11 0 12000 2
1 2 12 8 12000 2
1 2 12 6 12000 2
1 2 14 4 12000 2
1 2 14 8 12000 2
1 2 14 4 12000 2
1 2 15 8 12000 2
1 2 15 2 12000 2
1 2 15 6 12000 2
1 2 15 5 12000 2
1 2 15 9 12000 2
1 2 9 6 12000 2
1 2 9 1 12000 2
1 2 0 1 12000 2
1 2 1 0 12000 2
1 2 2 8 12000 2
1 2 3 8 12000 2
1 2 4 4 12000 2
1 2 4 2 12000 2
1 2 4 2 12000 2
1 2 5 6 12000 2
1 2 5 5 12000 2
1 2 5 4 12000 2
1 2 6 2 12000 2
1 2 7 6 12000 2
1 2 7 5 12000 2
1 2 10 9 12500 2
1 2 11 1 12500 2
1 2 11 9 12500 2
1 2 11 2 12500 2
1 2 12 2 12500 2
1 2 12 7 12500 2
1 2 13 4 12500 2
1 2 13 5 12500 2
1 2 14 5 12500 2
1 2 14 3 12500 2
1 2 14 8 12500 2
1 2 15 0 12500 2
1 2 15 4 12500 2
1 2 15 5 12500 2
1 2 15 5 12500 2
1 2 0 3 12500 2
1 2 9 4 12500 2
1 2 10 1 12500 2
1 2 1 0 12500 2
1 2 2 3 12500 2
1 2 2 4 12500 2
1 2 3 2 12500 2
1 2 3 6 12500 2
1 2 3 1 12500 2
1 2 4 2 12500 2
1 2 5 9 12500 2
1 2 5 0 12500 2
1 2 6 6 12500 2
1 2 7 0 12500 2
1 2 9 5 12500 2
1 2 9 2 12500 2
1 2 4 0 12500 2
1 2 7 3 13000 2
1 2 7 3 13000 2
1 2 7 3 13000 2
1 2 9 2 13000 2
1 2 11 5 13000 2
1 2 11 0 13000 2
1 2 14 0 13000 2
1 2 15 1 13000 2
1 2 15 8 13000 2
1 2 15 2 13000 2
1 2 5 0 13000 2
1 2 6 8 13000 2
1 2 6 8 13000 2
1 2 5 8 13000 2
1 2 4 5 13000 2
1 2 3 8 13000 2
1 2 2 7 13000 2
1 2 1 1 13000 2
1 2 1 2 13000 2
1 2 1 9 13000 2
1 2 1 7 13000 2
1 2 0 8 13000 2
1 2 9 0 13500 2
1 2 10 8 13500 2
1 2 10 3 13500 2
1 2 12 7 13500 2
1 2 13 9 13500 2
1 2 13 3 13500 2
1 2 14 2 13500 2
1 2 15 0 13500 2
1 2 15 2 13500 2
1 2 15 7 13500 2
1 2 15 2 13500 2
1 2 12 8 13500 2
1 2 7 0 13500 2
1 2 7 2 13500 2
1 2 1 8 13500 2
1 2 3 0 13500 2
1 2 4 6 13500 2
1 2 4 9 13500 2
1 2 4 2 13500 2
1 2 4 1 13500 2
1 2 4 9 13500 2
1 2 6 6 13500 2
1 2 6 8 13500 2
1 2 4 2 13500 2
1 2 7 0 14000 2
1 2 8 3 14000 2
1 2 9 1 14000 2
1 2 10 1 14000 2
1 2 11 4 14000 2
1 2 11 0 14000 2
1 2 13 6 14000 2
1 2 13 6 14000 2
1 2 13 3 14000 2
1 2 14 0 14000 2
1 2 14 0 14000 2
1 2 14 0 14000 2
1 2 14 7 14000 2
1 2 15 7 14000 2
1 2 15 6 14000 2
1 2 15 8 14000 2
1 2 15 4 14000 2
1 2 5 6 14000 2
1 2 0 3 14000 2
1 2 0 1 14000 2
1 2 1 7 14000 2
1 2 1 5 14000 2
1 2 2 9 14000 2
1 2 2 6 14000 2
1 2 2 8 14000 2
1 2 3 1 14000 2
1 2 4 2 14000 2
1 2 4 0 14000 2
1 2 4 0 14000 2
1 2 5 9 14000 2
1 2 5 2 14000 2
1 2 7 3 14000 2
1 2 3 2 14000 2
1 2 10 6 14500 2
1 2 10 0 14500 2
1 2 11 3 14500 2
1 2 11 0 14500 2
1 2 12 7 14500 2
1 2 12 8 14500 2
1 2 13 3 14500 2
1 2 14 4 14500 2
1 2 15 2 14500 2
1 2 15 5 14500 2
1 2 15 4 14500 2
1 2 7 0 14500 2
1 2 10 1 14500 2
1 2 0 0 14500 2
1 2 2 8 14500 2
1 2 3 0 14500 2
1 2 4 7 14500 2
1 2 4 8 14500 2
1 2 6 8 14500 2
1 2 6 2 14500 2
1 2 4 1 14500 2
1 2 10 0 15000 2
1 2 12 2 15000 2
1 2 11 5 15000 2
1 2 11 8 15000 2
1 2 11 5 15000 2
1 2 12 6 15000 2
1 2 12 9 15000 2
1 2 13 2 15000 2
1 2 14 5 15000 2
1 2 14 3 15000 2
1 2 14 0 15000 2
1 2 15 0 15000 2
1 2 15 2 15000 2
1 2 15 6 15000 2
1 2 15 3 15000 2
1 2 9 6 15000 2
1 2 0 3 15000 2
1 2 0 2 15000 2
1 2 0 1 15000 2
1 2 0 8 15000 2
1 2 1 3 15000 2
1 2 4 9 15000 2
1 2 4 8 15000 2
1 2 5 5 15000 2
1 2 5 1 15000 2
1 2 5 5 15000 2
1 2 6 0 15000 2
1 2 7 5 15000 2
1 2 7 8 15000 2
1 2 9 6 15000 2
1 2 9 6 15500 2
1 2 9 1 15500 2
1 2 10 7 15500 2
1 2 10 8 15500 2
1 2 11 8 15500 2
1 2 12 2 15500 2
1 2 12 8 15500 2
1 2 13 4 15500 2
1 2 13 8 15500 2
1 2 15 5 15500 2
1 2 15 5 15500 2
1 2 15 8 15500 2
1 2 15 3 15500 2
1 2 14 0 15500 2
1 2 7 3 15500 2
1 2 9 4 15500 2
1 2 0 3 15500 2
1 2 1 9 15500 2
1 2 2 7 15500 2
1 2 3 6 15500 2
1 2 3 4 15500 2
1 2 4 6 15500 2
1 2 4 3 15500 2
1 2 4 6 15500 2
1 2 4 0 15500 2
1 2 6 3 15500 2
1 2 7 8 15500 2
1 2 7 3 15500 2
1 2 12 6 16000 2
1 2 10 0 16000 2
1 2 10 1 16000 2
1 2 11 0 16000 2
1 2 12 2 16000 2
1 2 9 1 16000 2
1 2 13 7 16000 2
1 2 14 5 16000 2
1 2 14 9 16000 2
1 2 14 8 16000 2
1 2 14 8 16000 2
1 2 15 8 16000 2
1 2 15 1 16000 2
1 2 15 9 16000 2
1 2 8 1 16000 2
1 2 9 6 16000 2
1 2 0 0 16000 2
1 2 0 1 16000 2
1 2 1 7 16000 2
1 2 1 2 16000 2
1 2 2 8 16000 2
1 2 3 3 16000 2
1 2 3 2 16000 2
1 2 4 3 16000 2
1 2 4 6 16000 2
1 2 5 7 16000 2
1 2 6 3 16000 2
1 2 7 5 16000 2
1 2 15 7 16500 2
1 2 14 4 16500 2
1 2 14 7 16500 2
1 2 12 2 16500 2
1 2 11 0 16500 2
1 2 4 1 16500 2
1 2 10 8 16500 2
1 2 8 8 16500 2
1 2 8 1 16500 2
1 2 7 8 16500 2
1 2 7 9 16500 2
1 2 5 3 16500 2
1 2 3 9 16500 2
1 2 3 4 16500 2
1 2 2 2 16500 2
1 2 0 3 16500 2
1 2 0 2 16500 2
1 2 15 7 17000 2
1 2 13 9 17000 2
1 2 12 1 17000 2
1 2 12 1 17000 2
1 2 11 5 17000 2
1 2 11 9 17000 2
1 2 8 9 17000 2
1 2 6 9 17000 2
1 2 6 9 17000 2
1 2 6 5 17000 2
1 2 6 4 17000 2
1 2 3 5 17000 2
1 2 3 7 17000 2
1 2 2 2 17000 2
1 2 0 2 17000 2
1 2 8 6 17000 2
1 2 9 5 17500 2
1 2 15 9 17500 2
1 2 14 7 17500 2
1 2 12 8 17500 2
1 2 12 4 17500 2
1 2 11 2 17500 2
1 2 9 7 17500 2
1 2 6 8 17500 2
1 2 6 1 17500 2
1 2 5 5 17500 2
1 2 4 1 17500 2
1 2 2 6 17500 2
1 2 1 7 17500 2
1 2 0 2 17500 2
1 2 8 3 17500 2
1 2 14 2 18000 2
1 2 6 3 18000 2
1 2 7 5 18000 2
1 2 7 3 18000 2
1 2 8 7 18000 2
1 2 9 8 18000 2
1 2 10 8 18000 2
1 2 14 1 18000 2
1 2 14 4 18000 2
1 2 1 5 18000 2
1 2 5 2 18000 2
1 2 4 8 18000 2
1 2 4 1 18000 2
1 2 3 4 18000 2
1 2 3 6 18000 2
1 2 6 8 18000 2
1 2 1 9 18000 2
1 2 0 1 18000 2
1 2 0 9 18000 2
1 2 6 4 18500 2
1 2 7 1 18500 2
1 2 9 2 18500 2
1 2 10 0 18500 2
1 2 11 1 18500 2
1 2 12 4 18500 2
1 2 13 5 18500 2
1 2 14 8 18500 2
1 2 15 3 18500 2
1 2 13 7 18500 2
1 2 6 3 18500 2
1 2 6 1 18500 2
1 2 0 2 18500 2
1 2 0 3 18500 2
1 2 1 8 18500 2
1 2 1 1 18500 2
1 2 2 2 18500 2
1 2 5 7 18500 2
1 2 5 6 18500 2
1 2 5 1 18500 2
1 2 5 3 19000 2
1 2 15 1 19000 2
1 2 15 7 19000 2
1 2 15 0 19000 2
1 2 14 0 19000 2
1 2 12 6 19000 2
1 2 12 6 19000 2
1 2 11 4 19000 2
1 2 10 9 19000 2
1 2 8 7 19000 2
1 2 6 6 19000 2
1 2 5 6 19000 2
1 2 3 4 19000 2
1 2 3 5 19000 2
1 2 3 1 19000 2
1 2 3 6 19000 2
1 2 2 7 19000 2
1 2 0 8 19000 2
1 2 0 5 19000 2
1 2 10 8 19500 2
1 2 11 6 19500 2
1 2 13 2 19500 2
1 2 14 4 19500 2
1 2 14 4 19500 2
1 2 15 2 19500 2
1 2 15 6 19500 2
1 2 5 3 19500 2
1 2 8 1 19500 2
1 2 7 4 19500 2
1 2 5 3 19500 2
1 2 4 7 19500 2
1 2 3 7 19500 2
1 2 2 2 19500 2
1 2 0 1 19500 2
1 2 10 9 19500 2
1 2 10 1 20000 2
1 2 15 3 20000 2
1 2 15 2 20000 2
1 2 14 1 20000 2
1 2 13 5 20000 2
1 2 12 8 20000 2
1 2 12 7 20000 2
1 2 8 6 20000 2
1 2 7 8 20000 2
1 2 4 3 20000 2
1 2 4 4 20000 2
1 2 1 2 20000 2
1 2 0 2 20000 2
1 2 0 7 20000 2
1 2 6 1 20500 2
1 2 15 6 20500 2
1 2 15 7 20500 2
1 2 14 1 20500 2
1 2 12 2 20500 2
1 2 12 7 20500 2
1 2 10 1 20500 2
1 2 10 1 20500 2
1 2 7 1 20500 2
1 2 7 8 20500 2
1 2 0 5 20500 2
1 2 4 8 20500 2
1 2 2 3 20500 2
1 2 1 6 20500 2
1 2 0 3 20500 2
1 2 9 1 20500 2
1 2 7 1 21000 2
1 2 15 1 21000 2
1 2 15 6 21000 2
1 2 14 4 21000 2
1 2 11 6 21000 2
1 2 8 7 21000 2
1 2 8 4 21000 2
1 2 6 5 21000 2
1 2 4 3 21000 2
1 2 6 3 21000 2
1 2 4 8 21000 2
1 2 4 7 21000 2
1 2 3 1 21000 2
1 2 2 2 21000 2
1 2 1 4 21000 2
1 2 0 9 21000 2
1 2 0 2 21000 2
1 2 10 8 21500 2
1 2 11 0 21500 2
1 2 11 0 21500 2
1 2 11 1 21500 2
1 2 12 6 21500 2
1 2 14 4 21500 2
1 2 14 1 21500 2
1 2 14 0 21500 2
1 2 15 0 21500 2
1 2 15 7 21500 2
1 2 8 4 21500 2
1 2 7 1 21500 2
1 2 0 5 21500 2
1 2 0 1 21500 2
1 2 1 1 21500 2
1 2 2 7 21500 2
1 2 4 1 21500 2
1 2 5 2 21500 2
1 2 5 0 21500 2
1 2 6 4 21500 2
1 2 7 4 21500 2
1 2 6 5 22000 2
1 2 15 0 22000 2
1 2 15 7 22000 2
1 2 12 1 22000 2
1 2 10 9 22000 2
1 2 10 4 22000 2
1 2 9 6 22000 2
1 2 8 1 22000 2
1 2 7 1 22000 2
1 2 5 1 22000 2
1 2 4 3 22000 2
1 2 3 0 22000 2
1 2 3 3 22000 2
1 2 2 4 22000 2
1 2 2 3 22000 2
1 2 0 8 22000 2
1 2 0 7 22500 2
1 2 15 1 22500 2
1 2 14 2 22500 2
1 2 13 5 22500 2
1 2 12 9 22500 2
1 2 12 7 22500 2
1 2 11 7 22500 2
1 2 10 1 22500 2
1 2 6 8 22500 2
1 2 7 4 22500 2
1 2 0 7 22500 2
1 2 0 8 22500 2
1 2 1 7 22500 2
1 2 1 8 22500 2
1 2 4 2 22500 2
1 2 5 9 22500 2
1 2 10 0 23000 2
1 2 14 1 23000 2
1 2 13 3 23000 2
1 2 13 4 23000 2
1 2 12 4 23000 2
1 2 11 6 23000 2
1 2 11 6 23000 2
1 2 10 8 23000 2
1 2 9 9 23000 2
1 2 8 5 23000 2
1 2 7 1 23000 2
1 2 5 7 23000 2
1 2 3 1 23000 2
1 2 2 6 23000 2
1 2 2 6 23000 2
1 2 1 3 23000 2
1 2 0 8 23000 2
1 2 0 4 23000 2
1 2 12 1 23500 2
1 2 12 5 23500 2
1 2 13 3 23500 2
1 2 13 2 23500 2
1 2 13 2 23500 2
1 2 14 7 23500 2
1 2 14 5 23500 2
1 2 15 5 23500 2
1 2 15 2 23500 2
1 2 15 3 23500 2
1 2 4 8 23500 2
1 2 8 8 23500 2
1 2 0 1 23500 2
1 2 4 0 23500 2
1 2 5 9 23500 2
1 2 5 1 23500 2
1 2 5 6 23500 2
1 2 6 4 23500 2
1 2 6 5 23500 2
1 2 7 1 23500 2
1 2 9 0 23500 2
1 2 4 3 24000 2
1 2 14 4 24000 2
1 2 14 1 24000 2
1 2 12 8 24000 2
1 2 10 4 24000 2
1 2 9 7 24000 2
1 2 7 2 24000 2
1 2 5 1 24000 2
1 2 4 8 24000 2
1 2 0 5 24000 2
1 2 1 7 24000 2
1 2 1 9 24000 2
1 2 5 4 24000 2
1 2 9 6 24500 2
1 2 11 1 24500 2
1 2 9 4 24500 2
1 2 10 9 24500 2
1 2 11 7 24500 2
1 2 11 3 24500 2
1 2 11 3 24500 2
1 2 11 4 24500 2
1 2 11 0 24500 2
1 2 12 8 24500 2
1 2 13 5 24500 2
1 2 14 5 24500 2
1 2 14 7 24500 2
1 2 14 5 24500 2
1 2 14 8 24500 2
1 2 14 0 24500 2
1 2 15 0 24500 2
1 2 8 3 24500 2
1 2 0 3 24500 2
1 2 0 2 24500 2
1 2 1 0 24500 2
1 2 2 8 24500 2
1 2 2 9 24500 2
1 2 3 0 24500 2
1 2 3 2 24500 2
1 2 4 6 24500 2
1 2 4 6 24500 2
1 2 6 0 24500 2
1 2 6 0 24500 2
1 2 7 3 24500 2
1 2 8 2 24500 2
1 2 5 4 24500 2
1 2 8 0 24500 2
1 2 8 8 24500 2
1 2 8 1 24500 2
1 2 10 8 25000 2
1 2 10 4 25000 2
1 2 11 1 25000 2
1 2 11 4 25000 2
1 2 11 3 25000 2
1 2 11 5 25000 2
1 2 12 6 25000 2
1 2 13 1 25000 2
1 2 14 2 25000 2
1 2 14 8 25000 2
1 2 15 2 25000 2
1 2 15 6 25000 2
1 2 15 4 25000 2
1 2 11 7 25000 2
1 2 9 6 25000 2
1 2 9 3 25000 2
1 2 0 8 25000 2
1 2 1 0 25000 2
1 2 2 8 25000 2
1 2 3 7 25000 2
1 2 3 6 25000 2
1 2 4 2 25000 2
1 2 4 3 25000 2
1 2 6 9 25000 2
1 2 7 5 25000 2
1 2 7 4 25000 2
1 2 8 7 25000 2
1 2 4 6 25000 2
1 2 8 5 25500 2
1 2 8 3 25500 2
1 2 9 6 25500 2
1 2 11 0 25500 2
1 2 11 4 25500 2
1 2 11 7 25500 2
1 2 12 5 25500 2
1 2 13 3 25500 2
1 2 14 0 25500 2
1 2 14 2 25500 2
1 2 14 9 25500 2
1 2 14 8 25500 2
1 2 15 0 25500 2
1 2 15 6 25500 2
1 2 15 5 25500 2
1 2 15 9 25500 2
1 2 15 9 25500 2
1 2 6 7 25500 2
1 2 0 1 25500 2
1 2 0 4 25500 2
1 2 0 1 25500 2
1 2 2 7 25500 2
1 2 3 7 25500 2
1 2 3 7 25500 2
1 2 4 3 25500 2
1 2 4 1 25500 2
1 2 4 0 25500 2
1 2 5 4 25500 2
1 2 5 2 25500 2
1 2 6 3 25500 2
1 2 6 8 25500 2
1 2 8 7 25500 2
1 2 4 6 25500 2
1 2 8 3 26000 2
1 2 9 4 26000 2
1 2 9 5 26000 2
1 2 9 0 26000 2
1 2 11 3 26000 2
1 2 11 4 26000 2
1 2 12 4 26000 2
1 2 12 6 26000 2
1 2 13 7 26000 2
1 2 14 0 26000 2
1 2 14 5 26000 2
1 2 15 2 26000 2
1 2 15 4 26000 2
1 2 3 6 26000 2
1 2 8 5 26000 2
1 2 8 7 26000 2
1 2 2 2 26000 2
1 2 4 1 26000 2
1 2 4 0 26000 2
1 2 5 9 26000 2
1 2 5 0 26000 2
1 2 6 3 26000 2
1 2 6 0 26000 2
1 2 7 6 26000 2
1 2 8 1 26000 2
1 2 8 7 26000 2
1 2 5 9 26000 2
1 2 11 8 26500 2
1 2 11 9 26500 2
1 2 11 4 26500 2
1 2 11 2 26500 2
1 2 11 0 26500 2
1 2 11 6 26500 2
1 2 13 2 26500 2
1 2 14 3 26500 2
1 2 15 6 26500 2
1 2 15 9 26500 2
1 2 9 4 26500 2
1 2 9 4 26500 2
1 2 0 1 26500 2
1 2 1 0 26500 2
1 2 2 4 26500 2
1 2 3 1 26500 2
1 2 4 7 26500 2
1 2 4 6 26500 2
1 2 6 5 26500 2
1 2 8 7 26500 2
1 2 8 9 26500 2
1 2 8 7 26500 2
1 2 10 4 27000 2
1 2 14 0 27000 2
1 2 11 4 27000 2
1 2 11 3 27000 2
1 2 11 0 27000 2
1 2 11 6 27000 2
1 2 11 7 27000 2
1 2 11 0 27000 2
1 2 11 4 27000 2
1 2 13 6 27000 2
1 2 15 8 27000 2
1 2 15 5 27000 2
1 2 15 3 27000 2
1 2 15 4 27000 2
1 2 10 0 27000 2
1 2 10 3 27000 2
1 2 0 3 27000 2
1 2 2 8 27000 2
1 2 3 6 27000 2
1 2 4 0 27000 2
1 2 0 7 27000 2
1 2 4 1 27000 2
1 2 6 7 27000 2
1 2 7 2 27000 2
1 2 8 5 27000 2
1 2 8 0 27000 2
1 2 9 2 27000 2
1 2 9 5 27000 2
1 2 5 7 27000 2
1 2 10 2 27500 2
1 2 10 0 27500 2
1 2 10 7 27500 2
1 2 11 2 27500 2
1 2 11 8 27500 2
1 2 11 0 27500 2
1 2 11 2 27500 2
1 2 12 6 27500 2
1 2 12 6 27500 2
1 2 13 6 27500 2
1 2 14 5 27500 2
1 2 14 0 27500 2
1 2 14 5 27500 2
1 2 14 9 27500 2
1 2 14 8 27500 2
1 2 14 2 27500 2
1 2 15 0 27500 2
1 2 15 4 27500 2
1 2 9 3 27500 2
1 2 0 9 27500 2
1 2 0 1 27500 2
1 2 1 0 27500 2
1 2 1 7 27500 2
1 2 2 0 27500 2
1 2 2 2 27500 2
1 2 2 9 27500 2
1 2 3 6 27500 2
1 2 3 3 27500 2
1 2 4 7 27500 2
1 2 4 5 27500 2
1 2 9 2 27500 2
1 2 8 4 27500 2
1 2 7 2 27500 2
1 2 6 3 27500 2
1 2 5 4 27500 2
1 2 5 3 27500 2
1 2 4 0 27500 2
1 2 11 2 28000 2
1 2 11 5 28000 2
1 2 11 9 28000 2
1 2 11 2 28000 2
1 2 11 4 28000 2
1 2 11 2 28000 2
1 2 11 0 28000 2
1 2 12 2 28000 2
1 2 12 6 28000 2
1 2 14 2 28000 2
1 2 3 4 28000 2
1 2 14 9 28000 2
1 2 14 8 28000 2
1 2 14 0 28000 2
1 2 15 8 28000 2
1 2 15 6 28000 2
1 2 15 2 28000 2
1 2 10 0 28000 2
1 2 10 6 28000 2
1 2 0 9 28000 2
1 2 0 8 28000 2
1 2 2 6 28000 2
1 2 2 7 28000 2
1 2 3 7 28000 2
1 2 3 1 28000 2
1 2 4 4 28000 2
1 2 5 7 28000 2
1 2 5 4 28000 2
1 2 6 2 28000 2
1 2 8 7 28000 2
1 2 9 4 28000 2
1 2 9 2 28000 2
1 2 10 0 28000 2
1 2 4 6 28000 2
1 2 10 7 28500 2
1 2 10 5 28500 2
1 2 10 9 28500 2
1 2 11 4 28500 2
1 2 11 7 28500 2
1 2 12 6 28500 2
1 2 13 3 28500 2
1 2 14 9 28500 2
1 2 14 6 28500 2
1 2 14 8 28500 2
1 2 15 0 28500 2
1 2 15 2 28500 2
1 2 10 9 28500 2
1 2 9 3 28500 2
1 2 0 5 28500 2
1 2 1 0 28500 2
1 2 2 0 28500 2
1 2 2 5 28500 2
1 2 3 6 28500 2
1 2 4 6 28500 2
1 2 4 2 28500 2
1 2 4 1 28500 2
1 2 5 5 28500 2
1 2 6 8 28500 2
1 2 8 4 28500 2
1 2 3 4 29000 2
1 2 10 3 29000 2
1 2 10 7 29000 2
1 2 11 9 29000 2
1 2 11 9 29000 2
1 2 11 7 29000 2
1 2 10 0 29000 2
1 2 12 8 29000 2
1 2 13 6 29000 2
1 2 13 5 29000 2
1 2 13 0 29000 2
1 2 14 8 29000 2
1 2 15 8 29000 2
1 2 15 6 29000 2
1 2 15 5 29000 2
1 2 15 2 29000 2
1 2 15 9 29000 2
1 2 9 6 29000 2
1 2 10 0 29000 2
1 2 0 1 29000 2
1 2 0 3 29000 2
1 2 1 9 29000 2
1 2 1 6 29000 2
1 2 2 5 29000 2
1 2 2 2 29000 2
1 2 3 7 29000 2
1 2 4 0 29000 2
1 2 5 8 29000 2
1 2 6 5 29000 2
1 2 7 2 29000 2
1 2 8 9 29000 2
1 2 8 3 29000 2
1 2 4 1 29000 2
1 2 11 3 29500 2
1 2 11 0 29500 2
1 2 11 9 29500 2
1 2 10 3 29500 2
1 2 10 1 29500 2
1 2 10 5 29500 2
1 2 10 0 29500 2
1 2 10 0 29500 2
1 2 9 3 29500 2
1 2 8 2 29500 2
1 2 12 8 29500 2
1 2 12 1 29500 2
1 2 12 4 29500 2
1 2 13 5 29500 2
1 2 13 2 29500 2
1 2 13 6 29500 2
1 2 13 4 29500 2
1 2 13 9 29500 2
1 2 14 8 29500 2
1 2 15 0 29500 2
1 2 15 9 29500 2
1 2 8 5 29500 2
1 2 8 9 29500 2
1 2 1 0 29500 2
1 2 2 8 29500 2
1 2 2 6 29500 2
1 2 2 8 29500 2
1 2 3 6 29500 2
1 2 3 1 29500 2
1 2 3 7 29500 2
1 2 3 5 29500 2
1 2 4 1 29500 2
1 2 4 1 29500 2
1 2 4 2 29500 2
1 2 8 1 29500 2
1 2 7 0 29500 2
1 2 6 1 29500 2
1 2 6 1 29500 2
1 2 5 0 29500 2
1 2 5 5 29500 2
1 2 4 1 29500 2
1 2 4 6 29500 2
1 2 9 1 30000 2
1 2 10 9 30000 2
1 2 10 4 30000 2
1 2 11 2 30000 2
1 2 11 4 30000 2
1 2 11 1 30000 2
1 2 11 4 30000 2
1 2 11 0 30000 2
1 2 13 9 30000 2
1 2 14 4 30000 2
1 2 14 8 30000 2
1 2 14 2 30000 2
1 2 15 5 30000 2
1 2 15 9 30000 2
1 2 7 2 30000 2
1 2 8 7 30000 2
1 2 0 7 30000 2
1 2 1 7 30000 2
1 2 1 7 30000 2
1 2 2 2 30000 2
1 2 3 4 30000 2
1 2 3 6 30000 2
1 2 3 4 30000 2
1 2 4 0 30000 2
1 2 6 9 30000 2
1 2 6 2 30000 2
1 2 4 1 30000 2
1 2 8 7 30000 2
1 2 9 6 30000 2
1 2 8 4 30500 2
1 2 8 1 30500 2
1 2 8 9 30500 2
1 2 9 1 30500 2
1 2 10 0 30500 2
1 2 11 5 30500 2
1 2 12 6 30500 2
1 2 13 4 30500 2
1 2 13 8 30500 2
1 2 14 5 30500 2
1 2 15 0 30500 2
1 2 15 8 30500 2
1 2 15 9 30500 2
1 2 7 5 30500 2
1 2 6 7 30500 2
1 2 0 3 30500 2
1 2 1 0 30500 2
1 2 2 5 30500 2
1 2 3 3 30500 2
1 2 3 7 30500 2
1 2 3 2 30500 2
1 2 4 7 30500 2
1 2 4 0 30500 2
1 2 4 0 30500 2
1 2 5 3 30500 2
1 2 5 2 30500 2
1 2 6 6 30500 2
1 2 10 9 31000 2
1 2 9 2 31000 2
1 2 10 7 31000 2
1 2 11 4 31000 2
1 2 11 7 31000 2
1 2 11 3 31000 2
1 2 11 3 31000 2
1 2 11 4 31000 2
1 2 13 8 31000 2
1 2 14 5 31000 2
1 2 14 2 31000 2
1 2 14 9 31000 2
1 2 14 8 31000 2
1 2 14 8 31000 2
1 2 15 6 31000 2
1 2 15 5 31000 2
1 2 15 6 31000 2
1 2 9 2 31000 2
1 2 0 5 31000 2
1 2 0 9 31000 2
1 2 0 8 31000 2
1 2 1 9 31000 2
1 2 1 0 31000 2
1 2 2 6 31000 2
1 2 3 0 31000 2
1 2 4 6 31000 2
1 2 4 2 31000 2
1 2 4 7 31000 2
1 2 4 0 31000 2
1 2 5 9 31000 2
1 2 5 7 31000 2
1 2 5 2 31000 2
1 2 7 9 31000 2
1 2 8 1 31000 2
1 2 8 0 31000 2
1 2 8 7 31500 2
1 2 8 7 31500 2
1 2 9 6 31500 2
1 2 9 1 31500 2
1 2 10 0 31500 2
1 2 10 1 31500 2
1 2 10 2 31500 2
1 2 11 0 31500 2
1 2 11 8 31500 2
1 2 12 4 31500 2
1 2 13 5 31500 2
1 2 14 5 31500 2
1 2 15 6 31500 2
1 2 15 0 31500 2
1 2 6 4 31500 2
1 2 8 7 31500 2
1 2 8 9 31500 2
1 2 0 3 31500 2
1 2 1 6 31500 2
1 2 3 6 31500 2
1 2 3 7 31500 2
1 2 3 3 31500 2
1 2 4 1 31500 2
1 2 4 1 31500 2
1 2 4 6 31500 2
1 2 4 2 31500 2
1 2 4 0 31500 2
1 2 0 9 31500 2
1 2 7 2 31500 2
1 2 4 0 31500 2
1 2 9 2 32000 2
1 2 10 9 32000 2
1 2 10 0 32000 2
1 2 11 9 32000 2
1 2 11 8 32000 2
1 2 11 7 32000 2
1 2 11 3 32000 2
1 2 11 0 32000 2
1 2 11 4 32000 2
1 2 12 6 32000 2
1 2 12 2 32000 2
1 2 13 5 32000 2
1 2 13 0 32000 2
1 2 14 7 32000 2
1 2 14 8 32000 2
1 2 15 8 32000 2
1 2 15 9 32000 2
1 2 8 3 32000 2
1 2 0 5 32000 2
1 2 0 5 32000 2
1 2 1 7 32000 2
1 2 1 1 32000 2
1 2 2 6 32000 2
1 2 3 5 32000 2
1 2 3 3 32000 2
1 2 4 1 32000 2
1 2 4 4 32000 2
1 2 5 8 32000 2
1 2 5 9 32000 2
1 2 5 0 32000 2
1 2 6 8 32000 2
1 2 6 9 32000 2
1 2 8 4 32000 2
1 2 9 4 32000 2
1 2 4 6 32000 2
1 2 8 0 32500 2
1 2 9 1 32500 2
1 2 11 4 32500 2
1 2 11 1 32500 2
1 2 12 8 32500 2
1 2 13 3 32500 2
1 2 14 9 32500 2
1 2 15 0 32500 2
1 2 15 2 32500 2
1 2 15 9 32500 2
1 2 15 3 32500 2
1 2 8 9 32500 2
1 2 8 7 32500 2
1 2 1 6 32500 2
1 2 3 4 32500 2
1 2 4 3 32500 2
1 2 4 8 32500 2
1 2 5 4 32500 2
1 2 5 9 32500 2
1 2 6 4 32500 2
1 2 7 5 32500 2
1 2 7 9 32500 2
1 2 15 6 33000 2
1 2 14 0 33000 2
1 2 14 9 33000 2
1 2 14 4 33000 2
1 2 13 9 33000 2
1 2 13 3 33000 2
1 2 13 3 33000 2
1 2 12 9 33000 2
1 2 11 7 33000 2
1 2 9 8 33000 2
1 2 1 5 33000 2
1 2 9 3 33000 2
1 2 2 2 33000 2
1 2 6 3 33000 2
1 2 6 3 33000 2
1 2 6 7 33000 2
1 2 7 5 33000 2
1 2 7 5 33000 2
1 2 8 9 33000 2
1 2 8 6 33000 2
1 2 8 3 33000 2
1 2 8 2 33500 2
1 2 15 4 33500 2
1 2 15 6 33500 2
1 2 15 0 33500 2
1 2 14 4 33500 2
1 2 14 5 33500 2
1 2 12 5 33500 2
1 2 11 7 33500 2
1 2 10 6 33500 2
1 2 6 1 33500 2
1 2 5 4 33500 2
1 2 5 7 33500 2
1 2 4 2 33500 2
1 2 3 2 33500 2
1 2 3 4 33500 2
1 2 1 5 33500 2
1 2 8 4 33500 2
1 2 8 0 34000 2
1 2 8 6 34000 2
1 2 8 8 34000 2
1 2 10 9 34000 2
1 2 11 8 34000 2
1 2 11 4 34000 2
1 2 3 3 34000 2
1 2 12 6 34000 2
1 2 12 7 34000 2
1 2 13 8 34000 2
1 2 13 1 34000 2
1 2 7 4 34000 2
1 2 8 4 34000 2
1 2 0 6 34000 2
1 2 1 2 34000 2
1 2 2 8 34000 2
1 2 2 2 34000 2
1 2 3 7 34000 2
1 2 5 9 34000 2
1 2 6 3 34000 2
1 2 7 4 34000 2
1 2 3 4 34000 2
1 2 14 4 34500 2
1 2 15 9 34500 2
1 2 15 8 34500 2
1 2 14 6 34500 2
1 2 13 6 34500 2
1 2 12 8 34500 2
1 2 11 6 34500 2
1 2 8 6 34500 2
1 2 7 3 34500 2
1 2 7 4 34500 2
1 2 7 3 34500 2
1 2 8 9 34500 2
1 2 6 8 34500 2
1 2 5 9 34500 2
1 2 4 9 34500 2
1 2 2 0 34500 2
1 2 9 6 35000 2
1 2 9 3 35000 2
1 2 11 8 35000 2
1 2 11 0 35000 2
1 2 11 3 35000 2
1 2 11 7 35000 2
1 2 13 6 35000 2
1 2 13 5 35000 2
1 2 14 5 35000 2
1 2 14 0 35000 2
1 2 15 0 35000 2
1 2 15 9 35000 2
1 2 5 3 35000 2
1 2 8 9 35000 2
1 2 0 3 35000 2
1 2 1 6 35000 2
1 2 2 8 35000 2
1 2 2 0 35000 2
1 2 3 7 35000 2
1 2 5 1 35000 2
1 2 6 4 35000 2
1 2 6 9 35000 2
1 2 7 5 35000 2
1 2 8 7 35000 2
1 2 8 7 35000 2
1 2 8 8 35500 2
1 2 13 4 35500 2
1 2 11 0 35500 2
1 2 8 4 35500 2
1 2 8 7 35500 2
1 2 7 2 35500 2
1 2 7 5 35500 2
1 2 7 4 35500 2
1 2 1 2 35500 2
1 2 3 2 35500 2
1 2 3 0 35500 2
1 2 3 8 35500 2
1 2 15 3 36000 2
1 2 15 9 36000 2
1 2 15 5 36000 2
1 2 15 9 36000 2
1 2 14 7 36000 2
1 2 14 3 36000 2
1 2 14 4 36000 2
1 2 14 5 36000 2
1 2 13 1 36000 2
1 2 12 6 36000 2
1 2 12 2 36000 2
1 2 11 4 36000 2
1 2 11 4 36000 2
1 2 10 5 36000 2
1 2 10 1 36000 2
1 2 0 8 36000 2
1 2 2 2 36000 2
1 2 2 9 36000 2
1 2 3 6 36000 2
1 2 3 9 36000 2
1 2 3 4 36000 2
1 2 5 9 36000 2
1 2 5 5 36000 2
1 2 6 3 36000 2
1 2 7 8 36000 2
1 2 8 6 36000 2
1 2 8 1 36000 2
1 2 15 4 36500 2
1 2 15 4 36500 2
1 2 14 3 36500 2
1 2 12 6 36500 2
1 2 12 6 36500 2
1 2 4 9 36500 2
1 2 11 0 36500 2
1 2 11 9 36500 2
1 2 10 8 36500 2
1 2 7 3 36500 2
1 2 5 9 36500 2
1 2 4 7 36500 2
1 2 4 3 36500 2
1 2 3 7 36500 2
1 2 2 2 36500 2
1 2 0 5 36500 2
1 2 0 9 36500 2
1 2 14 1 37000 2
1 2 14 5 37000 2
1 2 11 7 37000 2
1 2 10 3 37000 2
1 2 9 5 37000 2
1 2 8 8 37000 2
1 2 8 2 37000 2
1 2 8 0 37000 2
1 2 8 1 37000 2
1 2 8 7 37000 2
1 2 1 2 37000 2
1 2 3 7 37000 2
1 2 3 8 37000 2
1 2 4 4 37000 2
1 2 5 7 37000 2
1 2 6 3 37000 2
1 2 7 4 37000 2
1 2 14 9 37500 2
1 2 15 8 37500 2
1 2 14 8 37500 2
1 2 14 5 37500 2
1 2 13 6 37500 2
1 2 12 4 37500 2
1 2 11 6 37500 2
1 2 11 4 37500 2
1 2 10 5 37500 2
1 2 8 0 37500 2
1 2 0 8 37500 2
1 2 8 5 37500 2
1 2 1 5 37500 2
1 2 0 6 37500 2
1 2 2 2 37500 2
1 2 3 4 37500 2
1 2 4 8 37500 2
1 2 5 7 37500 2
1 2 6 8 37500 2
1 2 7 4 37500 2
1 2 8 5 38000 2
1 2 15 0 38000 2
1 2 14 0 38000 2
1 2 13 6 38000 2
1 2 13 6 38000 2
1 2 12 8 38000 2
1 2 11 7 38000 2
1 2 10 6 38000 2
1 2 9 6 38000 2
1 2 7 8 38000 2
1 2 4 4 38000 2
1 2 4 6 38000 2
1 2 3 8 38000 2
1 2 2 6 38000 2
1 2 2 3 38000 2
1 2 1 7 38000 2
1 2 15 0 38500 2
1 2 14 9 38500 2
1 2 12 4 38500 2
1 2 12 4 38500 2
1 2 12 4 38500 2
1 2 12 6 38500 2
1 2 10 3 38500 2
1 2 8 9 38500 2
1 2 6 4 38500 2
1 2 4 7 38500 2
1 2 4 6 38500 2
1 2 3 4 38500 2
1 2 3 2 38500 2
1 2 2 4 38500 2
1 2 2 1 38500 2
1 2 6 3 38500 2
1 2 9 8 39000 2
1 2 9 2 39000 2
1 2 11 9 39000 2
1 2 11 7 39000 2
1 2 12 9 39000 2
1 2 13 8 39000 2
1 2 14 4 39000 2
1 2 14 4 39000 2
1 2 15 0 39000 2
1 2 15 4 39000 2
1 2 8 5 39000 2
1 2 2 9 39000 2
1 2 3 4 39000 2
1 2 3 4 39000 2
1 2 5 5 39000 2
1 2 6 8 39000 2
1 2 6 7 39000 2
1 2 7 4 39000 2
1 2 7 2 39000 2
1 2 15 3 39500 2
1 2 15 6 39500 2
1 2 15 9 39500 2
1 2 13 5 39500 2
1 2 13 7 39500 2
1 2 12 2 39500 2
1 2 8 9 39500 2
1 2 11 4 39500 2
1 2 11 3 39500 2
1 2 6 8 39500 2
1 2 4 8 39500 2
1 2 3 5 39500 2
1 2 2 4 39500 2
1 2 2 9 39500 2
1 2 1 7 39500 2
1 2 11 0 39500 2
1 2 7 7 40000 2
1 2 13 3 40000 2
1 2 12 4 40000 2
1 2 12 9 40000 2
1 2 11 7 40000 2
1 2 11 6 40000 2
1 2 8 8 40000 2
1 2 8 9 40000 2
1 2 6 8 40000 2
1 2 5 7 40000 2
1 2 4 2 40000 2
1 2 4 4 40000 2
1 2 3 1 40000 2
1 2 2 8 40000 2
1 2 0 5 40000 2
1 2 14 3 40500 2
1 2 1 7 40500 2
1 2 12 1 40500 2
1 2 11 9 40500 2
1 2 10 1 40500 2
1 2 10 8 40500 2
1 2 10 1 40500 2
1 2 8 0 40500 2
1 2 7 2 40500 2
1 2 6 1 40500 2
1 2 5 7 40500 2
1 2 5 3 40500 2
1 2 4 5 40500 2
1 2 2 9 40500 2
1 2 0 8 40500 2
1 2 7 1 40500 2
1 2 8 8 41000 2
1 2 8 1 41000 2
1 2 9 6 41000 2
1 2 11 2 41000 2
1 2 12 6 41000 2
1 2 13 3 41000 2
1 2 13 7 41000 2
1 2 14 1 41000 2
1 2 14 9 41000 2
1 2 14 2 41000 2
1 2 6 1 41000 2
1 2 5 7 41000 2
1 2 4 8 41000 2
1 2 4 5 41000 2
1 2 3 8 41000 2
1 2 3 4 41000 2
1 2 2 6 41000 2
1 2 1 2 41000 2
1 2 0 8 41000 2
1 2 0 4 41000 2
1 2 6 3 41500 2
1 2 7 6 41500 2
1 2 7 4 41500 2
1 2 8 6 41500 2
1 2 10 7 41500 2
1 2 12 6 41500 2
1 2 12 9 41500 2
1 2 14 9 41500 2
1 2 14 1 41500 2
1 2 15 6 41500 2
1 2 0 8 41500 2
1 2 5 7 41500 2
1 2 5 3 41500 2
1 2 4 8 41500 2
1 2 4 3 41500 2
1 2 3 2 41500 2
1 2 1 7 41500 2
1 2 6 4 41500 2
1 2 0 0 41500 2
1 2 0 3 41500 2
1 2 0 8 41500 2
1 2 7 5 42000 2
1 2 7 1 42000 2
1 2 8 9 42000 2
1 2 8 6 42000 2
1 2 9 7 42000 2
1 2 10 8 42000 2
1 2 11 7 42000 2
1 2 11 1 42000 2
1 2 12 2 42000 2
1 2 12 8 42000 2
1 2 15 6 42000 2
1 2 15 9 42000 2
1 2 3 7 42000 2
1 2 0 0 42000 2
1 2 6 1 42000 2
1 2 0 6 42000 2
1 2 0 2 42000 2
1 2 3 7 42000 2
1 2 0 8 42000 2
1 2 4 1 42000 2
1 2 6 9 42000 2
1 2 5 4 42000 2
1 2 5 1 42000 2
1 2 5 7 42000 2
1 2 3 4 42000 2
1 2 6 6 42500 2
1 2 14 4 42500 2
1 2 14 0 42500 2
1 2 14 9 42500 2
1 2 12 1 42500 2
1 2 11 8 42500 2
1 2 10 9 42500 2
1 2 10 5 42500 2
1 2 9 7 42500 2
1 2 6 2 42500 2
1 2 6 5 42500 2
1 2 3 7 42500 2
1 2 4 7 42500 2
1 2 0 9 42500 2
1 2 0 1 42500 2
1 2 1 3 42500 2
1 2 1 1 42500 2
1 2 2 5 42500 2
1 2 2 6 42500 2
1 2 2 7 42500 2
1 2 3 3 42500 2
1 2 3 3 42500 2
1 2 8 5 43000 2
1 2 9 5 43000 2
1 2 10 0 43000 2
1 2 10 7 43000 2
1 2 12 8 43000 2
1 2 12 4 43000 2
1 2 14 4 43000 2
1 2 14 8 43000 2
1 2 14 8 43000 2
1 2 15 8 43000 2
1 2 15 0 43000 2
1 2 13 3 43000 2
1 2 5 0 43000 2
1 2 7 6 43000 2
1 2 0 8 43000 2
1 2 1 5 43000 2
1 2 2 1 43000 2
1 2 3 3 43000 2
1 2 3 7 43000 2
1 2 0 4 43000 2
1 2 4 3 43000 2
1 2 4 3 43000 2
1 2 5 5 43000 2
1 2 5 9 43000 2
1 2 10 7 43500 2
1 2 15 1 43500 2
1 2 14 9 43500 2
1 2 13 2 43500 2
1 2 13 2 43500 2
1 2 12 2 43500 2
1 2 11 8 43500 2
1 2 11 0 43500 2
1 2 11 2 43500 2
1 2 10 1 43500 2
1 2 6 1 43500 2
1 2 6 5 43500 2
1 2 6 1 43500 2
1 2 5 3 43500 2
1 2 4 3 43500 2
1 2 4 2 43500 2
1 2 3 4 43500 2
1 2 2 2 43500 2
1 2 1 5 43500 2
1 2 8 7 44000 2
1 2 0 2 44000 2
1 2 10 9 44000 2
1 2 11 0 44000 2
1 2 12 2 44000 2
1 2 12 8 44000 2
1 2 14 2 44000 2
1 2 15 4 44000 2
1 2 15 2 44000 2
1 2 15 6 44000 2
1 2 15 3 44000 2
1 2 7 3 44000 2
1 2 7 5 44000 2
1 2 6 8 44000 2
1 2 6 9 44000 2
1 2 5 1 44000 2
1 2 3 3 44000 2
1 2 3 4 44000 2
1 2 0 2 44000 2
1 2 0 7 44000 2
1 2 7 8 44000 2
1 2 7 3 44500 2
1 2 6 2 44500 2
1 2 8 2 44500 2
1 2 9 0 44500 2
1 2 10 8 44500 2
1 2 12 6 44500 2
1 2 12 7 44500 2
1 2 12 8 44500 2
1 2 12 8 44500 2
1 2 15 1 44500 2
1 2 5 1 44500 2
1 2 5 6 44500 2
1 2 5 8 44500 2
1 2 3 7 44500 2
1 2 2 7 44500 2
1 2 2 5 44500 2
1 2 1 1 44500 2
1 2 1 5 44500 2
1 2 6 3 44500 2
1 2 9 1 45000 2
1 2 15 9 45000 2
1 2 13 5 45000 2
1 2 12 3 45000 2
1 2 10 9 45000 2
1 2 9 2 45000 2
1 2 8 4 45000 2
1 2 6 3 45000 2
1 2 6 9 45000 2
1 2 6 6 45000 2
1 2 5 1 45000 2
1 2 5 1 45000 2
1 2 4 2 45000 2
1 2 1 7 45000 2
1 2 0 8 45000 2
1 2 10 0 45500 2
1 2 10 9 45500 2
1 2 11 4 45500 2
1 2 11 2 45500 2
1 2 11 6 45500 2
1 2 12 2 45500 2
1 2 12 7 45500 2
1 2 13 4 45500 2
1 2 13 2 45500 2
1 2 15 8 45500 2
1 2 15 6 45500 2
1 2 3 8 45500 2
1 2 6 4 45500 2
1 2 6 8 45500 2
1 2 5 7 45500 2
1 2 4 7 45500 2
1 2 3 8 45500 2
1 2 2 7 45500 2
1 2 1 5 45500 2
1 2 1 1 45500 2
1 2 1 7 45500 2
1 2 0 9 45500 2
1 2 8 1 45500 2
1 2 6 0 46000 2
1 2 7 5 46000 2
1 2 7 1 46000 2
1 2 8 8 46000 2
1 2 9 7 46000 2
1 2 10 5 46000 2
1 2 10 6 46000 2
1 2 11 4 46000 2
1 2 13 4 46000 2
1 2 15 6 46000 2
1 2 8 8 46000 2
1 2 4 3 46000 2
1 2 5 7 46000 2
1 2 0 2 46000 2
1 2 1 4 46000 2
1 2 1 1 46000 2
1 2 1 5 46000 2
1 2 2 2 46000 2
1 2 3 3 46000 2
1 2 3 6 46000 2
1 2 0 3 46000 2
1 2 3 4 46000 2
1 2 7 5 46500 2
1 2 15 5 46500 2
1 2 15 7 46500 2
1 2 14 1 46500 2
1 2 14 9 46500 2
1 2 12 8 46500 2
1 2 11 0 46500 2
1 2 11 5 46500 2
1 2 10 9 46500 2
1 2 10 0 46500 2
1 2 6 2 46500 2
1 2 5 1 46500 2
1 2 0 1 46500 2
1 2 0 8 46500 2
1 2 2 0 46500 2
1 2 3 4 46500 2
1 2 3 7 46500 2
1 2 4 7 46500 2
1 2 4 1 46500 2
1 2 5 5 46500 2
1 2 5 3 46500 2
1 2 5 3 46500 2
1 2 6 3 46500 2
1 2 6 1 47000 2
1 2 7 1 47000 2
1 2 7 3 47000 2
1 2 8 8 47000 2
1 2 10 9 47000 2
1 2 10 3 47000 2
1 2 11 7 47000 2
1 2 12 2 47000 2
1 2 12 4 47000 2
1 2 13 1 47000 2
1 2 14 3 47000 2
1 2 15 7 47000 2
1 2 15 5 47000 2
1 2 0 2 47000 2
1 2 5 6 47000 2
1 2 0 3 47000 2
1 2 0 2 47000 2
1 2 0 3 47000 2
1 2 1 7 47000 2
1 2 2 1 47000 2
1 2 3 1 47000 2
1 2 3 7 47000 2
1 2 3 2 47000 2
1 2 4 2 47000 2
1 2 4 2 47000 2
1 2 4 8 47000 2
1 2 5 7 47000 2
1 2 3 7 47500 2
1 2 15 7 47500 2
1 2 14 9 47500 2
1 2 14 9 47500 2
1 2 12 3 47500 2
1 2 12 2 47500 2
1 2 11 0 47500 2
1 2 11 9 47500 2
1 2 10 9 47500 2
1 2 10 2 47500 2
1 2 6 7 47500 2
1 2 7 1 47500 2
1 2 0 2 47500 2
1 2 1 7 47500 2
1 2 3 4 47500 2
1 2 0 4 47500 2
1 2 4 1 47500 2
1 2 4 8 47500 2
1 2 5 7 47500 2
1 2 6 8 47500 2
1 2 8 9 48000 2
1 2 15 0 48000 2
1 2 15 7 48000 2
1 2 14 8 48000 2
1 2 13 9 48000 2
1 2 13 2 48000 2
1 2 12 1 48000 2
1 2 10 9 48000 2
1 2 10 2 48000 2
1 2 10 1 48000 2
1 2 7 1 48000 2
1 2 7 5 48000 2
1 2 6 3 48000 2
1 2 5 7 48000 2
1 2 5 8 48000 2
1 2 1 5 48000 2
1 2 1 1 48000 2
1 2 0 6 48000 2
1 2 0 4 48000 2
1 2 7 1 48500 2
1 2 2 9 48500 2
1 2 7 3 48500 2
1 2 8 8 48500 2
1 2 10 9 48500 2
1 2 13 9 48500 2
1 2 14 8 48500 2
1 2 15 2 48500 2
1 2 15 6 48500 2
1 2 6 6 48500 2
1 2 5 9 48500 2
1 2 5 3 48500 2
1 2 4 7 48500 2
1 2 4 1 48500 2
1 2 3 5 48500 2
1 2 1 4 48500 2
1 2 6 3 48500 2
1 2 7 5 49000 2
1 2 7 0 49000 2
1 2 8 7 49000 2
1 2 8 5 49000 2
1 2 8 8 49000 2
1 2 11 7 49000 2
1 2 12 1 49000 2
1 2 13 9 49000 2
1 2 14 2 49000 2
1 2 14 4 49000 2
1 2 15 8 49000 2
1 2 15 1 49000 2
1 2 15 3 49000 2
1 2 0 7 49000 2
1 2 6 7 49000 2
1 2 7 8 49000 2
1 2 0 5 49000 2
1 2 3 3 49000 2
1 2 3 6 49000 2
1 2 4 7 49000 2
1 2 4 4 49000 2
1 2 5 9 49000 2
1 2 5 3 49000 2
1 2 5 3 49000 2
1 2 5 6 49000 2
1 2 5 1 49000 2
1 2 6 4 49000 2
1 2 5 9 49500 2
1 2 14 1 49500 2
1 2 13 6 49500 2
1 2 13 2 49500 2
1 2 12 5 49500 2
1 2 6 8 49500 2
1 2 6 4 49500 2
1 2 4 7 49500 2
1 2 3 5 49500 2
1 2 3 8 49500 2
1 2 2 6 49500 2
1 2 2 9 49500 2
1 2 0 3 49500 2
1 2 6 5 49500 2
1 2 13 3 50000 2
1 2 8 4 50000 2
1 2 9 5 50000 2
1 2 9 1 50000 2
1 2 10 6 50000 2
1 2 10 4 50000 2
1 2 11 6 50000 2
1 2 11 7 50000 2
1 2 11 5 50000 2
1 2 12 4 50000 2
1 2 14 0 50000 2
1 2 14 1 50000 2
1 2 6 8 50000 2
1 2 7 0 50000 2
1 2 0 4 50000 2
1 2 0 5 50000 2
1 2 0 8 50000 2
1 2 1 3 50000 2
1 2 2 8 50000 2
1 2 3 7 50000 2
1 2 4 4 50000 2
1 2 5 4 50000 2
1 2 5 5 50000 2
1 2 5 9 50000 2
1 2 2 8 50000 2
1 2 10 4 50500 2
1 2 11 7 50500 2
1 2 11 0 50500 2
1 2 12 8 50500 2
1 2 13 2 50500 2
1 2 13 4 50500 2
1 2 13 1 50500 2
1 2 14 5 50500 2
1 2 14 0 50500 2
1 2 15 8 50500 2
1 2 15 3 50500 2
1 2 15 6 50500 2
1 2 10 9 50500 2
1 2 10 8 50500 2
1 2 0 4 50500 2
1 2 0 8 50500 2
1 2 2 7 50500 2
1 2 3 6 50500 2
1 2 3 4 50500 2
1 2 3 5 50500 2
1 2 4 4 50500 2
1 2 5 9 50500 2
1 2 5 3 50500 2
1 2 5 4 50500 2
1 2 8 7 50500 2
1 2 14 8 51000 2
1 2 13 5 51000 2
1 2 13 4 51000 2
1 2 12 4 51000 2
1 2 11 7 51000 2
1 2 9 2 51000 2
1 2 5 3 51000 2
1 2 8 4 51000 2
1 2 8 9 51000 2
1 2 5 9 51000 2
1 2 5 9 51000 2
1 2 4 7 51000 2
1 2 3 2 51000 2
1 2 3 5 51000 2
1 2 3 4 51000 2
1 2 2 8 51000 2
1 2 8 0 51000 2
1 2 6 3 51500 2
1 2 8 4 51500 2
1 2 9 6 51500 2
1 2 9 1 51500 2
1 2 10 6 51500 2
1 2 10 7 51500 2
1 2 11 2 51500 2
1 2 13 3 51500 2
1 2 11 7 51500 2
1 2 5 8 51500 2
1 2 6 4 51500 2
1 2 1 4 51500 2
1 2 2 8 51500 2
1 2 0 1 51500 2
1 2 3 8 51500 2
1 2 4 4 51500 2
1 2 4 0 51500 2
1 2 5 4 51500 2
1 2 5 2 51500 2
1 2 7 0 52000 2
1 2 14 9 52000 2
1 2 13 4 52000 2
1 2 13 6 52000 2
1 2 11 9 52000 2
1 2 10 9 52000 2
1 2 10 5 52000 2
1 2 9 0 52000 2
1 2 5 6 52000 2
1 2 5 5 52000 2
1 2 4 5 52000 2
1 2 4 1 52000 2
1 2 3 4 52000 2
1 2 2 6 52000 2
1 2 0 8 52000 2
1 2 0 3 52000 2
1 2 9 2 52500 2
1 2 2 9 52500 2
1 2 10 7 52500 2
1 2 10 3 52500 2
1 2 12 6 52500 2
1 2 13 3 52500 2
1 2 13 9 52500 2
1 2 13 4 52500 2
1 2 14 0 52500 2
1 2 15 3 52500 2
1 2 8 7 52500 2
1 2 0 5 52500 2
1 2 0 8 52500 2
1 2 2 5 52500 2
1 2 4 8 52500 2
1 2 5 3 52500 2
1 2 5 5 52500 2
1 2 5 9 52500 2
1 2 6 1 52500 2
1 2 8 2 52500 2
1 2 8 8 53000 2
1 2 15 3 53000 2
1 2 15 2 53000 2
1 2 12 4 53000 2
1 2 8 7 53000 2
1 2 8 7 53000 2
1 2 8 9 53000 2
1 2 7 4 53000 2
1 2 7 7 53000 2
1 2 6 7 53000 2
1 2 6 8 53000 2
1 2 5 5 53000 2
1 2 5 9 53000 2
1 2 2 5 53000 2
1 2 2 7 53000 2
1 2 2 6 53000 2
1 2 0 4 53000 2
1 2 3 8 53000 2
1 2 4 6 53000 2
1 2 4 4 53000 2
1 2 4 0 53000 2
1 2 3 6 53000 2
1 2 6 8 53500 2
1 2 14 9 53500 2
1 2 14 0 53500 2
1 2 12 6 53500 2
1 2 11 0 53500 2
1 2 11 6 53500 2
1 2 11 4 53500 2
1 2 10 1 53500 2
1 2 10 7 53500 2
1 2 8 7 53500 2
1 2 8 7 53500 2
1 2 5 3 53500 2
1 2 4 6 53500 2
1 2 4 0 53500 2
1 2 4 7 53500 2
1 2 2 6 53500 2
1 2 2 7 53500 2
1 2 1 3 53500 2
1 2 1 9 53500 2
1 2 0 3 53500 2
1 2 0 6 53500 2
1 2 15 6 54000 2
1 2 13 1 54000 2
1 2 12 4 54000 2
1 2 12 8 54000 2
1 2 5 4 54000 2
1 2 4 8 54000 2
1 2 3 8 54000 2
1 2 2 6 54000 2
1 2 0 1 54000 2
1 2 8 0 54000 2
1 2 10 6 54500 2
1 2 15 1 54500 2
1 2 13 5 54500 2
1 2 11 4 54500 2
1 2 8 3 54500 2
1 2 6 7 54500 2
1 2 6 8 54500 2
1 2 6 6 54500 2
1 2 5 5 54500 2
1 2 5 4 54500 2
1 2 4 9 54500 2
1 2 3 4 54500 2
1 2 3 5 54500 2
1 2 3 4 54500 2
1 2 1 0 54500 2
1 2 5 7 54500 2
1 2 7 5 55000 2
1 2 7 9 55000 2
1 2 8 9 55000 2
1 2 10 7 55000 2
1 2 11 2 55000 2
1 2 11 4 55000 2
1 2 12 8 55000 2
1 2 13 8 55000 2
1 2 13 2 55000 2
1 2 15 8 55000 2
1 2 15 9 55000 2
1 2 15 8 55000 2
1 2 15 2 55000 2
1 2 0 9 55000 2
1 2 6 3 55000 2
1 2 6 3 55000 2
1 2 0 5 55000 2
1 2 0 5 55000 2
1 2 2 8 55000 2
1 2 4 2 55000 2
1 2 4 1 55000 2
1 2 4 6 55000 2
1 2 4 5 55000 2
1 2 5 6 55000 2
1 2 5 8 55000 2
1 2 5 5 55000 2
1 2 5 3 55000 2
1 2 10 8 55500 2
1 2 15 6 55500 2
1 2 15 2 55500 2
1 2 14 3 55500 2
1 2 14 1 55500 2
1 2 13 9 55500 2
1 2 12 8 55500 2
1 2 11 3 55500 2
1 2 11 0 55500 2
1 2 10 7 55500 2
1 2 9 3 55500 2
1 2 8 8 55500 2
1 2 8 6 55500 2
1 2 6 3 55500 2
1 2 5 5 55500 2
1 2 3 9 55500 2
1 2 3 4 55500 2
1 2 2 2 55500 2
1 2 0 6 55500 2
1 2 9 6 56000 2
1 2 13 6 56000 2
1 2 10 9 56000 2
1 2 10 6 56000 2
1 2 10 8 56000 2
1 2 11 2 56000 2
1 2 11 4 56000 2
1 2 12 4 56000 2
1 2 12 2 56000 2
1 2 14 1 56000 2
1 2 14 9 56000 2
1 2 15 0 56000 2
1 2 15 1 56000 2
1 2 8 7 56000 2
1 2 9 6 56000 2
1 2 2 9 56000 2
1 2 2 5 56000 2
1 2 2 5 56000 2
1 2 3 2 56000 2
1 2 3 4 56000 2
1 2 4 5 56000 2
1 2 5 9 56000 2
1 2 6 6 56000 2
1 2 6 7 56000 2
1 2 7 4 56000 2
1 2 8 8 56000 2
1 2 7 4 56500 2
1 2 15 7 56500 2
1 2 13 3 56500 2
1 2 12 6 56500 2
1 2 12 8 56500 2
1 2 11 2 56500 2
1 2 10 9 56500 2
1 2 9 1 56500 2
1 2 7 2 56500 2
1 2 6 9 56500 2
1 2 6 3 56500 2
1 2 5 3 56500 2
1 2 5 3 56500 2
1 2 4 9 56500 2
1 2 4 3 56500 2
1 2 3 2 56500 2
1 2 7 9 56500 2
1 2 15 3 57000 2
1 2 7 9 57000 2
1 2 7 4 57000 2
1 2 9 9 57000 2
1 2 9 1 57000 2
1 2 10 9 57000 2
1 2 12 5 57000 2
1 2 13 8 57000 2
1 2 13 4 57000 2
1 2 13 2 57000 2
1 2 0 2 57000 2
1 2 6 4 57000 2
1 2 5 7 57000 2
1 2 5 6 57000 2
1 2 4 0 57000 2
1 2 4 6 57000 2
1 2 4 7 57000 2
1 2 2 4 57000 2
1 2 1 2 57000 2
1 2 0 3 57000 2
1 2 7 9 57000 2
1 2 7 1 57500 2
1 2 8 9 57500 2
1 2 10 8 57500 2
1 2 11 7 57500 2
1 2 12 2 57500 2
1 2 12 2 57500 2
1 2 12 2 57500 2
1 2 13 6 57500 2
1 2 13 2 57500 2
1 2 14 4 57500 2
1 2 7 5 57500 2
1 2 7 9 57500 2
1 2 0 8 57500 2
1 2 1 4 57500 2
1 2 2 4 57500 2
1 2 3 2 57500 2
1 2 4 9 57500 2
1 2 4 7 57500 2
1 2 6 2 57500 2
1 2 6 2 57500 2
1 2 6 7 58000 2
1 2 15 2 58000 2
1 2 12 9 58000 2
1 2 10 6 58000 2
1 2 10 7 58000 2
1 2 10 8 58000 2
1 2 9 2 58000 2
1 2 7 2 58000 2
1 2 7 9 58000 2
1 2 5 8 58000 2
1 2 4 1 58000 2
1 2 3 4 58000 2
1 2 3 8 58000 2
1 2 3 4 58000 2
1 2 2 6 58000 2
1 2 2 8 58000 2
1 2 1 9 58000 2
1 2 9 1 58500 2
1 2 1 4 58500 2
1 2 10 9 58500 2
1 2 10 1 58500 2
1 2 11 0 58500 2
1 2 12 2 58500 2
1 2 12 6 58500 2
1 2 13 4 58500 2
1 2 13 0 58500 2
1 2 14 9 58500 2
1 2 7 6 58500 2
1 2 7 1 58500 2
1 2 7 7 58500 2
1 2 6 8 58500 2
1 2 5 5 58500 2
1 2 5 5 58500 2
1 2 2 1 58500 2
1 2 1 5 58500 2
1 2 7 9 58500 2
1 2 6 9 59000 2
1 2 8 6 59000 2
1 2 9 4 59000 2
1 2 11 0 59000 2
1 2 12 3 59000 2
1 2 12 8 59000 2
1 2 14 0 59000 2
1 2 15 2 59000 2
1 2 13 5 59000 2
1 2 5 7 59000 2
1 2 6 6 59000 2
1 2 2 3 59000 2
1 2 2 0 59000 2
1 2 2 1 59000 2
1 2 3 0 59000 2
1 2 4 2 59000 2
1 2 4 3 59000 2
1 2 4 7 59000 2
1 2 5 1 59000 2
1 2 13 4 59500 2
1 2 9 2 59500 2
1 2 10 9 59500 2
1 2 8 0 59500 2
1 2 11 0 59500 2
1 2 12 2 59500 2
1 2 12 4 59500 2
1 2 12 4 59500 2
1 2 13 6 59500 2
1 2 13 6 59500 2
1 2 13 5 59500 2
1 2 13 5 59500 2
1 2 14 0 59500 2
1 2 15 8 59500 2
1 2 7 9 59500 2
1 2 8 9 59500 2
1 2 0 4 59500 2
1 2 0 5 59500 2
1 2 1 4 59500 2
1 2 1 2 59500 2
1 2 1 4 59500 2
1 2 2 2 59500 2
1 2 4 2 59500 2
1 2 5 8 59500 2
1 2 6 2 59500 2
1 2 6 8 59500 2
1 2 7 1 59500 2
1 2 4 7 59500 2
1 2 10 3 60000 2
1 2 10 5 60000 2
1 2 7 9 60000 2
1 2 10 9 60000 2
1 2 11 6 60000 2
1 2 12 6 60000 2
1 2 13 5 60000 2
1 2 13 5 60000 2
1 2 14 1 60000 2
1 2 14 8 60000 2
1 2 14 9 60000 2
1 2 7 2 60000 2
1 2 7 5 60000 2
1 2 6 7 60000 2
1 2 5 6 60000 2
1 2 4 4 60000 2
1 2 3 8 60000 2
1 2 3 5 60000 2
1 2 2 0 60000 2
1 2 0 8 60000 2
1 2 9 5 60000 2
1 2 6 1 60500 2
1 2 7 9 60500 2
1 2 8 7 60500 2
1 2 4 8 60500 2
1 2 10 9 60500 2
1 2 10 6 60500 2
1 2 12 2 60500 2
1 2 12 4 60500 2
1 2 13 3 60500 2
1 2 14 3 60500 2
1 2 5 3 60500 2
1 2 6 1 60500 2
1 2 0 1 60500 2
1 2 1 5 60500 2
1 2 2 8 60500 2
1 2 2 7 60500 2
1 2 3 4 60500 2
1 2 4 6 60500 2
1 2 4 4 60500 2
1 2 5 4 60500 2
1 2 6 3 61000 2
1 2 15 0 61000 2
1 2 14 4 61000 2
1 2 14 3 61000 2
1 2 13 3 61000 2
1 2 12 3 61000 2
1 2 12 7 61000 2
1 2 11 8 61000 2
1 2 11 3 61000 2
1 2 6 8 61000 2
1 2 6 0 61000 2
1 2 5 8 61000 2
1 2 4 2 61000 2
1 2 2 9 61000 2
1 2 1 0 61000 2
1 2 0 4 61000 2
1 2 7 5 61500 2
1 2 10 1 61500 2
1 2 11 5 61500 2
1 2 12 9 61500 2
1 2 12 2 61500 2
1 2 12 8 61500 2
1 2 13 9 61500 2
1 2 15 0 61500 2
1 2 1 5 61500 2
1 2 5 9 61500 2
1 2 5 4 61500 2
1 2 4 9 61500 2
1 2 4 9 61500 2
1 2 3 9 61500 2
1 2 2 9 61500 2
1 2 2 6 61500 2
1 2 7 5 61500 2
1 2 1 9 61500 2
1 2 6 3 62000 2
1 2 7 3 62000 2
1 2 8 9 62000 2
1 2 10 8 62000 2
1 2 10 7 62000 2
1 2 11 3 62000 2
1 2 12 6 62000 2
1 2 13 2 62000 2
1 2 14 4 62000 2
1 2 14 9 62000 2
1 2 9 3 62000 2
1 2 5 9 62000 2
1 2 6 6 62000 2
1 2 0 2 62000 2
1 2 0 2 62000 2
1 2 2 2 62000 2
1 2 2 9 62000 2
1 2 3 8 62000 2
1 2 4 1 62000 2
1 2 4 4 62000 2
1 2 4 7 62000 2
1 2 5 4 62000 2
1 2 6 4 62500 2
1 2 14 8 62500 2
1 2 14 7 62500 2
1 2 13 5 62500 2
1 2 12 6 62500 2
1 2 11 0 62500 2
1 2 11 7 62500 2
1 2 11 3 62500 2
1 2 8 8 62500 2
1 2 5 6 62500 2
1 2 4 7 62500 2
1 2 4 6 62500 2
1 2 4 2 62500 2
1 2 4 4 62500 2
1 2 2 3 62500 2
1 2 1 2 62500 2
1 2 0 2 62500 2
1 2 0 1 62500 2
1 2 9 5 63000 2
1 2 2 0 63000 2
1 2 10 7 63000 2
1 2 10 9 63000 2
1 2 11 4 63000 2
1 2 12 7 63000 2
1 2 12 1 63000 2
1 2 12 4 63000 2
1 2 13 8 63000 2
1 2 13 6 63000 2
1 2 14 9 63000 2
1 2 7 2 63000 2
1 2 7 1 63000 2
1 2 7 5 63000 2
1 2 6 0 63000 2
1 2 5 3 63000 2
1 2 5 9 63000 2
1 2 4 9 63000 2
1 2 1 2 63000 2
1 2 0 1 63000 2
1 2 8 4 63000 2
1 2 9 0 63500 2
1 2 10 9 63500 2
1 2 10 6 63500 2
1 2 11 8 63500 2
1 2 4 0 63500 2
1 2 12 2 63500 2
1 2 12 8 63500 2
1 2 12 2 63500 2
1 2 12 9 63500 2
1 2 13 5 63500 2
1 2 13 0 63500 2
1 2 14 3 63500 2
1 2 6 9 63500 2
1 2 7 5 63500 2
1 2 0 8 63500 2
1 2 1 3 63500 2
1 2 2 7 63500 2
1 2 3 8 63500 2
1 2 4 7 63500 2
1 2 4 2 63500 2
1 2 4 7 63500 2
1 2 5 4 63500 2
1 2 6 3 63500 2
1 2 10 1 64000 2
1 2 14 1 64000 2
1 2 14 1 64000 2
1 2 12 6 64000 2
1 2 11 6 64000 2
1 2 11 3 64000 2
1 2 7 8 64000 2
1 2 6 9 64000 2
1 2 7 3 64000 2
1 2 5 6 64000 2
1 2 4 6 64000 2
1 2 3 8 64000 2
1 2 2 9 64000 2
1 2 2 3 64000 2
1 2 2 4 64000 2
1 2 8 3 64500 2
1 2 8 8 64500 2
1 2 9 2 64500 2
1 2 9 0 64500 2
1 2 9 3 64500 2
1 2 10 4 64500 2
1 2 11 4 64500 2
1 2 12 5 64500 2
1 2 14 4 64500 2
1 2 14 8 64500 2
1 2 15 7 64500 2
1 2 15 1 64500 2
1 2 15 2 64500 2
1 2 15 9 64500 2
1 2 8 1 64500 2
1 2 8 4 64500 2
1 2 0 8 64500 2
1 2 0 5 64500 2
1 2 1 2 64500 2
1 2 2 3 64500 2
1 2 3 7 64500 2
1 2 3 8 64500 2
1 2 4 1 64500 2
1 2 5 6 64500 2
1 2 5 0 64500 2
1 2 5 2 64500 2
1 2 5 1 64500 2
1 2 3 4 64500 2
1 2 10 8 65000 2
1 2 10 3 65000 2
1 2 11 4 65000 2
1 2 11 8 65000 2
1 2 11 4 65000 2
1 2 11 8 65000 2
1 2 13 6 65000 2
1 2 14 5 65000 2
1 2 14 7 65000 2
1 2 15 5 65000 2
1 2 15 9 65000 2
1 2 1 0 65000 2
1 2 10 0 65000 2
1 2 3 6 65000 2
1 2 3 6 65000 2
1 2 3 4 65000 2
1 2 4 7 65000 2
1 2 4 6 65000 2
1 2 5 6 65000 2
1 2 7 1 65000 2
1 2 9 3 65000 2
1 2 9 6 65000 2
1 2 9 3 65500 2
1 2 15 4 65500 2
1 2 15 6 65500 2
1 2 13 1 65500 2
1 2 12 6 65500 2
1 2 11 7 65500 2
1 2 11 8 65500 2
1 2 11 4 65500 2
1 2 10 5 65500 2
1 2 8 2 65500 2
1 2 8 9 65500 2
1 2 7 0 65500 2
1 2 6 6 65500 2
1 2 2 1 65500 2
1 2 2 4 65500 2
1 2 2 0 65500 2
1 2 2 8 65500 2
1 2 0 3 65500 2
1 2 9 6 65500 2
1 2 8 0 66000 2
1 2 8 3 66000 2
1 2 8 8 66000 2
1 2 9 0 66000 2
1 2 11 6 66000 2
1 2 11 7 66000 2
1 2 11 2 66000 2
1 2 12 4 66000 2
1 2 13 6 66000 2
1 2 15 8 66000 2
1 2 15 6 66000 2
1 2 11 4 66000 2
1 2 7 2 66000 2
1 2 7 9 66000 2
1 2 0 7 66000 2
1 2 1 7 66000 2
1 2 1 2 66000 2
1 2 1 3 66000 2
1 2 2 8 66000 2
1 2 0 1 66000 2
1 2 3 8 66000 2
1 2 4 1 66000 2
1 2 4 1 66000 2
1 2 5 9 66000 2
1 2 2 1 66000 2
1 2 9 3 66500 2
1 2 10 0 66500 2
1 2 10 6 66500 2
1 2 11 0 66500 2
1 2 11 4 66500 2
1 2 11 7 66500 2
1 2 12 6 66500 2
1 2 12 4 66500 2
1 2 13 1 66500 2
1 2 13 2 66500 2
1 2 15 8 66500 2
1 2 15 6 66500 2
1 2 9 4 66500 2
1 2 9 5 66500 2
1 2 0 8 66500 2
1 2 0 5 66500 2
1 2 2 6 66500 2
1 2 2 2 66500 2
1 2 3 5 66500 2
1 2 3 6 66500 2
1 2 4 4 66500 2
1 2 5 8 66500 2
1 2 7 9 66500 2
1 2 8 9 66500 2
1 2 8 3 66500 2
1 2 9 2 66500 2
1 2 11 9 67000 2
1 2 11 8 67000 2
1 2 11 0 67000 2
1 2 11 6 67000 2
1 2 11 4 67000 2
1 2 12 6 67000 2
1 2 12 4 67000 2
1 2 13 7 67000 2
1 2 15 8 67000 2
1 2 15 7 67000 2
1 2 15 5 67000 2
1 2 13 3 67000 2
1 2 10 8 67000 2
1 2 10 9 67000 2
1 2 2 4 67000 2
1 2 2 1 67000 2
1 2 3 6 67000 2
1 2 4 2 67000 2
1 2 5 6 67000 2
1 2 5 4 67000 2
1 2 7 5 67000 2
1 2 7 9 67000 2
1 2 8 7 67000 2
1 2 8 6 67000 2
1 2 11 4 67500 2
1 2 15 8 67500 2
1 2 13 6 67500 2
1 2 13 1 67500 2
1 2 12 6 67500 2
1 2 12 1 67500 2
1 2 11 9 67500 2
1 2 10 9 67500 2
1 2 7 9 67500 2
1 2 9 6 67500 2
1 2 7 4 67500 2
1 2 7 3 67500 2
1 2 5 5 67500 2
1 2 5 5 67500 2
1 2 4 1 67500 2
1 2 2 8 67500 2
1 2 2 6 67500 2
1 2 9 2 68000 2
1 2 9 5 68000 2
1 2 11 6 68000 2
1 2 11 9 68000 2
1 2 11 6 68000 2
1 2 11 4 68000 2
1 2 11 4 68000 2
1 2 12 8 68000 2
1 2 12 6 68000 2
1 2 13 6 68000 2
1 2 14 5 68000 2
1 2 15 8 68000 2
1 2 15 2 68000 2
1 2 15 4 68000 2
1 2 4 7 68000 2
1 2 8 9 68000 2
1 2 0 7 68000 2
1 2 0 4 68000 2
1 2 1 6 68000 2
1 2 2 2 68000 2
1 2 4 8 68000 2
1 2 4 6 68000 2
1 2 5 5 68000 2
1 2 5 8 68000 2
1 2 6 3 68000 2
1 2 7 5 68000 2
1 2 7 9 68000 2
1 2 8 4 68000 2
1 2 5 8 68000 2
1 2 11 5 68500 2
1 2 11 7 68500 2
1 2 12 2 68500 2
1 2 13 8 68500 2
1 2 13 9 68500 2
1 2 15 6 68500 2
1 2 15 5 68500 2
1 2 15 8 68500 2
1 2 15 9 68500 2
1 2 12 4 68500 2
1 2 8 7 68500 2
1 2 11 9 68500 2
1 2 2 8 68500 2
1 2 2 2 68500 2
1 2 4 5 68500 2
1 2 5 5 68500 2
1 2 5 6 68500 2
1 2 6 3 68500 2
1 2 0 2 68500 2
1 2 6 5 68500 2
1 2 9 6 69000 2
1 2 15 2 69000 2
1 2 15 2 69000 2
1 2 15 8 69000 2
1 2 13 6 69000 2
1 2 12 4 69000 2
1 2 12 8 69000 2
1 2 11 9 69000 2
1 2 11 4 69000 2
1 2 10 4 69000 2
1 2 9 5 69000 2
1 2 7 4 69000 2
1 2 1 2 69000 2
1 2 1 0 69000 2
1 2 3 4 69000 2
1 2 3 3 69000 2
1 2 4 5 69000 2
1 2 4 0 69000 2
1 2 4 1 69000 2
1 2 5 4 69000 2
1 2 5 1 69000 2
1 2 7 2 69000 2
1 2 9 2 69500 2
1 2 10 1 69500 2
1 2 10 5 69500 2
1 2 11 4 69500 2
1 2 12 8 69500 2
1 2 12 9 69500 2
1 2 13 8 69500 2
1 2 14 0 69500 2
1 2 15 8 69500 2
1 2 15 2 69500 2
1 2 15 4 69500 2
1 2 1 5 69500 2
1 2 7 3 69500 2
1 2 0 7 69500 2
1 2 8 8 69500 2
1 2 2 8 69500 2
1 2 3 7 69500 2
1 2 3 6 69500 2
1 2 4 2 69500 2
1 2 4 1 69500 2
1 2 4 2 69500 2
1 2 5 8 69500 2
1 2 5 8 69500 2
1 2 5 8 69500 2
1 2 11 6 70000 2
1 2 11 8 70000 2
1 2 12 1 70000 2
1 2 12 6 70000 2
1 2 13 3 70000 2
1 2 13 1 70000 2
1 2 14 9 70000 2
1 2 14 3 70000 2
1 2 15 8 70000 2
1 2 0 9 70000 2
1 2 10 5 70000 2
1 2 8 9 70000 2
1 2 7 4 70000 2
1 2 7 5 70000 2
1 2 6 7 70000 2
1 2 6 6 70000 2
1 2 4 5 70000 2
1 2 4 3 70000 2
1 2 2 1 70000 2
1 2 11 5 70000 2
1 2 10 8 70500 2
1 2 11 0 70500 2
1 2 11 0 70500 2
1 2 11 4 70500 2
1 2 11 8 70500 2
1 2 12 4 70500 2
1 2 13 7 70500 2
1 2 14 9 70500 2
1 2 15 0 70500 2
1 2 15 7 70500 2
1 2 15 9 70500 2
1 2 8 9 70500 2
1 2 8 3 70500 2
1 2 0 3 70500 2
1 2 1 7 70500 2
1 2 3 8 70500 2
1 2 3 4 70500 2
1 2 4 2 70500 2
1 2 4 1 70500 2
1 2 4 6 70500 2
1 2 5 4 70500 2
1 2 6 8 70500 2
1 2 8 5 70500 2
1 2 8 6 71000 2
1 2 9 0 71000 2
1 2 9 0 71000 2
1 2 10 9 71000 2
1 2 10 8 71000 2
1 2 11 4 71000 2
1 2 11 9 71000 2
1 2 11 7 71000 2
1 2 13 3 71000 2
1 2 13 2 71000 2
1 2 14 8 71000 2
1 2 15 0 71000 2
1 2 15 4 71000 2
1 2 7 5 71000 2
1 2 7 7 71000 2
1 2 0 7 71000 2
1 2 1 2 71000 2
1 2 2 4 71000 2
1 2 2 5 71000 2
1 2 3 8 71000 2
1 2 3 4 71000 2
1 2 4 1 71000 2
1 2 4 2 71000 2
1 2 5 3 71000 2
1 2 5 5 71000 2
1 2 5 8 71000 2
1 2 3 6 71000 2
1 2 11 7 71500 2
1 2 12 8 71500 2
1 2 12 4 71500 2
1 2 13 7 71500 2
1 2 13 2 71500 2
1 2 13 9 71500 2
1 2 13 5 71500 2
1 2 14 0 71500 2
1 2 15 0 71500 2
1 2 15 4 71500 2
1 2 12 6 71500 2
1 2 4 6 71500 2
1 2 1 4 71500 2
1 2 11 8 71500 2
1 2 2 6 71500 2
1 2 6 4 71500 2
1 2 7 2 71500 2
1 2 8 9 71500 2
1 2 8 7 71500 2
1 2 8 7 71500 2
1 2 11 6 71500 2
1 2 11 4 71500 2
1 2 15 8 72000 2
1 2 9 3 72000 2
1 2 10 0 72000 2
1 2 10 8 72000 2
1 2 11 5 72000 2
1 2 11 2 72000 2
1 2 11 9 72000 2
1 2 7 6 72000 2
1 2 11 3 72000 2
1 2 11 4 72000 2
1 2 12 9 72000 2
1 2 13 6 72000 2
1 2 14 0 72000 2
1 2 15 6 72000 2
1 2 15 1 72000 2
1 2 15 4 72000 2
1 2 11 8 72000 2
1 2 7 2 72000 2
1 2 7 7 72000 2
1 2 0 5 72000 2
1 2 0 1 72000 2
1 2 1 6 72000 2
1 2 1 7 72000 2
1 2 1 5 72000 2
1 2 2 6 72000 2
1 2 3 4 72000 2
1 2 4 3 72000 2
1 2 4 2 72000 2
1 2 5 8 72000 2
1 2 5 4 72000 2
1 2 5 3 72000 2
1 2 5 0 72000 2
1 2 6 7 72000 2
1 2 3 6 72000 2
1 2 10 9 72500 2
1 2 10 1 72500 2
1 2 10 0 72500 2
1 2 10 7 72500 2
1 2 11 8 72500 2
1 2 11 7 72500 2
1 2 12 8 72500 2
1 2 12 9 72500 2
1 2 12 2 72500 2
1 2 12 4 72500 2
1 2 12 5 72500 2
1 2 13 6 72500 2
1 2 14 5 72500 2
1 2 14 0 72500 2
1 2 15 0 72500 2
1 2 15 8 72500 2
1 2 15 1 72500 2
1 2 10 9 72500 2
1 2 10 3 72500 2
1 2 0 8 72500 2
1 2 1 2 72500 2
1 2 1 8 72500 2
1 2 3 4 72500 2
1 2 3 7 72500 2
1 2 4 2 72500 2
1 2 5 9 72500 2
1 2 5 6 72500 2
1 2 5 7 72500 2
1 2 6 9 72500 2
1 2 7 5 72500 2
1 2 7 7 72500 2
1 2 7 1 72500 2
1 2 8 4 72500 2
1 2 8 0 72500 2
1 2 6 4 73000 2
1 2 8 6 73000 2
1 2 8 7 73000 2
1 2 9 1 73000 2
1 2 9 7 73000 2
1 2 10 6 73000 2
1 2 10 4 73000 2
1 2 10 5 73000 2
1 2 11 2 73000 2
1 2 11 9 73000 2
1 2 12 2 73000 2
1 2 12 2 73000 2
1 2 12 6 73000 2
1 2 14 9 73000 2
1 2 14 1 73000 2
1 2 15 8 73000 2
1 2 15 0 73000 2
1 2 5 2 73000 2
1 2 6 8 73000 2
1 2 0 3 73000 2
1 2 1 3 73000 2
1 2 1 5 73000 2
1 2 2 8 73000 2
1 2 2 2 73000 2
1 2 2 2 73000 2
1 2 3 4 73000 2
1 2 3 0 73000 2
1 2 4 4 73000 2
1 2 4 2 73000 2
1 2 4 8 73000 2
1 2 4 5 73000 2
1 2 5 8 73000 2
1 2 5 4 73000 2
1 2 3 3 73000 2
1 2 8 7 73500 2
1 2 9 7 73500 2
1 2 9 7 73500 2
1 2 10 7 73500 2
1 2 10 6 73500 2
1 2 10 7 73500 2
1 2 10 7 73500 2
1 2 12 7 73500 2
1 2 12 5 73500 2
1 2 13 2 73500 2
1 2 14 2 73500 2
1 2 15 0 73500 2
1 2 15 2 73500 2
1 2 8 2 73500 2
1 2 5 3 73500 2
1 2 8 9 73500 2
1 2 1 4 73500 2
1 2 2 9 73500 2
1 2 2 9 73500 2
1 2 3 7 73500 2
1 2 3 4 73500 2
1 2 4 6 73500 2
1 2 5 9 73500 2
1 2 5 8 73500 2
1 2 5 9 73500 2
1 2 6 3 73500 2
1 2 6 4 73500 2
1 2 7 5 73500 2
1 2 7 3 73500 2
1 2 10 7 74000 2
1 2 9 5 74000 2
1 2 11 1 74000 2
1 2 11 9 74000 2
1 2 15 0 74000 2
1 2 9 4 74000 2
1 2 8 8 74000 2
1 2 8 0 74000 2
1 2 7 5 74000 2
1 2 11 4 74000 2
1 2 11 0 74000 2
1 2 12 5 74000 2
1 2 13 5 74000 2
1 2 13 1 74000 2
1 2 14 2 74000 2
1 2 15 2 74000 2
1 2 15 4 74000 2
1 2 2 8 74000 2
1 2 6 9 74000 2
1 2 0 6 74000 2
1 2 1 2 74000 2
1 2 1 2 74000 2
1 2 2 2 74000 2
1 2 2 2 74000 2
1 2 3 4 74000 2
1 2 4 4 74000 2
1 2 4 7 74000 2
1 2 4 0 74000 2
1 2 5 9 74000 2
1 2 5 3 74000 2
1 2 5 9 74000 2
1 2 4 8 74000 2
1 2 6 2 74000 2
1 2 6 8 74000 2
1 2 7 0 74000 2
1 2 7 5 74500 2
1 2 7 4 74500 2
1 2 8 9 74500 2
1 2 8 9 74500 2
1 2 9 7 74500 2
1 2 10 9 74500 2
1 2 10 3 74500 2
1 2 11 9 74500 2
1 2 11 9 74500 2
1 2 11 4 74500 2
1 2 12 2 74500 2
1 2 12 8 74500 2
1 2 13 8 74500 2
1 2 13 5 74500 2
1 2 14 8 74500 2
1 2 14 8 74500 2
1 2 15 6 74500 2
1 2 6 8 74500 2
1 2 7 4 74500 2
1 2 0 8 74500 2
1 2 1 6 74500 2
1 2 2 9 74500 2
1 2 2 2 74500 2
1 2 2 6 74500 2
1 2 3 8 74500 2
1 2 3 2 74500 2
1 2 3 4 74500 2
1 2 4 4 74500 2
1 2 5 9 74500 2
1 2 5 5 74500 2
1 2 5 7 74500 2
1 2 6 6 74500 2
1 2 6 4 74500 2
1 2 3 3 74500 2
1 2 12 1 75000 2
1 2 12 1 75000 2
1 2 12 4 75000 2
1 2 11 0 75000 2
1 2 11 4 75000 2
1 2 11 9 75000 2
1 2 11 2 75000 2
1 2 10 7 75000 2
1 2 8 8 75000 2
1 2 10 6 75000 2
1 2 12 8 75000 2
1 2 12 5 75000 2
1 2 12 4 75000 2
1 2 13 4 75000 2
1 2 14 8 75000 2
1 2 14 1 75000 2
1 2 14 0 75000 2
1 2 15 8 75000 2
1 2 15 0 75000 2
1 2 10 0 75000 2
1 2 0 3 75000 2
1 2 1 7 75000 2
1 2 1 8 75000 2
1 2 2 8 75000 2
1 2 2 9 75000 2
1 2 3 8 75000 2
1 2 3 4 75000 2
1 2 4 9 75000 2
1 2 4 0 75000 2
1 2 5 9 75000 2
1 2 5 7 75000 2
1 2 6 2 75000 2
1 2 6 8 75000 2
1 2 7 6 75000 2
1 2 8 2 75000 2
1 2 5 8 75000 2
1 2 10 1 75000 2
1 2 8 9 75500 2
1 2 8 3 75500 2
1 2 9 0 75500 2
1 2 10 7 75500 2
1 2 11 9 75500 2
1 2 11 6 75500 2
1 2 13 5 75500 2
1 2 13 4 75500 2
1 2 14 0 75500 2
1 2 15 7 75500 2
1 2 15 9 75500 2
1 2 15 6 75500 2
1 2 5 9 75500 2
1 2 5 8 75500 2
1 2 6 9 75500 2
1 2 0 4 75500 2
1 2 0 1 75500 2
1 2 2 8 75500 2
1 2 2 8 75500 2
1 2 2 6 75500 2
1 2 3 8 75500 2
1 2 3 8 75500 2
1 2 4 2 75500 2
1 2 4 8 75500 2
1 2 5 3 75500 2
1 2 8 9 76000 2
1 2 7 9 76000 2
1 2 7 4 76000 2
1 2 8 0 76000 2
1 2 10 8 76000 2
1 2 10 5 76000 2
1 2 11 6 76000 2
1 2 11 0 76000 2
1 2 11 4 76000 2
1 2 12 6 76000 2
1 2 12 8 76000 2
1 2 12 4 76000 2
1 2 13 3 76000 2
1 2 13 6 76000 2
1 2 13 7 76000 2
1 2 14 8 76000 2
1 2 15 8 76000 2
1 2 5 7 76000 2
1 2 5 9 76000 2
1 2 0 3 76000 2
1 2 0 4 76000 2
1 2 0 3 76000 2
1 2 1 0 76000 2
1 2 1 4 76000 2
1 2 1 2 76000 2
1 2 2 8 76000 2
1 2 2 6 76000 2
1 2 3 4 76000 2
1 2 3 2 76000 2
1 2 3 8 76000 2
1 2 4 0 76000 2
1 2 4 7 76000 2
1 2 4 7 76000 2
1 2 5 8 76000 2
1 2 6 9 76500 2
1 2 7 9 76500 2
1 2 8 2 76500 2
1 2 8 0 76500 2
1 2 8 3 76500 2
1 2 9 4 76500 2
1 2 9 5 76500 2
1 2 10 9 76500 2
1 2 10 7 76500 2
1 2 10 9 76500 2
1 2 11 4 76500 2
1 2 12 2 76500 2
1 2 12 4 76500 2
1 2 13 4 76500 2
1 2 14 0 76500 2
1 2 14 4 76500 2
1 2 15 7 76500 2
1 2 5 9 76500 2
1 2 6 8 76500 2
1 2 0 7 76500 2
1 2 1 9 76500 2
1 2 1 2 76500 2
1 2 1 7 76500 2
1 2 1 7 76500 2
1 2 2 8 76500 2
1 2 2 9 76500 2
1 2 2 2 76500 2
1 2 4 4 76500 2
1 2 3 7 76500 2
1 2 5 7 76500 2
1 2 5 9 76500 2
1 2 5 9 76500 2
1 2 5 4 76500 2
1 2 4 7 76500 2
1 2 4 6 76500 2
1 2 9 3 77000 2
1 2 10 9 77000 2
1 2 10 3 77000 2
1 2 10 5 77000 2
1 2 11 9 77000 2
1 2 11 6 77000 2
1 2 12 7 77000 2
1 2 12 2 77000 2
1 2 12 2 77000 2
1 2 12 5 77000 2
1 2 12 6 77000 2
1 2 13 6 77000 2
1 2 13 4 77000 2
1 2 13 6 77000 2
1 2 14 0 77000 2
1 2 15 2 77000 2
1 2 15 9 77000 2
1 2 15 6 77000 2
1 2 8 2 77000 2
1 2 8 8 77000 2
1 2 1 6 77000 2
1 2 1 9 77000 2
1 2 2 2 77000 2
1 2 2 6 77000 2
1 2 3 8 77000 2
1 2 3 4 77000 2
1 2 3 7 77000 2
1 2 3 4 77000 2
1 2 4 8 77000 2
1 2 4 3 77000 2
1 2 8 9 77000 2
1 2 7 7 77000 2
1 2 6 2 77000 2
1 2 6 8 77000 2
1 2 5 7 77000 2
1 2 5 3 77000 2
1 2 6 7 77500 2
1 2 7 3 77500 2
1 2 8 4 77500 2
1 2 8 7 77500 2
1 2 8 9 77500 2
1 2 8 4 77500 2
1 2 8 7 77500 2
1 2 9 7 77500 2
1 2 10 7 77500 2
1 2 11 7 77500 2
1 2 12 7 77500 2
1 2 13 3 77500 2
1 2 14 9 77500 2
1 2 14 9 77500 2
1 2 15 6 77500 2
1 2 15 9 77500 2
1 2 15 6 77500 2
1 2 15 8 77500 2
1 2 6 7 77500 2
1 2 0 6 77500 2
1 2 0 3 77500 2
1 2 1 0 77500 2
1 2 1 4 77500 2
1 2 2 8 77500 2
1 2 2 7 77500 2
1 2 2 2 77500 2
1 2 3 4 77500 2
1 2 3 9 77500 2
1 2 3 9 77500 2
1 2 7 7 77500 2
1 2 6 0 77500 2
1 2 5 8 77500 2
1 2 5 9 77500 2
1 2 4 4 77500 2
1 2 4 3 77500 2
1 2 3 8 77500 2
1 2 7 8 78000 2
1 2 7 2 78000 2
1 2 8 7 78000 2
1 2 8 3 78000 2
1 2 8 2 78000 2
1 2 8 2 78000 2
1 2 9 9 78000 2
1 2 9 1 78000 2
1 2 11 4 78000 2
1 2 11 7 78000 2
1 2 12 4 78000 2
1 2 12 5 78000 2
1 2 13 2 78000 2
1 2 13 6 78000 2
1 2 14 8 78000 2
1 2 15 1 78000 2
1 2 15 3 78000 2
1 2 7 9 78000 2
1 2 7 5 78000 2
1 2 0 7 78000 2
1 2 0 5 78000 2
1 2 0 8 78000 2
1 2 1 9 78000 2
1 2 1 8 78000 2
1 2 2 0 78000 2
1 2 3 4 78000 2
1 2 4 4 78000 2
1 2 5 5 78000 2
1 2 5 9 78000 2
1 2 6 3 78000 2
1 2 6 9 78000 2
1 2 6 9 78000 2
1 2 6 7 78000 2
1 2 4 5 78000 2
1 2 10 9 78500 2
1 2 11 0 78500 2
1 2 12 4 78500 2
1 2 13 2 78500 2
1 2 13 8 78500 2
1 2 13 5 78500 2
1 2 13 7 78500 2
1 2 14 0 78500 2
1 2 14 4 78500 2
1 2 15 7 78500 2
1 2 15 2 78500 2
1 2 8 5 78500 2
1 2 7 4 78500 2
1 2 6 4 78500 2
1 2 6 9 78500 2
1 2 6 0 78500 2
1 2 5 3 78500 2
1 2 5 3 78500 2
1 2 4 0 78500 2
1 2 4 1 78500 2
1 2 2 0 78500 2
1 2 1 0 78500 2
1 2 0 3 78500 2
1 2 8 7 78500 2
1 2 11 8 79000 2
1 2 15 6 79000 2
1 2 11 1 79000 2
1 2 9 7 79000 2
1 2 8 3 79000 2
1 2 8 8 79000 2
1 2 8 7 79000 2
1 2 7 5 79000 2
1 2 11 4 79000 2
1 2 11 4 79000 2
1 2 13 5 79000 2
1 2 14 0 79000 2
1 2 15 2 79000 2
1 2 15 6 79000 2
1 2 15 9 79000 2
1 2 13 6 79000 2
1 2 6 4 79000 2
1 2 6 3 79000 2
1 2 0 5 79000 2
1 2 0 4 79000 2
1 2 1 0 79000 2
1 2 1 5 79000 2
1 2 2 2 79000 2
1 2 3 8 79000 2
1 2 3 2 79000 2
1 2 4 3 79000 2
1 2 4 8 79000 2
1 2 4 7 79000 2
1 2 5 5 79000 2
1 2 5 3 79000 2
1 2 5 8 79000 2
1 2 5 9 79000 2
1 2 3 7 79000 2
1 2 7 6 79500 2
1 2 7 1 79500 2
1 2 8 9 79500 2
1 2 8 9 79500 2
1 2 10 8 79500 2
1 2 10 9 79500 2
1 2 11 9 79500 2
1 2 11 0 79500 2
1 2 11 4 79500 2
1 2 12 4 79500 2
1 2 13 5 79500 2
1 2 14 2 79500 2
1 2 15 4 79500 2
1 2 6 3 79500 2
1 2 6 9 79500 2
1 2 0 8 79500 2
1 2 1 9 79500 2
1 2 1 6 79500 2
1 2 2 5 79500 2
1 2 2 3 79500 2
1 2 2 7 79500 2
1 2 3 8 79500 2
1 2 3 4 79500 2
1 2 3 5 79500 2
1 2 5 3 79500 2
1 2 5 4 79500 2
1 2 6 8 79500 2
1 2 8 9 80000 2
1 2 15 0 80000 2
1 2 8 7 80000 2
1 2 8 2 80000 2
1 2 8 8 80000 2
1 2 9 4 80000 2
1 2 9 9 80000 2
1 2 9 3 80000 2
1 2 10 9 80000 2
1 2 10 4 80000 2
1 2 11 3 80000 2
1 2 11 4 80000 2
1 2 12 2 80000 2
1 2 12 8 80000 2
1 2 14 8 80000 2
1 2 14 2 80000 2
1 2 3 4 80000 2
1 2 0 5 80000 2
1 2 0 3 80000 2
1 2 1 7 80000 2
1 2 1 4 80000 2
1 2 1 2 80000 2
1 2 1 7 80000 2
1 2 2 0 80000 2
1 2 3 7 80000 2
1 2 7 4 80000 2
1 2 4 7 80000 2
1 2 4 8 80000 2
1 2 4 7 80000 2
1 2 5 9 80000 2
1 2 5 7 80000 2
1 2 6 6 80000 2
1 2 7 6 80000 2
