0 1 146 194 2000 2
0 1 19 113 2000 2
0 1 167 170 2000 2
0 1 237 8 2000 2
0 1 21 179 2000 2
0 1 65 181 2000 2
0 1 203 160 2000 2
0 1 101 112 2000 2
0 1 107 66 2000 2
0 1 180 10 2000 2
0 1 136 47 2000 2
0 1 158 97 2000 2
0 1 135 219 2000 2
0 1 106 7 2000 2
0 1 222 137 2000 2
0 1 129 76 2000 2
0 1 196 218 2000 2
0 1 18 251 2000 2
0 1 196 37 2000 2
0 1 191 136 2000 2
0 1 58 143 2000 2
0 1 126 192 2000 2
0 1 241 136 2000 2
0 1 239 167 2000 2
0 1 144 243 2000 2
0 1 232 18 2000 2
0 1 157 109 2000 2
0 1 42 20 2000 2
0 1 32 65 2000 2
0 1 51 96 2000 2
0 1 21 59 2000 2
0 1 99 241 2000 2
0 1 132 112 2000 2
0 1 132 218 2000 2
0 1 40 215 2000 2
0 1 166 218 2000 2
0 1 11 47 2000 2
0 1 91 228 2000 2
0 1 149 161 2000 2
0 1 220 25 2000 2
0 1 209 81 2000 2
0 1 91 188 2000 2
0 1 65 143 2000 2
0 1 52 96 2000 2
0 1 153 171 2000 2
0 1 200 46 2000 2
0 1 150 12 2000 2
0 1 102 20 2000 2
0 1 42 156 2000 2
0 1 5 222 2000 2
0 1 140 58 2000 2
0 1 181 115 2000 2
0 1 51 48 2000 2
0 1 179 247 2000 2
0 1 60 128 2000 2
0 1 185 192 2000 2
0 1 226 37 2000 2
0 1 105 214 2000 2
0 1 240 135 2000 2
0 1 169 71 4000 2
0 1 118 133 4000 2
0 1 8 110 4000 2
0 1 31 62 4000 2
0 1 83 130 4000 2
0 1 76 217 4000 2
0 1 55 196 4000 2
0 1 86 146 4000 2
0 1 157 202 4000 2
0 1 151 105 4000 2
0 1 214 139 4000 2
0 1 147 122 4000 2
0 1 58 140 4000 2
0 1 76 195 4000 2
0 1 15 31 4000 2
0 1 81 19 4000 2
0 1 95 252 4000 2
0 1 26 116 4000 2
0 1 207 10 4000 2
0 1 34 228 4000 2
0 1 115 254 4000 2
0 1 102 36 4000 2
0 1 64 16 4000 2
0 1 9 115 4000 2
0 1 169 231 4000 2
0 1 193 2 4000 2
0 1 106 252 4000 2
0 1 18 35 4000 2
0 1 12 152 4000 2
0 1 49 142 4000 2
0 1 81 53 4000 2
0 1 238 11 4000 2
0 1 200 39 4000 2
0 1 149 219 4000 2
0 1 106 13 4000 2
0 1 213 0 4000 2
0 1 249 149 4000 2
0 1 173 164 4000 2
0 1 60 98 4000 2
0 1 214 111 4000 2
0 1 26 225 4000 2
0 1 179 142 4000 2
0 1 201 193 4000 2
0 1 150 215 4000 2
0 1 168 92 4000 2
0 1 198 151 4000 2
0 1 176 35 4000 2
0 1 246 134 4000 2
0 1 16 172 4000 2
0 1 4 116 4000 2
0 1 165 53 4000 2
0 1 173 180 4000 2
0 1 239 1 4000 2
0 1 141 29 4000 2
0 1 77 35 4000 2
0 1 203 193 4000 2
0 1 97 151 4000 2
0 1 7 116 4000 2
0 1 145 86 4000 2
0 1 21 164 4000 2
0 1 170 16 4000 2
0 1 169 90 4000 2
0 1 243 222 4000 2
0 1 198 136 4000 2
0 1 169 122 4000 2
0 1 104 50 4000 2
0 1 4 27 4000 2
0 1 171 180 4000 2
0 1 189 228 4000 2
0 1 89 246 4000 2
0 1 113 99 4000 2
0 1 239 125 4000 2
0 1 248 41 4000 2
0 1 214 122 4000 2
0 1 173 146 4000 2
0 1 86 128 4000 2
0 1 153 34 4000 2
0 1 75 101 4000 2
0 1 10 37 4000 2
0 1 120 16 4000 2
0 1 149 244 4000 2
0 1 50 65 4000 2
0 1 139 65 4000 2
0 1 74 136 4000 2
0 1 176 220 4000 2
0 1 77 235 4000 2
0 1 76 226 4000 2
0 1 198 234 4000 2
0 1 234 156 4000 2
0 1 197 3 4000 2
0 1 148 91 4000 2
0 1 252 160 4000 2
0 1 8 167 4000 2
0 1 71 243 4000 2
0 1 62 162 4000 2
0 1 220 68 4000 2
0 1 33 58 4000 2
0 1 102 121 4000 2
0 1 89 3 4000 2
0 1 195 114 6000 2
0 1 242 158 6000 2
0 1 0 27 6000 2
0 1 82 219 6000 2
0 1 104 121 6000 2
0 1 180 212 6000 2
0 1 137 100 6000 2
0 1 125 57 6000 2
0 1 19 199 6000 2
0 1 89 21 6000 2
0 1 106 219 6000 2
0 1 178 94 6000 2
0 1 122 161 6000 2
0 1 235 108 6000 2
0 1 171 238 6000 2
0 1 30 213 6000 2
0 1 212 233 6000 2
0 1 205 47 6000 2
0 1 80 222 6000 2
0 1 129 20 6000 2
0 1 242 154 6000 2
0 1 49 222 6000 2
0 1 215 125 6000 2
0 1 211 192 6000 2
0 1 25 59 6000 2
0 1 37 164 6000 2
0 1 227 229 6000 2
0 1 193 30 6000 2
0 1 244 119 6000 2
0 1 228 105 6000 2
0 1 58 193 6000 2
0 1 127 199 6000 2
0 1 132 187 6000 2
0 1 172 157 6000 2
0 1 69 217 6000 2
0 1 162 104 6000 2
0 1 118 31 6000 2
0 1 171 214 6000 2
0 1 147 34 6000 2
0 1 127 107 6000 2
0 1 240 129 6000 2
0 1 39 173 6000 2
0 1 114 1 6000 2
0 1 68 42 6000 2
0 1 165 57 6000 2
0 1 61 168 6000 2
0 1 244 107 6000 2
0 1 89 111 6000 2
0 1 235 122 6000 2
0 1 23 25 6000 2
0 1 230 32 6000 2
0 1 73 100 6000 2
0 1 108 75 6000 2
0 1 176 140 6000 2
0 1 212 112 6000 2
0 1 99 66 6000 2
0 1 113 16 6000 2
0 1 198 8 6000 2
0 1 60 27 6000 2
0 1 241 15 6000 2
0 1 112 224 6000 2
0 1 32 65 6000 2
0 1 197 211 6000 2
0 1 90 239 8000 2
0 1 152 196 8000 2
0 1 189 246 8000 2
0 1 14 177 8000 2
0 1 38 222 8000 2
0 1 113 240 8000 2
0 1 183 176 8000 2
0 1 182 3 8000 2
0 1 180 91 8000 2
0 1 114 237 8000 2
0 1 241 249 8000 2
0 1 168 54 8000 2
0 1 10 163 8000 2
0 1 197 213 8000 2
0 1 98 70 8000 2
0 1 216 215 8000 2
0 1 209 161 8000 2
0 1 66 35 8000 2
0 1 167 138 8000 2
0 1 53 31 8000 2
0 1 90 39 8000 2
0 1 57 211 8000 2
0 1 175 122 8000 2
0 1 144 146 8000 2
0 1 217 12 8000 2
0 1 255 184 8000 2
0 1 208 92 8000 2
0 1 10 43 8000 2
0 1 125 97 8000 2
0 1 23 13 8000 2
0 1 205 221 8000 2
0 1 54 100 8000 2
0 1 94 58 8000 2
0 1 16 169 8000 2
0 1 87 89 8000 2
0 1 4 58 8000 2
0 1 8 191 8000 2
0 1 179 37 8000 2
0 1 214 175 8000 2
0 1 0 213 8000 2
0 1 104 177 8000 2
0 1 254 124 8000 2
0 1 178 248 8000 2
0 1 164 201 8000 2
0 1 229 236 8000 2
0 1 37 159 8000 2
0 1 4 252 8000 2
0 1 248 143 8000 2
0 1 126 145 8000 2
0 1 7 148 8000 2
0 1 5 238 8000 2
0 1 146 31 8000 2
0 1 163 201 8000 2
0 1 171 106 8000 2
0 1 29 70 8000 2
0 1 145 69 8000 2
0 1 222 66 8000 2
0 1 89 3 8000 2
0 1 155 86 8000 2
0 1 99 235 8000 2
0 1 65 92 8000 2
0 1 175 135 8000 2
0 1 103 146 8000 2
0 1 203 119 8000 2
0 1 225 109 8000 2
0 1 170 39 8000 2
0 1 193 55 8000 2
0 1 173 86 8000 2
0 1 244 167 8000 2
0 1 52 107 10000 2
0 1 201 25 10000 2
0 1 53 160 10000 2
0 1 55 108 10000 2
0 1 71 30 10000 2
0 1 205 179 10000 2
0 1 220 253 10000 2
0 1 203 91 10000 2
0 1 30 164 10000 2
0 1 21 120 10000 2
0 1 237 10 10000 2
0 1 194 240 10000 2
0 1 151 205 10000 2
0 1 26 205 10000 2
0 1 116 22 10000 2
0 1 59 197 10000 2
0 1 200 21 10000 2
0 1 160 76 10000 2
0 1 192 150 10000 2
0 1 127 16 10000 2
0 1 234 9 10000 2
0 1 81 108 10000 2
0 1 37 96 10000 2
0 1 15 242 10000 2
0 1 88 107 10000 2
0 1 91 86 10000 2
0 1 34 238 10000 2
0 1 187 25 10000 2
0 1 182 220 10000 2
0 1 243 34 10000 2
0 1 162 171 10000 2
0 1 219 178 10000 2
0 1 182 123 10000 2
0 1 239 166 10000 2
0 1 251 109 10000 2
0 1 3 6 10000 2
0 1 207 107 10000 2
0 1 183 97 10000 2
0 1 220 77 10000 2
0 1 7 239 10000 2
0 1 51 202 10000 2
0 1 35 164 10000 2
0 1 109 130 10000 2
0 1 27 233 10000 2
0 1 78 181 10000 2
0 1 10 4 10000 2
0 1 120 57 10000 2
0 1 177 161 10000 2
0 1 85 158 10000 2
0 1 223 252 10000 2
0 1 250 71 10000 2
0 1 249 150 10000 2
0 1 10 43 10000 2
0 1 47 148 10000 2
0 1 127 131 10000 2
0 1 87 158 10000 2
0 1 112 251 10000 2
0 1 85 155 10000 2
0 1 97 87 10000 2
0 1 241 192 10000 2
0 1 61 88 10000 2
0 1 54 240 10000 2
0 1 131 53 10000 2
0 1 18 105 10000 2
0 1 166 220 10000 2
0 1 66 254 10000 2
0 1 60 252 10000 2
0 1 219 98 10000 2
0 1 100 117 10000 2
0 1 39 22 10000 2
0 1 226 172 10000 2
0 1 24 245 10000 2
0 1 3 248 10000 2
0 1 252 192 10000 2
0 1 236 195 10000 2
0 1 72 171 10000 2
