1 2 114 185 2000 2
1 2 128 177 2000 2
1 2 80 116 2000 2
1 2 1 249 2000 2
1 2 174 253 2000 2
1 2 0 210 2000 2
1 2 51 134 2000 2
1 2 107 75 2000 2
1 2 67 33 2000 2
1 2 226 90 2000 2
1 2 67 243 2000 2
1 2 191 160 2000 2
1 2 129 115 2000 2
1 2 23 238 2000 2
1 2 52 51 2000 2
1 2 17 79 2000 2
1 2 215 89 2000 2
1 2 44 62 2000 2
1 2 44 141 2000 2
1 2 48 89 2000 2
1 2 144 250 2000 2
1 2 239 155 2000 2
1 2 164 49 2000 2
1 2 166 208 2000 2
1 2 203 41 2000 2
1 2 254 79 2000 2
1 2 15 188 2000 2
1 2 231 254 2000 2
1 2 247 31 2000 2
1 2 45 92 2000 2
1 2 8 64 2000 2
1 2 155 116 2000 2
1 2 160 44 2000 2
1 2 177 133 2000 2
1 2 154 27 2000 2
1 2 174 109 2000 2
1 2 29 101 2000 2
1 2 16 25 2000 2
1 2 8 92 2000 2
1 2 212 30 2000 2
1 2 46 216 2000 2
1 2 107 209 2000 2
1 2 62 2 2000 2
1 2 151 39 2000 2
1 2 191 59 2000 2
1 2 38 75 2000 2
1 2 85 107 2000 2
1 2 240 164 2000 2
1 2 177 134 2000 2
1 2 25 220 2000 2
1 2 147 31 2000 2
1 2 12 72 2000 2
1 2 90 251 2000 2
1 2 209 61 2000 2
1 2 189 73 2000 2
1 2 117 225 2000 2
1 2 244 162 2000 2
1 2 116 37 2000 2
1 2 116 11 2000 2
1 2 224 24 2000 2
1 2 144 255 2000 2
1 2 63 82 2000 2
1 2 232 162 2000 2
1 2 173 176 2000 2
1 2 31 161 2000 2
1 2 100 12 2000 2
1 2 124 178 2000 2
1 2 212 13 2000 2
1 2 152 201 2000 2
1 2 123 228 2000 2
1 2 134 149 2000 2
1 2 195 239 2000 2
1 2 114 195 2000 2
1 2 222 175 2000 2
1 2 30 28 2000 2
1 2 151 115 2000 2
1 2 130 117 2000 2
1 2 52 19 4000 2
1 2 203 111 4000 2
1 2 57 106 4000 2
1 2 241 92 4000 2
1 2 169 249 4000 2
1 2 61 241 4000 2
1 2 41 72 4000 2
1 2 4 174 4000 2
1 2 93 14 4000 2
1 2 239 15 4000 2
1 2 152 169 4000 2
1 2 210 0 4000 2
1 2 85 76 4000 2
1 2 133 122 4000 2
1 2 122 173 4000 2
1 2 62 173 4000 2
1 2 110 191 4000 2
1 2 188 47 4000 2
1 2 35 53 4000 2
1 2 22 141 4000 2
1 2 126 230 4000 2
1 2 62 243 4000 2
1 2 74 240 4000 2
1 2 118 229 4000 2
1 2 63 127 4000 2
1 2 122 217 4000 2
1 2 144 207 4000 2
1 2 169 49 4000 2
1 2 66 8 4000 2
1 2 70 252 4000 2
1 2 84 50 4000 2
1 2 214 202 4000 2
1 2 241 243 4000 2
1 2 214 85 4000 2
1 2 208 95 4000 2
1 2 159 140 4000 2
1 2 45 69 4000 2
1 2 171 7 4000 2
1 2 241 136 4000 2
1 2 254 25 4000 2
1 2 107 99 4000 2
1 2 177 126 4000 2
1 2 220 70 4000 2
1 2 232 165 4000 2
1 2 168 206 4000 2
1 2 148 155 4000 2
1 2 30 114 4000 2
1 2 25 226 4000 2
1 2 109 209 4000 2
1 2 132 205 4000 2
1 2 63 205 4000 2
1 2 123 242 4000 2
1 2 139 210 4000 2
1 2 59 151 4000 2
1 2 129 84 4000 2
1 2 65 224 4000 2
1 2 248 160 4000 2
1 2 0 76 4000 2
1 2 141 21 4000 2
1 2 230 247 4000 2
1 2 174 216 4000 2
1 2 95 94 4000 2
1 2 246 141 4000 2
1 2 24 130 4000 2
1 2 101 12 4000 2
1 2 110 177 4000 2
1 2 121 33 4000 2
1 2 148 70 4000 2
1 2 50 42 4000 2
1 2 156 107 4000 2
1 2 4 126 4000 2
1 2 12 142 4000 2
1 2 140 31 4000 2
1 2 207 78 4000 2
1 2 197 203 4000 2
1 2 32 194 4000 2
1 2 87 238 4000 2
1 2 73 201 4000 2
1 2 228 117 4000 2
1 2 217 28 4000 2
1 2 130 126 4000 2
1 2 179 254 4000 2
1 2 230 54 4000 2
1 2 235 131 6000 2
1 2 193 139 6000 2
1 2 23 135 6000 2
1 2 29 223 6000 2
1 2 26 53 6000 2
1 2 203 102 6000 2
1 2 215 2 6000 2
1 2 153 165 6000 2
1 2 211 56 6000 2
1 2 63 122 6000 2
1 2 108 104 6000 2
1 2 111 134 6000 2
1 2 23 96 6000 2
1 2 130 61 6000 2
1 2 213 17 6000 2
1 2 234 12 6000 2
1 2 42 163 6000 2
1 2 178 181 6000 2
1 2 174 46 6000 2
1 2 147 148 6000 2
1 2 237 80 6000 2
1 2 76 25 6000 2
1 2 193 23 6000 2
1 2 190 245 6000 2
1 2 1 4 6000 2
1 2 161 123 6000 2
1 2 196 48 6000 2
1 2 118 85 6000 2
1 2 43 191 6000 2
1 2 134 215 6000 2
1 2 96 58 6000 2
1 2 247 207 6000 2
1 2 101 162 6000 2
1 2 142 76 6000 2
1 2 140 113 6000 2
1 2 99 126 6000 2
1 2 79 205 6000 2
1 2 100 141 6000 2
1 2 37 250 6000 2
1 2 233 194 6000 2
1 2 26 12 6000 2
1 2 90 223 6000 2
1 2 97 43 6000 2
1 2 16 79 6000 2
1 2 51 111 6000 2
1 2 173 191 6000 2
1 2 108 62 6000 2
1 2 65 37 6000 2
1 2 19 98 6000 2
1 2 138 214 6000 2
1 2 144 83 6000 2
1 2 36 33 6000 2
1 2 200 115 6000 2
1 2 93 9 6000 2
1 2 252 223 6000 2
1 2 111 101 6000 2
1 2 204 129 6000 2
1 2 168 243 6000 2
1 2 106 26 6000 2
1 2 6 163 6000 2
1 2 73 29 6000 2
1 2 220 79 6000 2
1 2 180 188 6000 2
1 2 178 13 6000 2
1 2 110 226 6000 2
1 2 78 74 6000 2
1 2 10 68 6000 2
1 2 131 13 6000 2
1 2 181 209 6000 2
1 2 205 56 6000 2
1 2 123 74 6000 2
1 2 153 176 6000 2
1 2 12 11 6000 2
1 2 106 90 6000 2
1 2 198 219 6000 2
1 2 143 96 6000 2
1 2 84 1 6000 2
1 2 27 17 6000 2
1 2 137 23 6000 2
1 2 158 243 6000 2
1 2 45 29 6000 2
1 2 76 187 6000 2
1 2 73 67 6000 2
1 2 153 199 6000 2
1 2 31 195 6000 2
1 2 86 213 6000 2
1 2 77 6 6000 2
1 2 28 165 6000 2
1 2 194 214 6000 2
1 2 131 130 6000 2
1 2 157 167 8000 2
1 2 153 23 8000 2
1 2 188 121 8000 2
1 2 157 215 8000 2
1 2 30 83 8000 2
1 2 241 30 8000 2
1 2 244 246 8000 2
1 2 239 33 8000 2
1 2 78 131 8000 2
1 2 225 255 8000 2
1 2 161 104 8000 2
1 2 146 126 8000 2
1 2 212 126 8000 2
1 2 31 48 8000 2
1 2 1 220 8000 2
1 2 114 189 8000 2
1 2 162 36 8000 2
1 2 229 80 8000 2
1 2 8 29 8000 2
1 2 128 144 8000 2
1 2 148 112 8000 2
1 2 28 195 8000 2
1 2 8 86 8000 2
1 2 17 2 8000 2
1 2 25 210 8000 2
1 2 174 116 8000 2
1 2 32 163 8000 2
1 2 32 82 8000 2
1 2 119 36 8000 2
1 2 216 111 8000 2
1 2 164 217 8000 2
1 2 182 100 8000 2
1 2 21 210 8000 2
1 2 40 65 8000 2
1 2 100 75 8000 2
1 2 154 224 8000 2
1 2 188 127 8000 2
1 2 160 178 8000 2
1 2 158 148 8000 2
1 2 230 185 8000 2
1 2 43 143 8000 2
1 2 15 109 8000 2
1 2 253 72 8000 2
1 2 87 117 8000 2
1 2 119 157 8000 2
1 2 32 28 8000 2
1 2 223 91 8000 2
1 2 247 182 8000 2
1 2 25 5 8000 2
1 2 55 47 8000 2
1 2 244 8 8000 2
1 2 133 152 8000 2
1 2 87 135 8000 2
1 2 135 143 8000 2
1 2 221 26 8000 2
1 2 209 33 8000 2
1 2 118 95 8000 2
1 2 95 89 8000 2
1 2 15 53 8000 2
1 2 158 176 8000 2
1 2 174 132 8000 2
1 2 43 239 8000 2
1 2 50 218 8000 2
1 2 74 41 8000 2
1 2 10 124 8000 2
1 2 234 215 8000 2
1 2 176 13 8000 2
1 2 211 137 8000 2
1 2 131 25 8000 2
1 2 20 196 8000 2
1 2 23 172 8000 2
1 2 19 114 8000 2
1 2 92 30 8000 2
1 2 127 26 8000 2
1 2 181 121 8000 2
1 2 84 101 8000 2
1 2 123 45 8000 2
1 2 234 77 8000 2
1 2 156 183 8000 2
1 2 193 239 8000 2
1 2 166 172 8000 2
1 2 14 240 8000 2
1 2 241 165 8000 2
1 2 149 118 10000 2
1 2 229 87 10000 2
1 2 144 148 10000 2
1 2 84 132 10000 2
1 2 13 213 10000 2
1 2 99 231 10000 2
1 2 234 206 10000 2
1 2 206 187 10000 2
1 2 219 208 10000 2
1 2 62 81 10000 2
1 2 87 85 10000 2
1 2 241 176 10000 2
1 2 40 0 10000 2
1 2 74 100 10000 2
1 2 2 84 10000 2
1 2 32 187 10000 2
1 2 116 55 10000 2
1 2 166 134 10000 2
1 2 220 47 10000 2
1 2 250 96 10000 2
1 2 142 239 10000 2
1 2 125 63 10000 2
1 2 22 117 10000 2
1 2 246 213 10000 2
1 2 185 44 10000 2
1 2 86 58 10000 2
1 2 2 230 10000 2
1 2 25 143 10000 2
1 2 60 2 10000 2
1 2 86 200 10000 2
1 2 145 153 10000 2
1 2 136 62 10000 2
1 2 2 226 10000 2
1 2 98 63 10000 2
1 2 164 13 10000 2
1 2 156 207 10000 2
1 2 240 69 10000 2
1 2 115 223 10000 2
1 2 141 69 10000 2
1 2 84 239 10000 2
1 2 95 73 10000 2
1 2 89 94 10000 2
1 2 148 163 10000 2
1 2 203 174 10000 2
1 2 58 69 10000 2
1 2 232 0 10000 2
1 2 166 74 10000 2
1 2 72 95 10000 2
1 2 218 174 10000 2
1 2 241 57 10000 2
1 2 42 145 10000 2
1 2 208 191 10000 2
1 2 137 233 10000 2
1 2 86 101 10000 2
1 2 122 164 10000 2
1 2 142 19 10000 2
1 2 189 223 10000 2
1 2 225 48 10000 2
1 2 218 43 10000 2
1 2 239 143 10000 2
1 2 172 243 10000 2
1 2 236 180 10000 2
1 2 225 138 10000 2
1 2 195 192 10000 2
1 2 119 172 10000 2
1 2 103 241 10000 2
1 2 38 89 10000 2
1 2 248 174 10000 2
