2 3 69 216 2000 2
2 3 157 208 2000 2
2 3 40 203 2000 2
2 3 154 150 2000 2
2 3 63 20 2000 2
2 3 202 80 2000 2
2 3 194 75 2000 2
2 3 170 73 2000 2
2 3 98 38 2000 2
2 3 192 226 2000 2
2 3 44 245 2000 2
2 3 71 68 2000 2
2 3 160 246 2000 2
2 3 65 123 2000 2
2 3 63 94 2000 2
2 3 103 151 2000 2
2 3 244 64 2000 2
2 3 86 45 2000 2
2 3 187 96 2000 2
2 3 156 22 2000 2
2 3 247 218 2000 2
2 3 226 159 2000 2
2 3 51 3 2000 2
2 3 28 16 2000 2
2 3 180 251 2000 2
2 3 141 54 2000 2
2 3 111 236 2000 2
2 3 66 227 2000 2
2 3 143 226 2000 2
2 3 66 171 2000 2
2 3 162 41 2000 2
2 3 222 32 2000 2
2 3 209 12 2000 2
2 3 89 37 2000 2
2 3 136 178 2000 2
2 3 110 104 2000 2
2 3 208 243 2000 2
2 3 133 81 2000 2
2 3 188 43 2000 2
2 3 21 62 2000 2
2 3 117 25 2000 2
2 3 73 56 2000 2
2 3 69 137 2000 2
2 3 32 142 2000 2
2 3 181 167 2000 2
2 3 121 100 2000 2
2 3 193 47 2000 2
2 3 60 236 2000 2
2 3 185 250 2000 2
2 3 163 129 2000 2
2 3 42 6 2000 2
2 3 183 166 2000 2
2 3 24 95 2000 2
2 3 195 171 2000 2
2 3 253 211 2000 2
2 3 161 169 2000 2
2 3 126 91 2000 2
2 3 156 150 2000 2
2 3 121 74 2000 2
2 3 61 86 2000 2
2 3 135 52 2000 2
2 3 139 199 2000 2
2 3 25 165 2000 2
2 3 174 249 2000 2
2 3 46 39 2000 2
2 3 169 237 2000 2
2 3 184 251 2000 2
2 3 232 238 2000 2
2 3 63 116 2000 2
2 3 139 171 2000 2
2 3 23 62 2000 2
2 3 70 186 4000 2
2 3 199 171 4000 2
2 3 217 41 4000 2
2 3 121 57 4000 2
2 3 49 240 4000 2
2 3 120 159 4000 2
2 3 207 57 4000 2
2 3 107 245 4000 2
2 3 235 246 4000 2
2 3 243 88 4000 2
2 3 180 235 4000 2
2 3 115 162 4000 2
2 3 169 110 4000 2
2 3 95 178 4000 2
2 3 109 179 4000 2
2 3 143 100 4000 2
2 3 93 245 4000 2
2 3 40 115 4000 2
2 3 196 5 4000 2
2 3 188 129 4000 2
2 3 101 99 4000 2
2 3 2 84 4000 2
2 3 134 158 4000 2
2 3 2 58 4000 2
2 3 92 184 4000 2
2 3 225 77 4000 2
2 3 92 84 4000 2
2 3 191 139 4000 2
2 3 133 143 4000 2
2 3 19 149 4000 2
2 3 117 64 4000 2
2 3 23 200 4000 2
2 3 183 219 4000 2
2 3 251 103 4000 2
2 3 59 241 4000 2
2 3 112 235 4000 2
2 3 89 138 4000 2
2 3 225 235 4000 2
2 3 46 164 4000 2
2 3 62 119 4000 2
2 3 255 60 4000 2
2 3 112 2 4000 2
2 3 100 25 4000 2
2 3 84 234 4000 2
2 3 69 90 4000 2
2 3 55 123 4000 2
2 3 239 216 4000 2
2 3 143 246 4000 2
2 3 42 134 4000 2
2 3 172 13 4000 2
2 3 175 151 4000 2
2 3 159 131 4000 2
2 3 126 220 4000 2
2 3 166 171 4000 2
2 3 143 223 4000 2
2 3 83 96 4000 2
2 3 87 199 4000 2
2 3 61 183 4000 2
2 3 27 192 4000 2
2 3 127 168 4000 2
2 3 161 16 4000 2
2 3 179 93 4000 2
2 3 176 251 4000 2
2 3 168 217 4000 2
2 3 165 196 4000 2
2 3 65 24 4000 2
2 3 172 213 4000 2
2 3 114 182 4000 2
2 3 235 136 4000 2
2 3 72 60 4000 2
2 3 214 251 4000 2
2 3 93 155 4000 2
2 3 138 155 4000 2
2 3 221 188 4000 2
2 3 245 84 4000 2
2 3 163 74 4000 2
2 3 234 253 4000 2
2 3 53 90 4000 2
2 3 18 174 6000 2
2 3 216 69 6000 2
2 3 54 28 6000 2
2 3 139 14 6000 2
2 3 145 93 6000 2
2 3 142 247 6000 2
2 3 241 75 6000 2
2 3 171 48 6000 2
2 3 49 157 6000 2
2 3 142 1 6000 2
2 3 40 6 6000 2
2 3 179 244 6000 2
2 3 255 44 6000 2
2 3 69 145 6000 2
2 3 227 64 6000 2
2 3 223 122 6000 2
2 3 74 128 6000 2
2 3 207 156 6000 2
2 3 116 130 6000 2
2 3 249 244 6000 2
2 3 26 142 6000 2
2 3 255 166 6000 2
2 3 63 155 6000 2
2 3 154 1 6000 2
2 3 71 248 6000 2
2 3 102 105 6000 2
2 3 183 75 6000 2
2 3 45 154 6000 2
2 3 131 12 6000 2
2 3 58 233 6000 2
2 3 250 155 6000 2
2 3 82 128 6000 2
2 3 189 120 6000 2
2 3 147 245 6000 2
2 3 238 176 6000 2
2 3 218 51 6000 2
2 3 156 145 6000 2
2 3 8 157 6000 2
2 3 17 88 6000 2
2 3 202 185 6000 2
2 3 187 144 6000 2
2 3 27 80 6000 2
2 3 8 86 6000 2
2 3 85 43 6000 2
2 3 83 236 6000 2
2 3 106 103 6000 2
2 3 89 44 6000 2
2 3 107 216 6000 2
2 3 148 175 6000 2
2 3 174 9 6000 2
2 3 161 54 6000 2
2 3 236 162 6000 2
2 3 102 117 6000 2
2 3 127 186 6000 2
2 3 119 191 6000 2
2 3 84 255 6000 2
2 3 243 77 6000 2
2 3 8 165 6000 2
2 3 6 111 6000 2
2 3 104 190 6000 2
2 3 148 251 6000 2
2 3 103 240 6000 2
2 3 83 102 6000 2
2 3 63 191 6000 2
2 3 103 84 6000 2
2 3 10 54 8000 2
2 3 20 177 8000 2
2 3 77 98 8000 2
2 3 80 56 8000 2
2 3 69 47 8000 2
2 3 148 235 8000 2
2 3 144 161 8000 2
2 3 85 128 8000 2
2 3 65 230 8000 2
2 3 141 118 8000 2
2 3 186 200 8000 2
2 3 39 233 8000 2
2 3 43 40 8000 2
2 3 253 38 8000 2
2 3 53 193 8000 2
2 3 116 21 8000 2
2 3 228 133 8000 2
2 3 181 12 8000 2
2 3 159 129 8000 2
2 3 72 124 8000 2
2 3 180 235 8000 2
2 3 240 99 8000 2
2 3 197 227 8000 2
2 3 65 149 8000 2
2 3 138 186 8000 2
2 3 197 198 8000 2
2 3 198 17 8000 2
2 3 195 249 8000 2
2 3 134 99 8000 2
2 3 164 42 8000 2
2 3 94 122 8000 2
2 3 180 89 8000 2
2 3 119 93 8000 2
2 3 35 219 8000 2
2 3 236 109 8000 2
2 3 29 147 8000 2
2 3 40 35 8000 2
2 3 146 202 8000 2
2 3 181 124 8000 2
2 3 96 67 8000 2
2 3 250 15 8000 2
2 3 85 98 8000 2
2 3 182 246 8000 2
2 3 148 60 8000 2
2 3 162 180 8000 2
2 3 136 161 8000 2
2 3 111 214 8000 2
2 3 236 39 8000 2
2 3 178 186 8000 2
2 3 153 245 8000 2
2 3 196 28 8000 2
2 3 159 56 8000 2
2 3 50 61 8000 2
2 3 235 3 8000 2
2 3 204 150 8000 2
2 3 164 170 8000 2
2 3 13 227 8000 2
2 3 78 200 8000 2
2 3 49 99 8000 2
2 3 63 179 8000 2
2 3 138 128 8000 2
2 3 208 119 8000 2
2 3 115 73 8000 2
2 3 6 180 8000 2
2 3 33 77 8000 2
2 3 183 151 8000 2
2 3 22 117 8000 2
2 3 120 30 8000 2
2 3 33 23 8000 2
2 3 155 40 8000 2
2 3 33 232 8000 2
2 3 221 228 8000 2
2 3 141 90 8000 2
2 3 156 175 8000 2
2 3 124 102 8000 2
2 3 89 83 8000 2
2 3 136 249 8000 2
2 3 17 225 8000 2
2 3 212 180 8000 2
2 3 152 136 8000 2
2 3 219 63 8000 2
2 3 155 0 8000 2
2 3 185 14 8000 2
2 3 202 253 8000 2
2 3 147 81 8000 2
2 3 198 30 8000 2
2 3 234 115 8000 2
2 3 194 241 8000 2
2 3 34 189 10000 2
2 3 235 120 10000 2
2 3 234 217 10000 2
2 3 190 235 10000 2
2 3 165 200 10000 2
2 3 236 223 10000 2
2 3 77 239 10000 2
2 3 54 53 10000 2
2 3 32 199 10000 2
2 3 39 67 10000 2
2 3 136 74 10000 2
2 3 5 135 10000 2
2 3 154 96 10000 2
2 3 214 175 10000 2
2 3 76 55 10000 2
2 3 128 250 10000 2
2 3 17 253 10000 2
2 3 240 32 10000 2
2 3 59 161 10000 2
2 3 40 84 10000 2
2 3 35 90 10000 2
2 3 107 125 10000 2
2 3 148 166 10000 2
2 3 106 111 10000 2
2 3 9 47 10000 2
2 3 172 127 10000 2
2 3 151 212 10000 2
2 3 218 19 10000 2
2 3 104 100 10000 2
2 3 226 60 10000 2
2 3 30 186 10000 2
2 3 141 224 10000 2
2 3 226 103 10000 2
2 3 247 231 10000 2
2 3 75 186 10000 2
2 3 209 118 10000 2
2 3 39 24 10000 2
2 3 204 229 10000 2
2 3 140 54 10000 2
2 3 18 216 10000 2
2 3 101 239 10000 2
2 3 42 10 10000 2
2 3 173 75 10000 2
2 3 153 1 10000 2
2 3 45 141 10000 2
2 3 153 110 10000 2
2 3 198 17 10000 2
2 3 72 70 10000 2
2 3 196 181 10000 2
2 3 36 144 10000 2
2 3 227 68 10000 2
2 3 209 121 10000 2
2 3 117 34 10000 2
2 3 214 75 10000 2
2 3 223 36 10000 2
2 3 152 113 10000 2
2 3 22 30 10000 2
2 3 218 111 10000 2
2 3 220 193 10000 2
2 3 182 223 10000 2
2 3 189 13 10000 2
2 3 39 244 10000 2
2 3 244 48 10000 2
2 3 120 229 10000 2
2 3 165 238 10000 2
2 3 181 37 10000 2
2 3 90 249 10000 2
2 3 80 187 10000 2
2 3 196 41 10000 2
2 3 167 129 10000 2
2 3 87 244 10000 2
2 3 82 174 10000 2
2 3 6 94 10000 2
2 3 195 241 10000 2
2 3 99 142 10000 2
2 3 144 73 10000 2
2 3 241 235 10000 2
2 3 34 9 10000 2
2 3 1 97 10000 2
2 3 29 133 10000 2
2 3 107 167 10000 2
2 3 114 75 10000 2
2 3 43 60 10000 2
2 3 116 190 10000 2
2 3 79 179 10000 2
2 3 214 89 10000 2
2 3 110 164 10000 2
2 3 211 246 10000 2
2 3 18 234 10000 2
2 3 189 230 10000 2
2 3 78 176 10000 2
