3 0 145 113 2000 2
3 0 104 72 2000 2
3 0 203 5 2000 2
3 0 226 9 2000 2
3 0 216 222 2000 2
3 0 164 3 2000 2
3 0 22 75 2000 2
3 0 218 190 2000 2
3 0 180 196 2000 2
3 0 40 166 2000 2
3 0 122 146 2000 2
3 0 182 7 2000 2
3 0 136 121 2000 2
3 0 23 10 2000 2
3 0 249 43 2000 2
3 0 61 249 2000 2
3 0 160 182 2000 2
3 0 113 246 2000 2
3 0 53 190 2000 2
3 0 6 200 2000 2
3 0 32 149 2000 2
3 0 65 93 2000 2
3 0 245 230 2000 2
3 0 164 116 2000 2
3 0 92 212 2000 2
3 0 50 182 2000 2
3 0 206 50 2000 2
3 0 170 105 2000 2
3 0 115 38 2000 2
3 0 213 37 2000 2
3 0 174 170 2000 2
3 0 123 108 2000 2
3 0 195 169 2000 2
3 0 168 150 2000 2
3 0 64 224 2000 2
3 0 126 19 2000 2
3 0 217 6 2000 2
3 0 14 204 2000 2
3 0 99 32 2000 2
3 0 121 70 2000 2
3 0 215 10 2000 2
3 0 194 187 2000 2
3 0 66 96 2000 2
3 0 150 32 2000 2
3 0 251 144 2000 2
3 0 28 143 2000 2
3 0 79 167 2000 2
3 0 114 194 2000 2
3 0 66 138 2000 2
3 0 173 132 2000 2
3 0 74 120 2000 2
3 0 34 91 2000 2
3 0 217 242 2000 2
3 0 217 238 2000 2
3 0 52 41 2000 2
3 0 195 144 2000 2
3 0 185 253 2000 2
3 0 238 234 2000 2
3 0 215 148 2000 2
3 0 30 133 2000 2
3 0 94 249 2000 2
3 0 27 67 2000 2
3 0 209 59 2000 2
3 0 168 54 2000 2
3 0 241 143 2000 2
3 0 11 84 2000 2
3 0 113 197 2000 2
3 0 4 155 2000 2
3 0 91 60 4000 2
3 0 242 248 4000 2
3 0 84 65 4000 2
3 0 137 138 4000 2
3 0 213 148 4000 2
3 0 221 188 4000 2
3 0 188 23 4000 2
3 0 24 207 4000 2
3 0 212 241 4000 2
3 0 57 27 4000 2
3 0 66 24 4000 2
3 0 243 72 4000 2
3 0 167 171 4000 2
3 0 93 61 4000 2
3 0 31 98 4000 2
3 0 89 157 4000 2
3 0 121 115 4000 2
3 0 55 134 4000 2
3 0 219 104 4000 2
3 0 3 115 4000 2
3 0 203 245 4000 2
3 0 44 196 4000 2
3 0 126 144 4000 2
3 0 198 215 4000 2
3 0 136 245 4000 2
3 0 175 113 4000 2
3 0 103 151 4000 2
3 0 215 246 4000 2
3 0 148 97 4000 2
3 0 219 119 4000 2
3 0 13 255 4000 2
3 0 77 195 4000 2
3 0 148 125 4000 2
3 0 51 19 4000 2
3 0 241 225 4000 2
3 0 231 198 4000 2
3 0 116 115 4000 2
3 0 43 82 4000 2
3 0 155 197 4000 2
3 0 129 159 4000 2
3 0 138 202 4000 2
3 0 88 58 4000 2
3 0 166 151 4000 2
3 0 111 82 4000 2
3 0 218 191 4000 2
3 0 248 160 4000 2
3 0 223 187 4000 2
3 0 239 90 4000 2
3 0 195 147 4000 2
3 0 131 11 4000 2
3 0 213 178 4000 2
3 0 141 195 4000 2
3 0 156 249 4000 2
3 0 25 175 4000 2
3 0 227 151 4000 2
3 0 46 134 4000 2
3 0 60 220 4000 2
3 0 239 137 4000 2
3 0 120 180 4000 2
3 0 235 18 4000 2
3 0 185 81 4000 2
3 0 161 125 4000 2
3 0 215 173 4000 2
3 0 83 174 4000 2
3 0 107 225 4000 2
3 0 98 14 4000 2
3 0 185 23 4000 2
3 0 106 73 4000 2
3 0 101 158 4000 2
3 0 214 81 4000 2
3 0 46 47 6000 2
3 0 150 201 6000 2
3 0 82 55 6000 2
3 0 28 213 6000 2
3 0 22 109 6000 2
3 0 28 138 6000 2
3 0 239 114 6000 2
3 0 94 42 6000 2
3 0 113 215 6000 2
3 0 207 171 6000 2
3 0 47 169 6000 2
3 0 100 253 6000 2
3 0 0 132 6000 2
3 0 168 106 6000 2
3 0 35 235 6000 2
3 0 247 249 6000 2
3 0 166 156 6000 2
3 0 71 151 6000 2
3 0 52 63 6000 2
3 0 194 255 6000 2
3 0 235 221 6000 2
3 0 77 219 6000 2
3 0 70 89 6000 2
3 0 213 112 6000 2
3 0 130 85 6000 2
3 0 142 122 6000 2
3 0 193 214 6000 2
3 0 189 246 6000 2
3 0 39 194 6000 2
3 0 128 16 6000 2
3 0 71 87 6000 2
3 0 222 15 6000 2
3 0 36 54 6000 2
3 0 94 115 6000 2
3 0 104 134 6000 2
3 0 33 249 6000 2
3 0 10 64 6000 2
3 0 110 95 6000 2
3 0 167 70 6000 2
3 0 116 39 6000 2
3 0 31 253 6000 2
3 0 109 83 6000 2
3 0 172 129 6000 2
3 0 56 38 6000 2
3 0 162 153 6000 2
3 0 2 143 6000 2
3 0 183 35 6000 2
3 0 212 224 6000 2
3 0 206 56 6000 2
3 0 167 131 6000 2
3 0 251 196 6000 2
3 0 156 245 6000 2
3 0 75 184 6000 2
3 0 230 131 6000 2
3 0 96 183 6000 2
3 0 229 68 6000 2
3 0 177 75 6000 2
3 0 242 217 6000 2
3 0 6 224 6000 2
3 0 203 73 6000 2
3 0 109 138 6000 2
3 0 4 240 6000 2
3 0 73 120 6000 2
3 0 130 94 6000 2
3 0 172 151 6000 2
3 0 181 12 6000 2
3 0 7 125 6000 2
3 0 86 222 6000 2
3 0 178 65 6000 2
3 0 191 123 6000 2
3 0 27 9 6000 2
3 0 120 249 6000 2
3 0 23 188 6000 2
3 0 161 0 8000 2
3 0 28 27 8000 2
3 0 82 140 8000 2
3 0 120 228 8000 2
3 0 217 138 8000 2
3 0 19 172 8000 2
3 0 163 58 8000 2
3 0 154 26 8000 2
3 0 40 32 8000 2
3 0 214 92 8000 2
3 0 98 213 8000 2
3 0 124 73 8000 2
3 0 255 116 8000 2
3 0 197 159 8000 2
3 0 37 222 8000 2
3 0 88 212 8000 2
3 0 159 82 8000 2
3 0 140 103 8000 2
3 0 80 81 8000 2
3 0 77 137 8000 2
3 0 182 25 8000 2
3 0 129 74 8000 2
3 0 249 90 8000 2
3 0 140 61 8000 2
3 0 237 167 8000 2
3 0 51 158 8000 2
3 0 133 233 8000 2
3 0 129 97 8000 2
3 0 133 181 8000 2
3 0 36 10 8000 2
3 0 39 236 8000 2
3 0 233 56 8000 2
3 0 164 115 8000 2
3 0 71 136 8000 2
3 0 13 121 8000 2
3 0 155 64 8000 2
3 0 19 131 8000 2
3 0 197 174 8000 2
3 0 9 31 8000 2
3 0 171 119 8000 2
3 0 69 192 8000 2
3 0 185 163 8000 2
3 0 14 212 8000 2
3 0 48 214 8000 2
3 0 22 206 8000 2
3 0 42 19 8000 2
3 0 150 191 8000 2
3 0 83 101 8000 2
3 0 100 210 8000 2
3 0 144 130 8000 2
3 0 148 233 8000 2
3 0 205 198 8000 2
3 0 22 37 8000 2
3 0 203 44 8000 2
3 0 135 241 8000 2
3 0 254 166 8000 2
3 0 38 238 8000 2
3 0 58 115 8000 2
3 0 120 99 8000 2
3 0 192 57 8000 2
3 0 223 45 8000 2
3 0 234 249 8000 2
3 0 35 138 8000 2
3 0 217 221 8000 2
3 0 241 83 8000 2
3 0 112 42 8000 2
3 0 42 176 8000 2
3 0 152 26 8000 2
3 0 59 208 8000 2
3 0 84 199 8000 2
3 0 7 63 8000 2
3 0 121 175 8000 2
3 0 175 68 8000 2
3 0 52 89 8000 2
3 0 94 172 8000 2
3 0 164 201 8000 2
3 0 84 29 8000 2
3 0 97 134 8000 2
3 0 24 69 8000 2
3 0 117 174 10000 2
3 0 189 2 10000 2
3 0 145 64 10000 2
3 0 180 105 10000 2
3 0 111 248 10000 2
3 0 128 25 10000 2
3 0 95 26 10000 2
3 0 219 215 10000 2
3 0 152 107 10000 2
3 0 137 143 10000 2
3 0 202 7 10000 2
3 0 211 236 10000 2
3 0 5 189 10000 2
3 0 85 148 10000 2
3 0 167 247 10000 2
3 0 74 104 10000 2
3 0 133 205 10000 2
3 0 90 242 10000 2
3 0 248 39 10000 2
3 0 164 189 10000 2
3 0 71 78 10000 2
3 0 33 220 10000 2
3 0 53 99 10000 2
3 0 23 61 10000 2
3 0 202 160 10000 2
3 0 95 50 10000 2
3 0 11 127 10000 2
3 0 251 40 10000 2
3 0 236 243 10000 2
3 0 120 168 10000 2
3 0 41 218 10000 2
3 0 133 228 10000 2
3 0 177 30 10000 2
3 0 130 4 10000 2
3 0 246 133 10000 2
3 0 241 134 10000 2
3 0 2 242 10000 2
3 0 217 65 10000 2
3 0 230 17 10000 2
3 0 131 118 10000 2
3 0 123 229 10000 2
3 0 22 138 10000 2
3 0 97 120 10000 2
3 0 144 218 10000 2
3 0 45 20 10000 2
3 0 178 217 10000 2
3 0 150 48 10000 2
3 0 233 174 10000 2
3 0 195 176 10000 2
3 0 157 96 10000 2
3 0 60 155 10000 2
3 0 255 79 10000 2
3 0 194 61 10000 2
3 0 197 62 10000 2
3 0 245 72 10000 2
3 0 209 203 10000 2
3 0 205 225 10000 2
3 0 52 210 10000 2
3 0 156 19 10000 2
3 0 58 51 10000 2
3 0 222 119 10000 2
3 0 15 241 10000 2
3 0 119 161 10000 2
3 0 144 137 10000 2
3 0 248 206 10000 2
3 0 200 169 10000 2
3 0 202 19 10000 2
3 0 29 203 10000 2
3 0 247 204 10000 2
3 0 34 122 10000 2
3 0 237 154 10000 2
3 0 101 122 10000 2
3 0 120 104 10000 2
3 0 98 44 10000 2
3 0 206 175 10000 2
3 0 252 52 10000 2
3 0 124 139 10000 2
3 0 131 109 10000 2
3 0 10 142 10000 2
3 0 231 85 10000 2
3 0 184 136 10000 2
3 0 39 4 10000 2
3 0 85 156 10000 2
3 0 37 159 10000 2
3 0 243 175 10000 2
3 0 239 207 10000 2
