0 2 187 248 2000 2
0 2 183 177 2000 2
0 2 229 204 2000 2
0 2 201 128 2000 2
0 2 123 53 2000 2
0 2 9 20 2000 2
0 2 24 74 2000 2
0 2 17 226 2000 2
0 2 198 57 2000 2
0 2 25 131 2000 2
0 2 97 100 2000 2
0 2 77 18 4000 2
0 2 44 70 4000 2
0 2 40 45 4000 2
0 2 175 187 4000 2
0 2 168 219 4000 2
0 2 108 224 4000 2
0 2 220 252 4000 2
0 2 215 154 4000 2
0 2 158 77 4000 2
0 2 181 127 4000 2
0 2 151 39 4000 2
0 2 93 197 4000 2
0 2 55 168 4000 2
0 2 146 156 4000 2
0 2 11 107 4000 2
0 2 81 131 6000 2
0 2 165 181 6000 2
0 2 143 119 6000 2
0 2 79 247 6000 2
0 2 230 16 6000 2
0 2 7 167 6000 2
0 2 47 23 6000 2
0 2 19 143 6000 2
0 2 176 200 8000 2
0 2 68 150 8000 2
0 2 239 62 8000 2
0 2 13 82 8000 2
0 2 128 235 8000 2
0 2 138 36 8000 2
0 2 78 101 8000 2
0 2 63 127 8000 2
0 2 190 117 10000 2
0 2 201 5 10000 2
0 2 172 27 10000 2
0 2 13 228 10000 2
0 2 34 194 10000 2
0 2 13 134 10000 2
0 2 61 12 10000 2
0 2 194 10 10000 2
0 2 212 111 10000 2
0 2 246 242 10000 2
0 2 36 53 10000 2
0 2 254 250 10000 2
0 2 24 219 10000 2
0 2 55 243 10000 2
3 2 157 97 2000 2
3 2 154 55 2000 2
3 2 110 107 2000 2
3 2 117 131 2000 2
3 2 174 79 2000 2
3 2 104 49 2000 2
3 2 149 16 2000 2
3 2 170 70 2000 2
3 2 226 54 2000 2
3 2 222 25 2000 2
3 2 110 45 2000 2
3 2 102 230 2000 2
3 2 224 168 2000 2
3 2 165 192 4000 2
3 2 252 255 4000 2
3 2 145 108 4000 2
3 2 23 145 4000 2
3 2 214 101 4000 2
3 2 50 89 4000 2
3 2 249 145 4000 2
3 2 196 78 4000 2
3 2 163 147 6000 2
3 2 103 212 6000 2
3 2 245 159 6000 2
3 2 109 226 6000 2
3 2 175 214 6000 2
3 2 50 140 6000 2
3 2 83 18 6000 2
3 2 160 118 6000 2
3 2 114 238 6000 2
3 2 108 76 6000 2
3 2 141 37 6000 2
3 2 152 151 8000 2
3 2 216 21 8000 2
3 2 12 152 8000 2
3 2 209 197 8000 2
3 2 1 187 8000 2
3 2 228 37 8000 2
3 2 205 171 8000 2
3 2 150 67 8000 2
3 2 228 221 8000 2
3 2 126 169 8000 2
3 2 123 0 8000 2
3 2 133 104 10000 2
3 2 178 240 10000 2
3 2 116 27 10000 2
3 2 48 188 10000 2
3 2 196 133 10000 2
3 2 119 100 10000 2
3 2 42 168 10000 2
3 2 243 15 10000 2
3 2 225 133 10000 2
3 2 13 197 10000 2
3 2 87 178 10000 2
3 2 73 50 10000 2
3 2 23 98 10000 2
3 2 35 62 10000 2
3 2 4 103 10000 2
1 2 48 141 2000 2
1 2 212 144 2000 2
1 2 97 73 2000 2
1 2 138 24 2000 2
1 2 157 195 2000 2
1 2 254 116 2000 2
1 2 20 9 2000 2
1 2 58 19 2000 2
1 2 211 88 2000 2
1 2 142 123 2000 2
1 2 136 240 2000 2
1 2 243 66 2000 2
1 2 16 228 2000 2
1 2 237 101 2000 2
1 2 172 231 4000 2
1 2 175 186 4000 2
1 2 55 251 4000 2
1 2 6 24 4000 2
1 2 188 230 4000 2
1 2 85 226 4000 2
1 2 20 120 4000 2
1 2 124 83 4000 2
1 2 9 253 4000 2
1 2 165 238 4000 2
1 2 15 121 4000 2
1 2 227 154 4000 2
1 2 203 58 4000 2
1 2 215 111 4000 2
1 2 165 169 4000 2
1 2 37 212 4000 2
1 2 228 250 4000 2
1 2 130 176 4000 2
1 2 194 133 4000 2
1 2 88 145 4000 2
1 2 61 42 4000 2
1 2 177 16 4000 2
1 2 231 165 6000 2
1 2 97 255 6000 2
1 2 224 216 6000 2
1 2 10 45 6000 2
1 2 163 15 6000 2
1 2 70 106 6000 2
1 2 53 177 6000 2
1 2 178 35 6000 2
1 2 15 201 6000 2
1 2 73 148 6000 2
1 2 211 113 6000 2
1 2 61 150 6000 2
1 2 235 26 6000 2
1 2 82 96 6000 2
1 2 231 204 6000 2
1 2 140 249 6000 2
1 2 150 87 8000 2
1 2 243 24 8000 2
1 2 195 157 8000 2
1 2 31 250 8000 2
1 2 164 230 8000 2
1 2 154 179 8000 2
1 2 139 143 8000 2
1 2 112 118 8000 2
1 2 187 255 8000 2
1 2 18 63 8000 2
1 2 79 210 8000 2
1 2 212 147 8000 2
1 2 96 39 8000 2
1 2 153 169 10000 2
1 2 109 27 10000 2
1 2 116 211 10000 2
1 2 198 117 10000 2
1 2 198 186 10000 2
1 2 111 156 10000 2
1 2 203 149 10000 2
1 2 28 115 10000 2
1 2 236 141 10000 2
1 2 247 54 10000 2
