0 3 176 114 2000 2
0 3 181 137 2000 2
0 3 184 150 2000 2
0 3 181 82 2000 2
0 3 119 172 2000 2
0 3 204 166 2000 2
0 3 146 218 2000 2
0 3 4 227 2000 2
0 3 172 209 4000 2
0 3 77 159 4000 2
0 3 3 36 4000 2
0 3 161 0 4000 2
0 3 111 101 4000 2
0 3 86 52 4000 2
0 3 223 171 4000 2
0 3 184 252 4000 2
0 3 141 94 4000 2
0 3 156 160 4000 2
0 3 249 48 4000 2
0 3 43 11 6000 2
0 3 42 53 6000 2
0 3 17 72 6000 2
0 3 119 188 6000 2
0 3 235 94 6000 2
0 3 39 107 6000 2
0 3 2 143 6000 2
0 3 35 88 6000 2
0 3 228 136 6000 2
0 3 179 146 6000 2
0 3 86 229 6000 2
0 3 24 226 8000 2
0 3 155 153 8000 2
0 3 157 187 8000 2
0 3 94 52 8000 2
0 3 246 241 8000 2
0 3 92 183 8000 2
0 3 204 113 8000 2
0 3 102 162 8000 2
0 3 162 84 8000 2
0 3 209 149 8000 2
0 3 99 45 8000 2
0 3 100 99 8000 2
0 3 230 213 8000 2
0 3 97 28 8000 2
0 3 113 195 8000 2
0 3 237 188 8000 2
0 3 169 193 10000 2
0 3 241 131 10000 2
0 3 249 5 10000 2
0 3 239 26 10000 2
0 3 235 220 10000 2
0 3 159 21 10000 2
0 3 241 203 10000 2
0 3 188 148 10000 2
0 3 56 102 10000 2
0 3 170 232 10000 2
0 3 75 250 10000 2
0 3 124 109 10000 2
0 3 4 113 10000 2
0 3 191 218 10000 2
0 3 61 96 10000 2
0 3 185 228 10000 2
0 3 118 228 10000 2
2 3 29 62 2000 2
2 3 74 18 2000 2
2 3 136 63 2000 2
2 3 67 87 2000 2
2 3 146 219 2000 2
2 3 187 87 2000 2
2 3 172 213 2000 2
2 3 85 201 2000 2
2 3 144 166 2000 2
2 3 92 152 2000 2
2 3 120 27 2000 2
2 3 49 108 2000 2
2 3 63 206 2000 2
2 3 22 55 2000 2
2 3 211 27 2000 2
2 3 107 159 2000 2
2 3 219 200 2000 2
2 3 33 83 2000 2
2 3 160 69 4000 2
2 3 121 162 4000 2
2 3 86 184 4000 2
2 3 108 45 4000 2
2 3 122 166 4000 2
2 3 14 232 4000 2
2 3 229 34 4000 2
2 3 33 86 4000 2
2 3 68 55 4000 2
2 3 66 55 4000 2
2 3 176 81 4000 2
2 3 95 107 4000 2
2 3 226 122 4000 2
2 3 106 137 4000 2
2 3 31 183 4000 2
2 3 89 109 4000 2
2 3 65 110 6000 2
2 3 114 52 6000 2
2 3 144 122 6000 2
2 3 22 3 6000 2
2 3 70 122 6000 2
2 3 71 239 6000 2
2 3 251 34 6000 2
2 3 59 12 6000 2
2 3 239 184 6000 2
2 3 58 34 8000 2
2 3 177 140 8000 2
2 3 87 72 8000 2
2 3 210 137 8000 2
2 3 180 46 8000 2
2 3 120 165 8000 2
2 3 130 208 8000 2
2 3 26 205 8000 2
2 3 10 210 8000 2
2 3 254 116 8000 2
2 3 134 36 10000 2
2 3 235 2 10000 2
2 3 244 36 10000 2
2 3 21 174 10000 2
2 3 178 237 10000 2
2 3 223 63 10000 2
2 3 20 78 10000 2
2 3 137 25 10000 2
2 3 187 168 10000 2
2 3 223 0 10000 2
1 3 185 229 2000 2
1 3 169 149 2000 2
1 3 163 154 2000 2
1 3 42 132 2000 2
1 3 97 2 2000 2
1 3 72 186 2000 2
1 3 54 96 2000 2
1 3 252 191 2000 2
1 3 173 95 2000 2
1 3 85 45 2000 2
1 3 181 29 2000 2
1 3 108 192 2000 2
1 3 29 222 2000 2
1 3 113 227 2000 2
1 3 18 44 2000 2
1 3 254 140 4000 2
1 3 85 129 4000 2
1 3 75 108 4000 2
1 3 225 69 4000 2
1 3 206 55 4000 2
1 3 77 61 4000 2
1 3 125 6 4000 2
1 3 206 126 4000 2
1 3 136 82 4000 2
1 3 81 181 4000 2
1 3 160 227 4000 2
1 3 102 211 4000 2
1 3 4 27 4000 2
1 3 15 3 4000 2
1 3 23 6 4000 2
1 3 159 241 6000 2
1 3 10 166 6000 2
1 3 82 56 6000 2
1 3 76 21 6000 2
1 3 7 214 6000 2
1 3 129 180 6000 2
1 3 117 63 6000 2
1 3 83 165 6000 2
1 3 222 21 6000 2
1 3 212 123 6000 2
1 3 124 115 6000 2
1 3 224 82 6000 2
1 3 166 89 6000 2
1 3 145 57 8000 2
1 3 189 106 8000 2
1 3 48 147 8000 2
1 3 123 140 8000 2
1 3 192 154 8000 2
1 3 24 74 8000 2
1 3 142 238 8000 2
1 3 98 202 8000 2
1 3 85 29 8000 2
1 3 183 212 10000 2
1 3 234 205 10000 2
1 3 179 130 10000 2
1 3 218 147 10000 2
1 3 197 11 10000 2
1 3 176 3 10000 2
1 3 198 28 10000 2
1 3 52 140 10000 2
1 3 226 126 10000 2
1 3 88 28 10000 2
1 3 50 147 10000 2
1 3 111 120 10000 2
