3 0 194 252 2000 2
3 0 19 215 2000 2
3 0 79 26 2000 2
3 0 244 233 2000 2
3 0 198 90 2000 2
3 0 189 144 2000 2
3 0 5 35 2000 2
3 0 200 218 2000 2
3 0 252 198 2000 2
3 0 54 146 4000 2
3 0 156 164 4000 2
3 0 212 157 4000 2
3 0 140 242 4000 2
3 0 36 130 4000 2
3 0 24 154 4000 2
3 0 102 116 4000 2
3 0 193 209 4000 2
3 0 71 254 4000 2
3 0 99 56 4000 2
3 0 139 247 4000 2
3 0 132 106 4000 2
3 0 60 51 6000 2
3 0 2 109 6000 2
3 0 137 164 6000 2
3 0 7 41 6000 2
3 0 50 110 6000 2
3 0 235 13 6000 2
3 0 252 155 6000 2
3 0 24 123 6000 2
3 0 109 181 6000 2
3 0 100 232 6000 2
3 0 86 5 6000 2
3 0 190 234 6000 2
3 0 10 74 6000 2
3 0 235 190 6000 2
3 0 221 155 8000 2
3 0 123 163 8000 2
3 0 230 14 8000 2
3 0 138 83 8000 2
3 0 111 188 8000 2
3 0 82 167 8000 2
3 0 99 177 8000 2
3 0 109 25 8000 2
3 0 53 120 10000 2
3 0 232 183 10000 2
3 0 83 215 10000 2
3 0 234 189 10000 2
3 0 156 56 10000 2
3 0 40 85 10000 2
3 0 193 202 10000 2
3 0 127 117 10000 2
3 0 11 102 10000 2
3 0 102 107 10000 2
3 0 218 19 10000 2
2 0 45 33 2000 2
2 0 85 89 2000 2
2 0 47 116 2000 2
2 0 95 14 2000 2
2 0 62 52 2000 2
2 0 65 41 2000 2
2 0 27 110 2000 2
2 0 146 148 2000 2
2 0 149 7 2000 2
2 0 179 219 2000 2
2 0 105 93 4000 2
2 0 134 118 4000 2
2 0 124 199 4000 2
2 0 165 90 4000 2
2 0 148 50 4000 2
2 0 32 52 4000 2
2 0 241 99 4000 2
2 0 139 184 4000 2
2 0 245 39 4000 2
2 0 142 110 4000 2
2 0 209 179 4000 2
2 0 20 13 4000 2
2 0 211 189 4000 2
2 0 98 104 6000 2
2 0 133 212 6000 2
2 0 187 204 6000 2
2 0 138 19 6000 2
2 0 216 122 6000 2
2 0 119 136 6000 2
2 0 52 10 6000 2
2 0 252 238 6000 2
2 0 149 86 6000 2
2 0 8 252 6000 2
2 0 183 6 6000 2
2 0 248 113 6000 2
2 0 43 41 6000 2
2 0 180 44 6000 2
2 0 52 153 6000 2
2 0 218 4 6000 2
2 0 120 78 6000 2
2 0 166 185 6000 2
2 0 190 45 6000 2
2 0 232 72 6000 2
2 0 229 154 6000 2
2 0 137 17 6000 2
2 0 24 231 8000 2
2 0 175 231 8000 2
2 0 35 210 8000 2
2 0 102 246 8000 2
2 0 180 15 8000 2
2 0 81 184 8000 2
2 0 228 9 8000 2
2 0 89 1 8000 2
2 0 41 84 8000 2
2 0 1 128 8000 2
2 0 90 59 8000 2
2 0 253 52 8000 2
2 0 228 142 8000 2
2 0 132 175 8000 2
2 0 48 27 8000 2
2 0 17 70 8000 2
2 0 241 209 8000 2
2 0 150 140 8000 2
2 0 172 121 8000 2
2 0 22 158 10000 2
2 0 189 152 10000 2
2 0 144 217 10000 2
2 0 9 17 10000 2
2 0 225 136 10000 2
2 0 125 62 10000 2
2 0 93 11 10000 2
2 0 0 166 10000 2
2 0 183 236 10000 2
2 0 194 74 10000 2
2 0 212 130 10000 2
2 0 223 123 10000 2
2 0 83 136 10000 2
2 0 155 65 10000 2
2 0 226 30 10000 2
1 0 105 104 2000 2
1 0 247 226 2000 2
1 0 69 233 2000 2
1 0 93 201 2000 2
1 0 51 100 2000 2
1 0 89 219 2000 2
1 0 43 105 2000 2
1 0 164 85 2000 2
1 0 35 255 2000 2
1 0 62 158 4000 2
1 0 233 179 4000 2
1 0 254 82 4000 2
1 0 145 7 4000 2
1 0 96 248 4000 2
1 0 30 244 4000 2
1 0 104 58 4000 2
1 0 228 97 4000 2
1 0 154 16 4000 2
1 0 10 166 4000 2
1 0 226 109 4000 2
1 0 224 123 4000 2
1 0 177 249 4000 2
1 0 241 3 4000 2
1 0 154 185 6000 2
1 0 2 78 6000 2
1 0 47 58 6000 2
1 0 188 32 6000 2
1 0 143 100 6000 2
1 0 25 160 6000 2
1 0 203 90 6000 2
1 0 164 201 6000 2
1 0 89 229 6000 2
1 0 93 48 6000 2
1 0 89 173 6000 2
1 0 35 230 6000 2
1 0 229 9 6000 2
1 0 179 167 6000 2
1 0 69 81 6000 2
1 0 86 40 6000 2
1 0 207 92 6000 2
1 0 105 169 6000 2
1 0 157 233 6000 2
1 0 166 116 6000 2
1 0 4 206 8000 2
1 0 127 75 8000 2
1 0 248 36 8000 2
1 0 127 62 8000 2
1 0 233 80 8000 2
1 0 59 177 8000 2
1 0 181 15 8000 2
1 0 156 237 8000 2
1 0 35 230 8000 2
1 0 3 81 8000 2
1 0 0 147 8000 2
1 0 160 212 8000 2
1 0 214 100 8000 2
1 0 156 138 8000 2
1 0 142 158 10000 2
1 0 143 199 10000 2
1 0 109 107 10000 2
1 0 161 113 10000 2
1 0 253 189 10000 2
1 0 184 212 10000 2
1 0 92 90 10000 2
1 0 168 91 10000 2
1 0 79 15 10000 2
1 0 147 88 10000 2
1 0 203 2 10000 2
1 0 15 219 10000 2
1 0 122 240 10000 2
1 0 92 71 10000 2
1 0 147 43 10000 2
1 0 197 111 10000 2
1 0 148 210 10000 2
