0 1 59 100 2000 2
0 1 101 239 2000 2
0 1 55 174 2000 2
0 1 96 146 2000 2
0 1 223 148 2000 2
0 1 96 105 2000 2
0 1 68 113 2000 2
0 1 52 109 2000 2
0 1 223 79 4000 2
0 1 12 176 4000 2
0 1 213 45 4000 2
0 1 186 167 4000 2
0 1 251 171 4000 2
0 1 156 10 4000 2
0 1 65 244 4000 2
0 1 21 132 4000 2
0 1 110 128 4000 2
0 1 118 194 4000 2
0 1 10 9 6000 2
0 1 199 15 6000 2
0 1 49 192 6000 2
0 1 112 64 6000 2
0 1 165 93 6000 2
0 1 222 51 6000 2
0 1 188 211 6000 2
0 1 58 41 6000 2
0 1 190 55 6000 2
0 1 102 66 6000 2
0 1 27 171 6000 2
0 1 217 187 6000 2
0 1 60 182 8000 2
0 1 126 79 8000 2
0 1 154 73 8000 2
0 1 37 119 8000 2
0 1 250 121 8000 2
0 1 202 38 8000 2
0 1 114 189 8000 2
0 1 228 28 8000 2
0 1 88 76 8000 2
0 1 254 251 8000 2
0 1 80 124 8000 2
0 1 79 231 8000 2
0 1 159 94 8000 2
0 1 168 128 8000 2
0 1 152 57 8000 2
0 1 21 90 8000 2
0 1 132 86 10000 2
0 1 196 13 10000 2
0 1 235 60 10000 2
0 1 67 132 10000 2
0 1 62 13 10000 2
0 1 156 137 10000 2
0 1 159 53 10000 2
0 1 245 14 10000 2
0 1 118 55 10000 2
0 1 215 91 10000 2
0 1 63 165 10000 2
3 1 129 46 2000 2
3 1 185 23 2000 2
3 1 116 254 2000 2
3 1 35 170 2000 2
3 1 198 3 2000 2
3 1 209 12 2000 2
3 1 94 19 2000 2
3 1 254 30 2000 2
3 1 136 30 2000 2
3 1 122 135 2000 2
3 1 12 120 2000 2
3 1 248 31 2000 2
3 1 1 140 2000 2
3 1 172 118 2000 2
3 1 254 87 2000 2
3 1 226 118 2000 2
3 1 71 81 2000 2
3 1 105 175 2000 2
3 1 91 233 4000 2
3 1 2 119 4000 2
3 1 70 33 4000 2
3 1 41 154 4000 2
3 1 252 29 4000 2
3 1 15 31 4000 2
3 1 248 38 4000 2
3 1 180 82 4000 2
3 1 50 242 4000 2
3 1 67 163 4000 2
3 1 252 117 4000 2
3 1 161 96 4000 2
3 1 79 151 4000 2
3 1 105 9 4000 2
3 1 172 187 6000 2
3 1 175 77 6000 2
3 1 27 46 6000 2
3 1 102 222 6000 2
3 1 101 2 6000 2
3 1 14 83 8000 2
3 1 150 202 8000 2
3 1 225 223 8000 2
3 1 202 81 8000 2
3 1 130 158 8000 2
3 1 249 39 8000 2
3 1 111 188 8000 2
3 1 175 220 8000 2
3 1 177 166 8000 2
3 1 145 114 8000 2
3 1 220 134 8000 2
3 1 62 146 8000 2
3 1 47 198 8000 2
3 1 166 84 8000 2
3 1 152 75 10000 2
3 1 241 149 10000 2
3 1 243 140 10000 2
3 1 142 44 10000 2
3 1 111 69 10000 2
3 1 24 33 10000 2
3 1 108 23 10000 2
3 1 199 10 10000 2
3 1 126 96 10000 2
3 1 178 128 10000 2
3 1 180 86 10000 2
3 1 107 48 10000 2
3 1 202 253 10000 2
3 1 25 105 10000 2
3 1 73 129 10000 2
2 1 175 90 2000 2
2 1 215 125 2000 2
2 1 220 7 2000 2
2 1 55 97 2000 2
2 1 179 149 2000 2
2 1 192 123 2000 2
2 1 183 98 2000 2
2 1 210 79 2000 2
2 1 29 138 2000 2
2 1 225 97 2000 2
2 1 95 197 4000 2
2 1 123 244 4000 2
2 1 19 51 4000 2
2 1 1 209 4000 2
2 1 205 164 4000 2
2 1 148 86 4000 2
2 1 112 116 4000 2
2 1 85 154 4000 2
2 1 208 123 4000 2
2 1 140 18 4000 2
2 1 112 122 4000 2
2 1 58 15 6000 2
2 1 25 45 6000 2
2 1 88 108 6000 2
2 1 47 203 6000 2
2 1 40 163 6000 2
2 1 59 171 6000 2
2 1 195 205 6000 2
2 1 250 71 6000 2
2 1 66 125 6000 2
2 1 242 231 6000 2
2 1 95 58 6000 2
2 1 239 172 6000 2
2 1 211 30 6000 2
2 1 115 63 6000 2
2 1 23 192 8000 2
2 1 189 5 8000 2
2 1 13 236 8000 2
2 1 213 61 8000 2
2 1 37 64 8000 2
2 1 74 51 8000 2
2 1 39 107 8000 2
2 1 10 66 8000 2
2 1 174 130 8000 2
2 1 231 117 8000 2
2 1 15 181 8000 2
2 1 227 75 8000 2
2 1 168 246 10000 2
2 1 230 125 10000 2
2 1 64 223 10000 2
2 1 22 224 10000 2
2 1 20 205 10000 2
2 1 251 188 10000 2
2 1 120 236 10000 2
2 1 147 102 10000 2
2 1 15 27 10000 2
2 1 10 226 10000 2
2 1 94 27 10000 2
2 1 82 56 10000 2
