2 3 50 161 2000 2
2 3 219 174 2000 2
2 3 122 156 2000 2
2 3 107 2 2000 2
2 3 249 208 2000 2
2 3 3 53 2000 2
2 3 152 34 2000 2
2 3 93 191 2000 2
2 3 210 230 2000 2
2 3 123 42 2000 2
2 3 121 199 2000 2
2 3 184 167 2000 2
2 3 252 123 2000 2
2 3 156 110 2000 2
2 3 162 34 2000 2
2 3 43 6 2000 2
2 3 17 59 2000 2
2 3 87 135 2000 2
2 3 244 253 2000 2
2 3 34 142 2000 2
2 3 152 239 2000 2
2 3 162 36 2000 2
2 3 130 246 2000 2
2 3 252 210 2000 2
2 3 68 65 2000 2
2 3 212 18 2000 2
2 3 186 159 2000 2
2 3 73 242 2000 2
2 3 196 125 2000 2
2 3 190 227 2000 2
2 3 245 229 4000 2
2 3 206 162 4000 2
2 3 59 33 4000 2
2 3 82 132 4000 2
2 3 222 211 4000 2
2 3 185 24 4000 2
2 3 150 203 4000 2
2 3 147 107 4000 2
2 3 144 82 4000 2
2 3 113 62 4000 2
2 3 47 69 4000 2
2 3 135 78 4000 2
2 3 251 24 4000 2
2 3 78 170 4000 2
2 3 195 60 4000 2
2 3 196 19 4000 2
2 3 200 201 4000 2
2 3 160 69 4000 2
2 3 228 75 4000 2
2 3 7 124 4000 2
2 3 131 49 4000 2
2 3 104 101 4000 2
2 3 88 226 4000 2
2 3 27 195 4000 2
2 3 146 187 4000 2
2 3 74 147 4000 2
2 3 94 87 4000 2
2 3 168 244 4000 2
2 3 169 221 4000 2
2 3 169 183 4000 2
2 3 60 105 4000 2
2 3 90 64 6000 2
2 3 86 179 6000 2
2 3 216 12 6000 2
2 3 193 67 6000 2
2 3 2 140 6000 2
2 3 125 225 6000 2
2 3 171 150 6000 2
2 3 239 136 6000 2
2 3 24 154 6000 2
2 3 199 155 6000 2
2 3 85 192 6000 2
2 3 165 217 6000 2
2 3 122 121 6000 2
2 3 147 19 6000 2
2 3 132 72 6000 2
2 3 222 221 6000 2
2 3 79 168 6000 2
2 3 145 219 6000 2
2 3 181 31 6000 2
2 3 25 143 6000 2
2 3 28 209 6000 2
2 3 128 55 6000 2
2 3 233 76 6000 2
2 3 110 185 6000 2
2 3 158 25 6000 2
2 3 86 19 6000 2
2 3 105 131 6000 2
2 3 81 106 6000 2
2 3 206 41 6000 2
2 3 42 132 6000 2
2 3 78 68 6000 2
2 3 186 250 6000 2
2 3 55 246 6000 2
2 3 130 124 6000 2
2 3 47 151 6000 2
2 3 205 169 6000 2
2 3 42 154 6000 2
2 3 182 34 6000 2
2 3 125 147 8000 2
2 3 33 177 8000 2
2 3 192 71 8000 2
2 3 101 176 8000 2
2 3 171 219 8000 2
2 3 81 10 8000 2
2 3 224 248 8000 2
2 3 108 60 8000 2
2 3 89 135 8000 2
2 3 239 58 8000 2
2 3 229 163 8000 2
2 3 168 38 8000 2
2 3 61 235 8000 2
2 3 192 49 8000 2
2 3 5 155 8000 2
2 3 176 255 8000 2
2 3 49 176 8000 2
2 3 129 150 8000 2
2 3 227 159 8000 2
2 3 163 19 8000 2
2 3 179 253 8000 2
2 3 40 147 8000 2
2 3 12 17 8000 2
2 3 62 106 8000 2
2 3 207 68 8000 2
2 3 105 143 8000 2
2 3 46 238 8000 2
2 3 241 138 8000 2
2 3 32 102 8000 2
2 3 14 21 8000 2
2 3 10 25 8000 2
2 3 241 196 8000 2
2 3 106 196 8000 2
2 3 87 63 8000 2
2 3 141 48 8000 2
2 3 94 29 8000 2
2 3 243 196 8000 2
2 3 220 34 8000 2
2 3 33 21 8000 2
2 3 117 140 8000 2
2 3 73 166 8000 2
2 3 105 198 8000 2
2 3 147 42 8000 2
2 3 235 0 8000 2
2 3 54 129 8000 2
2 3 186 96 8000 2
2 3 92 184 8000 2
2 3 91 95 8000 2
2 3 100 214 8000 2
2 3 78 82 8000 2
2 3 232 118 10000 2
2 3 217 172 10000 2
2 3 244 21 10000 2
2 3 109 28 10000 2
2 3 105 124 10000 2
2 3 131 242 10000 2
2 3 254 221 10000 2
2 3 72 23 10000 2
2 3 139 205 10000 2
2 3 50 176 10000 2
2 3 109 104 10000 2
2 3 42 117 10000 2
2 3 197 192 10000 2
2 3 114 131 10000 2
2 3 6 15 10000 2
2 3 170 237 10000 2
2 3 124 191 10000 2
2 3 104 119 10000 2
2 3 84 26 10000 2
2 3 230 88 10000 2
2 3 139 237 10000 2
2 3 132 157 10000 2
2 3 192 245 10000 2
2 3 104 237 10000 2
2 3 210 117 10000 2
2 3 74 92 10000 2
2 3 3 96 10000 2
2 3 166 92 10000 2
2 3 24 220 10000 2
2 3 118 29 10000 2
2 3 242 140 10000 2
2 3 201 130 10000 2
2 3 34 226 10000 2
2 3 249 212 10000 2
2 3 165 252 10000 2
2 3 38 175 10000 2
2 3 67 148 10000 2
2 3 123 245 10000 2
2 3 81 177 10000 2
2 3 111 4 10000 2
2 3 119 93 10000 2
2 3 60 144 10000 2
2 3 180 123 10000 2
2 3 28 62 10000 2
2 3 0 7 10000 2
2 3 145 175 10000 2
2 3 220 109 10000 2
2 3 178 58 10000 2
2 3 26 104 10000 2
2 3 45 105 10000 2
2 3 13 12 10000 2
2 3 60 161 10000 2
