1 2 46 127 2000 2
1 2 146 117 2000 2
1 2 148 234 2000 2
1 2 143 75 2000 2
1 2 97 60 2000 2
1 2 251 52 2000 2
1 2 145 242 2000 2
1 2 139 197 2000 2
1 2 95 236 2000 2
1 2 98 237 2000 2
1 2 222 37 2000 2
1 2 115 20 2000 2
1 2 30 199 2000 2
1 2 12 226 2000 2
1 2 71 143 2000 2
1 2 45 157 2000 2
1 2 248 157 2000 2
1 2 134 29 2000 2
1 2 211 244 2000 2
1 2 55 41 2000 2
1 2 8 253 2000 2
1 2 202 186 2000 2
1 2 213 112 2000 2
1 2 50 158 2000 2
1 2 54 178 2000 2
1 2 89 113 2000 2
1 2 177 120 2000 2
1 2 133 117 2000 2
1 2 195 74 2000 2
1 2 136 104 2000 2
1 2 49 40 2000 2
1 2 176 254 2000 2
1 2 27 203 2000 2
1 2 219 72 2000 2
1 2 112 111 2000 2
1 2 81 191 2000 2
1 2 212 145 4000 2
1 2 12 196 4000 2
1 2 59 57 4000 2
1 2 158 113 4000 2
1 2 238 146 4000 2
1 2 52 71 4000 2
1 2 165 246 4000 2
1 2 6 71 4000 2
1 2 244 85 4000 2
1 2 12 149 4000 2
1 2 80 115 4000 2
1 2 212 25 4000 2
1 2 46 196 4000 2
1 2 219 56 4000 2
1 2 121 217 4000 2
1 2 73 181 4000 2
1 2 219 131 4000 2
1 2 113 55 4000 2
1 2 123 119 4000 2
1 2 123 142 4000 2
1 2 199 78 4000 2
1 2 131 178 4000 2
1 2 107 39 4000 2
1 2 42 202 4000 2
1 2 167 41 4000 2
1 2 219 24 4000 2
1 2 233 25 4000 2
1 2 0 99 4000 2
1 2 30 26 4000 2
1 2 138 181 4000 2
1 2 82 14 4000 2
1 2 230 197 4000 2
1 2 192 149 4000 2
1 2 72 222 4000 2
1 2 59 126 6000 2
1 2 113 53 6000 2
1 2 211 70 6000 2
1 2 240 101 6000 2
1 2 208 114 6000 2
1 2 136 233 6000 2
1 2 214 170 6000 2
1 2 125 69 6000 2
1 2 168 124 6000 2
1 2 211 167 6000 2
1 2 174 117 6000 2
1 2 91 72 6000 2
1 2 78 45 6000 2
1 2 198 127 6000 2
1 2 140 38 6000 2
1 2 167 5 6000 2
1 2 166 146 6000 2
1 2 152 100 6000 2
1 2 167 148 6000 2
1 2 101 115 6000 2
1 2 137 254 6000 2
1 2 225 53 6000 2
1 2 72 251 6000 2
1 2 208 27 6000 2
1 2 3 250 6000 2
1 2 146 215 6000 2
1 2 148 76 6000 2
1 2 100 195 6000 2
1 2 126 85 6000 2
1 2 22 216 6000 2
1 2 232 236 6000 2
1 2 80 76 6000 2
1 2 105 233 6000 2
1 2 51 13 6000 2
1 2 171 146 6000 2
1 2 33 81 6000 2
1 2 75 242 6000 2
1 2 151 217 6000 2
1 2 116 231 6000 2
1 2 134 108 8000 2
1 2 236 80 8000 2
1 2 64 32 8000 2
1 2 198 245 8000 2
1 2 238 150 8000 2
1 2 68 118 8000 2
1 2 51 196 8000 2
1 2 203 107 8000 2
1 2 44 40 8000 2
1 2 129 205 8000 2
1 2 232 33 8000 2
1 2 197 155 8000 2
1 2 21 224 8000 2
1 2 147 181 8000 2
1 2 239 0 8000 2
1 2 26 185 8000 2
1 2 217 34 8000 2
1 2 172 200 8000 2
1 2 178 229 8000 2
1 2 156 60 8000 2
1 2 193 238 8000 2
1 2 161 213 8000 2
1 2 50 33 8000 2
1 2 212 211 8000 2
1 2 200 143 8000 2
1 2 135 186 8000 2
1 2 210 70 8000 2
1 2 210 10 8000 2
1 2 30 0 8000 2
1 2 170 15 8000 2
1 2 173 140 8000 2
1 2 130 48 8000 2
1 2 95 61 8000 2
1 2 26 14 8000 2
1 2 123 51 8000 2
1 2 216 176 8000 2
1 2 64 244 8000 2
1 2 226 184 8000 2
1 2 176 186 8000 2
1 2 138 119 8000 2
1 2 95 130 8000 2
1 2 153 21 8000 2
1 2 205 147 8000 2
1 2 71 15 10000 2
1 2 84 216 10000 2
1 2 86 106 10000 2
1 2 73 213 10000 2
1 2 155 63 10000 2
1 2 36 139 10000 2
1 2 89 203 10000 2
1 2 105 29 10000 2
1 2 202 148 10000 2
1 2 42 60 10000 2
1 2 87 215 10000 2
1 2 124 48 10000 2
1 2 198 222 10000 2
1 2 127 131 10000 2
1 2 230 119 10000 2
1 2 208 200 10000 2
1 2 33 246 10000 2
1 2 26 117 10000 2
1 2 181 197 10000 2
1 2 14 216 10000 2
1 2 165 28 10000 2
1 2 252 162 10000 2
1 2 90 213 10000 2
1 2 113 79 10000 2
1 2 126 47 10000 2
1 2 177 114 10000 2
1 2 146 138 10000 2
1 2 148 114 10000 2
1 2 12 172 10000 2
1 2 133 90 10000 2
1 2 173 200 10000 2
1 2 223 225 10000 2
1 2 48 78 10000 2
1 2 93 9 10000 2
1 2 45 227 10000 2
1 2 105 7 10000 2
1 2 101 77 10000 2
1 2 208 75 10000 2
1 2 216 210 10000 2
1 2 178 157 10000 2
1 2 52 159 10000 2
1 2 35 140 10000 2
1 2 118 207 10000 2
1 2 214 139 10000 2
1 2 102 170 10000 2
