0 1 193 59 2000 2
0 1 94 77 2000 2
0 1 54 146 2000 2
0 1 85 228 2000 2
0 1 96 43 2000 2
0 1 175 10 2000 2
0 1 191 38 2000 2
0 1 78 66 2000 2
0 1 182 215 2000 2
0 1 44 59 2000 2
0 1 126 92 2000 2
0 1 74 53 2000 2
0 1 175 47 2000 2
0 1 182 46 2000 2
0 1 193 45 2000 2
0 1 112 220 2000 2
0 1 191 246 2000 2
0 1 89 152 2000 2
0 1 204 210 2000 2
0 1 228 20 2000 2
0 1 162 247 2000 2
0 1 36 15 2000 2
0 1 68 84 2000 2
0 1 117 171 2000 2
0 1 130 103 2000 2
0 1 250 197 2000 2
0 1 99 124 2000 2
0 1 16 249 2000 2
0 1 170 213 2000 2
0 1 117 149 2000 2
0 1 11 142 4000 2
0 1 166 79 4000 2
0 1 91 149 4000 2
0 1 121 133 4000 2
0 1 93 68 4000 2
0 1 151 199 4000 2
0 1 252 238 4000 2
0 1 232 230 4000 2
0 1 37 96 4000 2
0 1 58 40 4000 2
0 1 120 8 4000 2
0 1 8 213 4000 2
0 1 243 16 4000 2
0 1 247 123 4000 2
0 1 198 55 4000 2
0 1 65 130 4000 2
0 1 27 17 4000 2
0 1 26 79 4000 2
0 1 20 154 4000 2
0 1 227 68 4000 2
0 1 64 35 4000 2
0 1 77 132 4000 2
0 1 131 10 4000 2
0 1 237 214 4000 2
0 1 18 91 4000 2
0 1 215 138 4000 2
0 1 119 235 4000 2
0 1 108 105 4000 2
0 1 90 71 4000 2
0 1 254 89 4000 2
0 1 140 163 4000 2
0 1 5 175 4000 2
0 1 182 54 4000 2
0 1 108 135 4000 2
0 1 198 249 4000 2
0 1 253 169 4000 2
0 1 229 25 4000 2
0 1 219 54 4000 2
0 1 180 238 4000 2
0 1 3 97 4000 2
0 1 33 117 4000 2
0 1 21 70 4000 2
0 1 57 92 6000 2
0 1 246 170 6000 2
0 1 139 31 6000 2
0 1 101 236 6000 2
0 1 16 19 6000 2
0 1 233 119 6000 2
0 1 60 186 6000 2
0 1 68 123 6000 2
0 1 60 166 6000 2
0 1 45 237 6000 2
0 1 63 91 6000 2
0 1 145 204 6000 2
0 1 246 208 6000 2
0 1 233 231 6000 2
0 1 82 22 6000 2
0 1 166 27 6000 2
0 1 236 133 6000 2
0 1 37 165 6000 2
0 1 109 234 6000 2
0 1 98 5 6000 2
0 1 66 173 6000 2
0 1 58 25 6000 2
0 1 169 31 6000 2
0 1 101 28 6000 2
0 1 238 144 6000 2
0 1 100 38 6000 2
0 1 121 205 6000 2
0 1 185 112 6000 2
0 1 28 168 6000 2
0 1 20 163 6000 2
0 1 242 77 6000 2
0 1 118 31 6000 2
0 1 102 204 6000 2
0 1 242 112 6000 2
0 1 194 183 6000 2
0 1 172 83 6000 2
0 1 166 82 6000 2
0 1 148 100 6000 2
0 1 248 195 6000 2
0 1 186 40 6000 2
0 1 188 4 6000 2
0 1 227 204 6000 2
0 1 176 35 6000 2
0 1 123 230 6000 2
0 1 121 123 6000 2
0 1 9 112 6000 2
0 1 42 250 8000 2
0 1 181 130 8000 2
0 1 14 128 8000 2
0 1 33 146 8000 2
0 1 204 189 8000 2
0 1 121 73 8000 2
0 1 193 127 8000 2
0 1 216 241 8000 2
0 1 122 172 8000 2
0 1 9 60 8000 2
0 1 18 9 8000 2
0 1 115 138 8000 2
0 1 18 127 8000 2
0 1 9 228 8000 2
0 1 147 3 8000 2
0 1 79 234 8000 2
0 1 170 202 8000 2
0 1 27 58 8000 2
0 1 134 239 8000 2
0 1 54 212 8000 2
0 1 212 202 8000 2
0 1 130 46 8000 2
0 1 218 90 8000 2
0 1 246 234 8000 2
0 1 73 207 8000 2
0 1 191 0 8000 2
0 1 113 218 8000 2
0 1 200 35 8000 2
0 1 235 30 8000 2
0 1 92 234 8000 2
0 1 108 237 8000 2
0 1 207 146 8000 2
0 1 233 10 8000 2
0 1 93 80 8000 2
0 1 51 210 10000 2
0 1 221 237 10000 2
0 1 245 165 10000 2
0 1 4 226 10000 2
0 1 196 41 10000 2
0 1 132 52 10000 2
0 1 39 65 10000 2
0 1 109 245 10000 2
0 1 207 84 10000 2
0 1 172 69 10000 2
0 1 207 65 10000 2
0 1 83 9 10000 2
0 1 244 19 10000 2
0 1 98 217 10000 2
0 1 137 74 10000 2
0 1 40 253 10000 2
0 1 170 120 10000 2
0 1 210 125 10000 2
0 1 19 103 10000 2
0 1 85 161 10000 2
0 1 184 251 10000 2
0 1 81 42 10000 2
0 1 77 27 10000 2
0 1 145 119 10000 2
0 1 186 196 10000 2
0 1 152 237 10000 2
0 1 75 190 10000 2
0 1 16 199 10000 2
0 1 189 84 10000 2
0 1 113 121 10000 2
