3 0 159 252 2000 2
3 0 122 149 2000 2
3 0 244 248 2000 2
3 0 20 99 2000 2
3 0 71 24 2000 2
3 0 184 183 2000 2
3 0 214 91 2000 2
3 0 102 201 2000 2
3 0 53 200 2000 2
3 0 187 146 2000 2
3 0 166 19 2000 2
3 0 202 60 2000 2
3 0 207 97 2000 2
3 0 148 192 2000 2
3 0 107 147 2000 2
3 0 131 0 2000 2
3 0 124 230 2000 2
3 0 86 254 2000 2
3 0 5 180 2000 2
3 0 54 41 2000 2
3 0 5 122 2000 2
3 0 178 122 2000 2
3 0 14 133 2000 2
3 0 80 155 2000 2
3 0 71 241 2000 2
3 0 245 243 2000 2
3 0 39 200 2000 2
3 0 53 34 2000 2
3 0 194 190 2000 2
3 0 185 69 2000 2
3 0 175 15 2000 2
3 0 207 39 2000 2
3 0 56 86 2000 2
3 0 91 119 2000 2
3 0 6 200 2000 2
3 0 113 182 2000 2
3 0 135 41 4000 2
3 0 209 96 4000 2
3 0 185 123 4000 2
3 0 3 10 4000 2
3 0 246 2 4000 2
3 0 46 246 4000 2
3 0 63 240 4000 2
3 0 77 57 4000 2
3 0 198 32 4000 2
3 0 102 249 4000 2
3 0 76 119 4000 2
3 0 170 53 4000 2
3 0 234 253 4000 2
3 0 24 78 4000 2
3 0 42 23 4000 2
3 0 210 198 4000 2
3 0 115 35 4000 2
3 0 172 95 4000 2
3 0 72 244 4000 2
3 0 140 88 4000 2
3 0 154 58 4000 2
3 0 99 58 4000 2
3 0 100 72 4000 2
3 0 114 66 4000 2
3 0 31 85 4000 2
3 0 35 233 4000 2
3 0 43 126 4000 2
3 0 24 156 4000 2
3 0 77 37 4000 2
3 0 35 90 4000 2
3 0 23 177 4000 2
3 0 172 153 4000 2
3 0 182 156 4000 2
3 0 31 157 4000 2
3 0 125 198 4000 2
3 0 215 229 4000 2
3 0 7 158 4000 2
3 0 202 31 4000 2
3 0 23 209 4000 2
3 0 201 92 6000 2
3 0 48 53 6000 2
3 0 41 127 6000 2
3 0 46 170 6000 2
3 0 136 207 6000 2
3 0 23 133 6000 2
3 0 103 220 6000 2
3 0 30 229 6000 2
3 0 170 78 6000 2
3 0 165 120 6000 2
3 0 132 185 6000 2
3 0 147 49 6000 2
3 0 64 22 6000 2
3 0 167 121 6000 2
3 0 220 119 6000 2
3 0 45 239 6000 2
3 0 117 27 6000 2
3 0 144 126 6000 2
3 0 234 209 6000 2
3 0 87 78 6000 2
3 0 89 163 6000 2
3 0 165 181 6000 2
3 0 197 135 6000 2
3 0 101 243 6000 2
3 0 166 78 6000 2
3 0 214 232 6000 2
3 0 23 135 6000 2
3 0 219 31 6000 2
3 0 105 183 6000 2
3 0 246 96 6000 2
3 0 49 195 6000 2
3 0 38 123 6000 2
3 0 95 167 6000 2
3 0 45 242 6000 2
3 0 113 163 6000 2
3 0 248 140 8000 2
3 0 66 87 8000 2
3 0 59 140 8000 2
3 0 154 205 8000 2
3 0 239 248 8000 2
3 0 197 88 8000 2
3 0 233 139 8000 2
3 0 179 251 8000 2
3 0 215 97 8000 2
3 0 96 180 8000 2
3 0 55 224 8000 2
3 0 6 73 8000 2
3 0 82 45 8000 2
3 0 245 187 8000 2
3 0 110 201 8000 2
3 0 167 166 8000 2
3 0 179 180 8000 2
3 0 130 0 8000 2
3 0 228 238 8000 2
3 0 251 92 8000 2
3 0 22 197 8000 2
3 0 207 81 8000 2
3 0 249 17 8000 2
3 0 104 201 8000 2
3 0 17 86 8000 2
3 0 236 91 8000 2
3 0 148 115 8000 2
3 0 52 174 8000 2
3 0 246 150 8000 2
3 0 159 79 8000 2
3 0 125 71 8000 2
3 0 255 185 8000 2
3 0 133 225 8000 2
3 0 27 72 8000 2
3 0 126 141 8000 2
3 0 10 120 8000 2
3 0 198 219 8000 2
3 0 135 74 8000 2
3 0 102 214 8000 2
3 0 166 101 10000 2
3 0 115 160 10000 2
3 0 30 76 10000 2
3 0 66 25 10000 2
3 0 172 218 10000 2
3 0 54 119 10000 2
3 0 58 127 10000 2
3 0 60 162 10000 2
3 0 16 78 10000 2
3 0 127 252 10000 2
3 0 189 211 10000 2
3 0 251 173 10000 2
3 0 107 239 10000 2
3 0 130 116 10000 2
3 0 67 208 10000 2
3 0 247 215 10000 2
3 0 41 199 10000 2
3 0 28 34 10000 2
3 0 107 108 10000 2
3 0 171 2 10000 2
3 0 167 120 10000 2
3 0 195 133 10000 2
3 0 141 22 10000 2
3 0 148 96 10000 2
3 0 127 20 10000 2
3 0 124 221 10000 2
3 0 27 225 10000 2
3 0 112 147 10000 2
3 0 217 49 10000 2
3 0 31 214 10000 2
3 0 57 125 10000 2
3 0 127 236 10000 2
3 0 2 81 10000 2
3 0 38 49 10000 2
3 0 232 153 10000 2
3 0 156 53 10000 2
3 0 105 4 10000 2
3 0 239 173 10000 2
3 0 110 235 10000 2
