0 0 588 955 2000 2
0 0 556 276 2000 2
0 0 837 752 2000 2
0 0 73 563 2000 2
0 0 815 886 2000 2
0 0 191 550 2000 2
0 0 507 472 2000 2
0 0 855 354 2000 2
0 0 307 409 2000 2
0 0 751 34 2000 2
0 0 725 45 2000 2
0 0 357 212 2000 2
0 0 179 1012 2000 2
0 0 450 141 2000 2
0 0 35 983 2000 2
0 0 35 680 2000 2
0 0 455 195 2000 2
0 0 881 38 2000 2
0 0 43 159 2000 2
0 0 542 306 2000 2
0 0 311 741 2000 2
0 0 667 635 2000 2
0 0 347 818 2000 2
0 0 409 652 2000 2
0 0 862 951 2000 2
0 0 243 993 2000 2
0 0 92 478 2000 2
0 0 934 143 2000 2
0 0 822 943 2000 2
0 0 955 85 2000 2
0 0 205 895 2000 2
0 0 231 188 2000 2
0 0 682 917 2000 2
0 0 454 7 2000 2
0 0 629 334 2000 2
0 0 643 725 2000 2
0 0 102 687 2000 2
0 0 631 831 2000 2
0 0 677 297 2000 2
0 0 372 253 2000 2
0 0 33 841 2000 2
0 0 157 872 2000 2
0 0 60 965 2000 2
0 0 611 636 2000 2
0 0 371 1010 2000 2
0 0 764 661 2000 2
0 0 630 977 2000 2
0 0 152 917 2000 2
0 0 591 449 2000 2
0 0 627 723 2000 2
0 0 18 978 2000 2
0 0 639 486 2000 2
0 0 9 61 2000 2
0 0 598 187 2000 2
0 0 808 680 2000 2
0 0 531 120 2000 2
0 0 350 44 2000 2
0 0 306 557 2000 2
0 0 675 992 2000 2
0 0 718 77 2000 2
0 0 49 438 2000 2
0 0 827 637 2000 2
0 0 776 761 2000 2
0 0 67 980 2000 2
0 0 445 563 2000 2
0 0 469 594 2000 2
0 0 636 69 2000 2
0 0 428 486 2000 2
0 0 395 676 2000 2
0 0 953 850 2000 2
0 0 92 403 2000 2
0 0 50 744 2000 2
0 0 650 953 2000 2
0 0 99 295 2000 2
0 0 76 208 2000 2
0 0 568 661 2000 2
0 0 22 294 2000 2
0 0 25 693 2000 2
0 0 256 855 2000 2
0 0 862 984 2000 2
0 0 328 460 2000 2
0 0 967 602 2000 2
0 0 890 987 2000 2
0 0 565 823 2000 2
0 0 757 524 2000 2
0 0 892 524 2000 2
0 0 494 1000 2000 2
0 0 399 366 2000 2
0 0 971 932 2000 2
0 0 606 726 2000 2
0 0 281 880 2000 2
0 0 710 723 2000 2
0 0 662 489 2000 2
0 0 783 776 2000 2
0 0 774 285 2000 2
0 0 832 883 2000 2
0 0 648 755 2000 2
0 0 496 625 2000 2
0 0 316 345 2000 2
0 0 183 573 2000 2
0 0 134 404 2000 2
0 0 356 586 2000 2
0 0 83 112 2000 2
0 0 601 569 2000 2
0 0 800 278 2000 2
0 0 894 560 2000 2
0 0 752 758 2000 2
0 0 301 219 2000 2
0 0 309 337 2000 2
0 0 665 881 2000 2
0 0 344 110 2000 2
0 0 557 393 2000 2
0 0 513 916 2000 2
0 0 541 38 2000 2
0 0 657 874 2000 2
0 0 632 309 2000 2
0 0 506 591 2000 2
0 0 49 104 2000 2
0 0 640 387 2000 2
0 0 705 983 2000 2
0 0 466 240 2000 2
0 0 628 959 2000 2
0 0 33 981 2000 2
0 0 636 995 2000 2
0 0 33 396 2000 2
0 0 42 629 2000 2
0 0 893 896 2000 2
0 0 307 723 2000 2
0 0 962 215 2000 2
0 0 283 97 2000 2
0 0 515 237 2000 2
0 0 468 944 2000 2
0 0 394 983 2000 2
0 0 792 528 2000 2
0 0 526 609 2000 2
0 0 282 951 2000 2
0 0 133 403 2000 2
0 0 224 42 2000 2
0 0 408 690 2000 2
0 0 744 660 2000 2
0 0 343 31 2000 2
0 0 150 460 2000 2
0 0 654 1009 2000 2
0 0 885 23 2000 2
0 0 696 400 2000 2
0 0 875 133 2000 2
0 0 893 646 2000 2
0 0 501 493 2000 2
0 0 297 575 2000 2
0 0 696 803 2000 2
0 0 779 62 2000 2
0 0 147 539 2000 2
0 0 694 717 2000 2
0 0 470 800 2000 2
0 0 806 714 2000 2
0 0 64 241 4000 2
0 0 307 657 4000 2
0 0 55 309 4000 2
0 0 310 306 4000 2
0 0 348 521 4000 2
0 0 87 642 4000 2
0 0 460 601 4000 2
0 0 311 727 4000 2
0 0 155 345 4000 2
0 0 118 579 4000 2
0 0 85 170 4000 2
0 0 570 876 4000 2
0 0 52 48 4000 2
0 0 554 793 4000 2
0 0 857 907 4000 2
0 0 568 547 4000 2
0 0 619 804 4000 2
0 0 176 750 4000 2
0 0 297 140 4000 2
0 0 283 29 4000 2
0 0 105 42 4000 2
0 0 1009 693 4000 2
0 0 700 47 4000 2
0 0 496 569 4000 2
0 0 267 145 4000 2
0 0 235 968 4000 2
0 0 330 9 4000 2
0 0 154 994 4000 2
0 0 565 812 4000 2
0 0 617 551 4000 2
0 0 625 1004 4000 2
0 0 655 160 4000 2
0 0 84 419 4000 2
0 0 505 435 4000 2
0 0 14 12 4000 2
0 0 874 555 4000 2
0 0 505 967 4000 2
0 0 106 511 4000 2
0 0 778 822 4000 2
0 0 513 957 4000 2
0 0 366 863 4000 2
0 0 490 553 4000 2
0 0 70 219 4000 2
0 0 536 927 4000 2
0 0 974 418 4000 2
0 0 521 451 4000 2
0 0 41 620 4000 2
0 0 784 90 4000 2
0 0 324 163 4000 2
0 0 209 680 4000 2
0 0 173 772 4000 2
0 0 714 928 4000 2
0 0 118 399 4000 2
0 0 77 793 4000 2
0 0 102 168 4000 2
0 0 494 963 4000 2
0 0 22 265 4000 2
0 0 118 379 4000 2
0 0 10 109 4000 2
0 0 134 110 4000 2
0 0 432 1005 4000 2
0 0 271 552 4000 2
0 0 6 244 4000 2
0 0 21 197 4000 2
0 0 243 550 4000 2
0 0 558 512 4000 2
0 0 701 599 4000 2
0 0 515 889 4000 2
0 0 241 777 4000 2
0 0 720 485 4000 2
0 0 21 114 4000 2
0 0 658 198 4000 2
0 0 1022 290 4000 2
0 0 453 216 4000 2
0 0 435 283 4000 2
0 0 487 568 4000 2
0 0 816 316 4000 2
0 0 799 172 4000 2
0 0 668 856 4000 2
0 0 722 273 4000 2
0 0 276 288 4000 2
0 0 633 731 4000 2
0 0 921 735 4000 2
0 0 183 35 4000 2
0 0 785 859 4000 2
0 0 860 527 4000 2
0 0 813 971 4000 2
0 0 686 405 4000 2
0 0 274 780 4000 2
0 0 996 911 4000 2
0 0 53 349 4000 2
0 0 263 832 4000 2
0 0 616 508 4000 2
0 0 842 61 4000 2
0 0 951 139 4000 2
0 0 637 129 4000 2
0 0 1018 768 4000 2
0 0 433 28 4000 2
0 0 613 939 4000 2
0 0 287 53 4000 2
0 0 721 111 4000 2
0 0 99 736 4000 2
0 0 649 475 4000 2
0 0 527 480 4000 2
0 0 727 274 4000 2
0 0 807 557 4000 2
0 0 266 696 4000 2
0 0 482 22 4000 2
0 0 980 369 4000 2
0 0 224 444 4000 2
0 0 235 598 4000 2
0 0 755 573 4000 2
0 0 71 203 4000 2
0 0 964 386 4000 2
0 0 638 388 4000 2
0 0 180 623 4000 2
0 0 798 641 4000 2
0 0 484 442 4000 2
0 0 440 504 4000 2
0 0 321 180 4000 2
0 0 245 2 4000 2
0 0 972 258 4000 2
0 0 750 75 4000 2
0 0 120 768 4000 2
0 0 755 443 4000 2
0 0 831 977 4000 2
0 0 336 837 4000 2
0 0 312 330 4000 2
0 0 188 235 4000 2
0 0 944 69 4000 2
0 0 483 561 4000 2
0 0 377 686 4000 2
0 0 431 949 4000 2
0 0 11 506 4000 2
0 0 719 566 4000 2
0 0 265 818 4000 2
0 0 963 199 4000 2
0 0 655 803 4000 2
0 0 729 660 4000 2
0 0 325 221 4000 2
0 0 780 635 4000 2
0 0 595 252 4000 2
0 0 958 236 4000 2
0 0 172 11 4000 2
0 0 43 182 4000 2
0 0 831 915 4000 2
0 0 170 297 4000 2
0 0 501 1013 4000 2
0 0 370 645 4000 2
0 0 797 927 4000 2
0 0 233 344 4000 2
0 0 276 295 4000 2
0 0 50 707 4000 2
0 0 961 885 4000 2
0 0 825 788 4000 2
0 0 841 939 4000 2
0 0 154 428 4000 2
0 0 543 359 4000 2
0 0 852 253 4000 2
0 0 540 708 4000 2
0 0 746 846 4000 2
0 0 273 978 4000 2
0 0 343 689 4000 2
0 0 979 500 4000 2
0 0 685 760 4000 2
0 0 522 167 4000 2
0 0 593 96 4000 2
0 0 78 60 4000 2
0 0 1018 301 4000 2
0 0 772 358 4000 2
0 0 868 195 6000 2
0 0 37 117 6000 2
0 0 571 163 6000 2
0 0 75 183 6000 2
0 0 846 139 6000 2
0 0 156 306 6000 2
0 0 422 27 6000 2
0 0 299 600 6000 2
0 0 639 483 6000 2
0 0 381 43 6000 2
0 0 996 90 6000 2
0 0 851 101 6000 2
0 0 249 725 6000 2
0 0 478 991 6000 2
0 0 369 215 6000 2
0 0 291 857 6000 2
0 0 826 963 6000 2
0 0 538 117 6000 2
0 0 769 827 6000 2
0 0 276 237 6000 2
0 0 41 817 6000 2
0 0 135 797 6000 2
0 0 844 760 6000 2
0 0 633 152 6000 2
0 0 598 821 6000 2
0 0 951 828 6000 2
0 0 408 769 6000 2
0 0 777 719 6000 2
0 0 825 758 6000 2
0 0 480 695 6000 2
0 0 576 701 6000 2
0 0 139 607 6000 2
0 0 842 986 6000 2
0 0 268 477 6000 2
0 0 488 109 6000 2
0 0 432 689 6000 2
0 0 543 129 6000 2
0 0 179 409 6000 2
0 0 736 726 6000 2
0 0 314 856 6000 2
0 0 450 798 6000 2
0 0 889 830 6000 2
0 0 303 100 6000 2
0 0 872 690 6000 2
0 0 689 662 6000 2
0 0 336 1 6000 2
0 0 659 480 6000 2
0 0 873 885 6000 2
0 0 727 384 6000 2
0 0 897 380 6000 2
0 0 387 898 6000 2
0 0 502 668 6000 2
0 0 749 491 6000 2
0 0 763 260 6000 2
0 0 384 11 6000 2
0 0 634 494 6000 2
0 0 639 752 6000 2
0 0 680 526 6000 2
0 0 300 265 6000 2
0 0 775 951 6000 2
0 0 327 74 6000 2
0 0 530 317 6000 2
0 0 268 402 6000 2
0 0 517 201 6000 2
0 0 571 379 6000 2
0 0 228 573 6000 2
0 0 862 113 6000 2
0 0 273 968 6000 2
0 0 779 515 6000 2
0 0 647 695 6000 2
0 0 676 814 6000 2
0 0 1007 622 6000 2
0 0 572 118 6000 2
0 0 374 595 6000 2
0 0 572 206 6000 2
0 0 198 231 6000 2
0 0 960 428 6000 2
0 0 797 366 6000 2
0 0 1005 669 6000 2
0 0 842 958 6000 2
0 0 805 933 6000 2
0 0 995 756 6000 2
0 0 394 518 6000 2
0 0 475 862 6000 2
0 0 797 244 6000 2
0 0 32 382 6000 2
0 0 559 598 6000 2
0 0 62 71 6000 2
0 0 909 797 6000 2
0 0 218 610 6000 2
0 0 786 308 6000 2
0 0 132 775 6000 2
0 0 247 387 6000 2
0 0 125 728 6000 2
0 0 812 375 6000 2
0 0 243 187 6000 2
0 0 608 785 6000 2
0 0 384 634 6000 2
0 0 448 338 6000 2
0 0 645 349 6000 2
0 0 345 1007 6000 2
0 0 442 33 6000 2
0 0 1014 592 6000 2
0 0 736 945 6000 2
0 0 466 693 6000 2
0 0 776 140 6000 2
0 0 369 541 6000 2
0 0 813 446 6000 2
0 0 602 55 6000 2
0 0 452 388 6000 2
0 0 1010 125 6000 2
0 0 633 218 6000 2
0 0 77 800 6000 2
0 0 320 357 6000 2
0 0 656 871 6000 2
0 0 566 790 6000 2
0 0 493 699 6000 2
0 0 9 668 6000 2
0 0 372 1020 6000 2
0 0 73 402 6000 2
0 0 489 220 6000 2
0 0 371 204 6000 2
0 0 793 151 6000 2
0 0 686 321 6000 2
0 0 774 233 6000 2
0 0 262 108 6000 2
0 0 940 961 6000 2
0 0 493 293 6000 2
0 0 11 892 6000 2
0 0 921 377 6000 2
0 0 110 499 6000 2
0 0 64 82 6000 2
0 0 275 708 6000 2
0 0 994 14 6000 2
0 0 608 301 6000 2
0 0 704 109 8000 2
0 0 436 197 8000 2
0 0 446 161 8000 2
0 0 436 136 8000 2
0 0 354 931 8000 2
0 0 986 5 8000 2
0 0 476 77 8000 2
0 0 172 508 8000 2
0 0 908 881 8000 2
0 0 0 794 8000 2
0 0 822 999 8000 2
0 0 39 543 8000 2
0 0 47 14 8000 2
0 0 72 182 8000 2
0 0 700 427 8000 2
0 0 659 791 8000 2
0 0 1009 489 8000 2
0 0 352 783 8000 2
0 0 161 734 8000 2
0 0 60 761 8000 2
0 0 528 482 8000 2
0 0 179 461 8000 2
0 0 124 329 8000 2
0 0 458 621 8000 2
0 0 501 377 8000 2
0 0 422 644 8000 2
0 0 748 1013 8000 2
0 0 722 799 8000 2
0 0 254 241 8000 2
0 0 868 318 8000 2
0 0 69 965 8000 2
0 0 856 534 8000 2
0 0 141 890 8000 2
0 0 41 142 8000 2
0 0 738 1 8000 2
0 0 467 917 8000 2
0 0 871 122 8000 2
0 0 515 81 8000 2
0 0 975 371 8000 2
0 0 751 761 8000 2
0 0 562 637 8000 2
0 0 691 149 8000 2
0 0 344 640 8000 2
0 0 823 606 8000 2
0 0 255 690 8000 2
0 0 717 293 8000 2
0 0 148 320 8000 2
0 0 938 871 8000 2
0 0 727 210 8000 2
0 0 790 628 8000 2
0 0 288 758 8000 2
0 0 712 480 8000 2
0 0 94 254 8000 2
0 0 304 237 8000 2
0 0 892 562 8000 2
0 0 234 707 8000 2
0 0 131 926 8000 2
0 0 904 343 8000 2
0 0 742 542 8000 2
0 0 388 579 8000 2
0 0 119 15 8000 2
0 0 368 314 8000 2
0 0 851 156 8000 2
0 0 775 108 8000 2
0 0 276 791 8000 2
0 0 693 957 8000 2
0 0 670 631 8000 2
0 0 682 920 8000 2
0 0 374 173 8000 2
0 0 705 483 8000 2
0 0 133 558 8000 2
0 0 798 902 8000 2
0 0 1011 430 8000 2
0 0 337 716 8000 2
0 0 574 685 8000 2
0 0 54 523 8000 2
0 0 62 692 8000 2
0 0 54 889 8000 2
0 0 435 760 8000 2
0 0 654 236 8000 2
0 0 197 90 8000 2
0 0 141 548 8000 2
0 0 676 663 8000 2
0 0 199 627 8000 2
0 0 475 999 8000 2
0 0 425 100 8000 2
0 0 550 60 8000 2
0 0 659 967 8000 2
0 0 58 593 8000 2
0 0 220 512 8000 2
0 0 658 240 8000 2
0 0 299 106 8000 2
0 0 407 918 8000 2
0 0 130 808 8000 2
0 0 30 334 8000 2
0 0 687 471 8000 2
0 0 175 77 8000 2
0 0 364 139 8000 2
0 0 645 58 8000 2
0 0 557 398 8000 2
0 0 318 726 8000 2
0 0 1004 625 8000 2
0 0 491 639 8000 2
0 0 221 62 8000 2
0 0 571 376 8000 2
0 0 881 801 8000 2
0 0 503 703 8000 2
0 0 517 525 8000 2
0 0 853 305 8000 2
0 0 287 866 8000 2
0 0 661 721 8000 2
0 0 185 604 8000 2
0 0 737 770 8000 2
0 0 299 201 8000 2
0 0 909 642 8000 2
0 0 121 673 8000 2
0 0 699 371 8000 2
0 0 536 371 8000 2
0 0 631 797 8000 2
0 0 236 47 8000 2
0 0 275 610 8000 2
0 0 10 621 8000 2
0 0 859 394 8000 2
0 0 63 62 8000 2
0 0 588 910 8000 2
0 0 474 445 8000 2
0 0 291 356 8000 2
0 0 489 497 8000 2
0 0 294 492 8000 2
0 0 595 661 8000 2
0 0 104 804 8000 2
0 0 438 306 8000 2
0 0 185 9 8000 2
0 0 954 79 8000 2
0 0 816 499 8000 2
0 0 853 762 8000 2
0 0 689 468 8000 2
0 0 315 750 8000 2
0 0 328 977 8000 2
0 0 216 649 8000 2
0 0 946 923 8000 2
0 0 529 464 8000 2
0 0 461 848 8000 2
0 0 255 310 8000 2
0 0 554 689 8000 2
0 0 1023 491 8000 2
0 0 293 950 8000 2
0 0 105 464 8000 2
0 0 141 652 10000 2
0 0 303 166 10000 2
0 0 546 332 10000 2
0 0 427 854 10000 2
0 0 376 23 10000 2
0 0 853 828 10000 2
0 0 942 348 10000 2
0 0 761 17 10000 2
0 0 869 289 10000 2
0 0 209 153 10000 2
0 0 577 994 10000 2
0 0 218 779 10000 2
0 0 1001 247 10000 2
0 0 526 420 10000 2
0 0 719 806 10000 2
0 0 945 941 10000 2
0 0 347 254 10000 2
0 0 853 1021 10000 2
0 0 836 715 10000 2
0 0 393 577 10000 2
0 0 877 505 10000 2
0 0 26 10 10000 2
0 0 1011 732 10000 2
0 0 739 320 10000 2
0 0 115 26 10000 2
0 0 254 465 10000 2
0 0 300 222 10000 2
0 0 939 338 10000 2
0 0 643 768 10000 2
0 0 398 581 10000 2
0 0 83 490 10000 2
0 0 819 959 10000 2
0 0 370 114 10000 2
0 0 597 271 10000 2
0 0 769 501 10000 2
0 0 987 1006 10000 2
0 0 753 665 10000 2
0 0 634 902 10000 2
0 0 585 786 10000 2
0 0 557 287 10000 2
0 0 681 178 10000 2
0 0 353 925 10000 2
0 0 757 542 10000 2
0 0 259 779 10000 2
0 0 743 149 10000 2
0 0 332 864 10000 2
0 0 696 297 10000 2
0 0 812 567 10000 2
0 0 862 671 10000 2
0 0 96 763 10000 2
0 0 33 559 10000 2
0 0 723 967 10000 2
0 0 64 125 10000 2
0 0 494 583 10000 2
0 0 183 175 10000 2
0 0 99 682 10000 2
0 0 1011 131 10000 2
0 0 389 241 10000 2
0 0 262 215 10000 2
0 0 679 518 10000 2
0 0 948 638 10000 2
0 0 577 220 10000 2
0 0 517 71 10000 2
0 0 290 144 10000 2
0 0 144 370 10000 2
0 0 707 140 10000 2
0 0 10 589 10000 2
0 0 347 76 10000 2
0 0 552 368 10000 2
0 0 517 966 10000 2
0 0 519 760 10000 2
0 0 217 566 10000 2
0 0 697 704 10000 2
0 0 934 835 10000 2
0 0 932 61 10000 2
0 0 1013 565 10000 2
0 0 237 636 10000 2
0 0 349 467 10000 2
0 0 490 517 10000 2
0 0 853 891 10000 2
0 0 337 904 10000 2
0 0 229 124 10000 2
0 0 333 36 10000 2
0 0 318 436 10000 2
0 0 639 323 10000 2
0 0 711 133 10000 2
0 0 182 111 10000 2
0 0 38 325 10000 2
0 0 610 820 10000 2
0 0 473 620 10000 2
0 0 595 303 10000 2
0 0 775 216 10000 2
0 0 10 615 10000 2
0 0 304 513 10000 2
0 0 724 903 10000 2
0 0 293 297 10000 2
0 0 465 265 10000 2
0 0 296 243 10000 2
0 0 477 259 10000 2
0 0 521 171 10000 2
0 0 871 954 10000 2
0 0 819 40 10000 2
0 0 311 598 10000 2
0 0 63 139 10000 2
0 0 351 738 10000 2
0 0 616 413 10000 2
0 0 6 921 10000 2
0 0 296 669 10000 2
0 0 2 19 10000 2
0 0 732 605 10000 2
0 0 463 963 10000 2
0 0 368 888 10000 2
0 0 658 831 10000 2
0 0 81 134 10000 2
0 0 578 94 10000 2
0 0 589 405 10000 2
0 0 785 790 10000 2
0 0 726 805 10000 2
0 0 849 199 10000 2
0 0 862 108 10000 2
0 0 454 465 10000 2
0 0 514 638 10000 2
0 0 370 206 10000 2
0 0 1001 265 10000 2
0 0 1010 290 10000 2
0 0 310 493 10000 2
0 0 857 949 10000 2
0 0 883 804 10000 2
0 0 706 13 10000 2
0 0 636 853 10000 2
0 0 683 805 10000 2
0 0 204 89 10000 2
0 0 728 283 10000 2
0 0 646 712 10000 2
0 0 293 770 10000 2
0 0 652 131 10000 2
0 0 462 611 10000 2
0 0 509 586 10000 2
0 0 890 827 10000 2
0 0 579 873 10000 2
0 0 92 132 10000 2
0 0 724 704 10000 2
0 0 578 698 10000 2
0 0 616 595 10000 2
0 0 596 247 10000 2
0 0 31 245 10000 2
0 0 855 256 10000 2
0 0 526 89 10000 2
0 0 82 350 10000 2
0 0 390 599 10000 2
0 0 522 741 10000 2
0 0 1012 977 10000 2
0 0 268 485 10000 2
0 0 850 119 10000 2
0 0 417 140 10000 2
0 0 360 368 10000 2
0 0 104 1020 10000 2
0 0 975 393 10000 2
0 0 692 19 10000 2
0 0 334 749 10000 2
