1 2 0 4 500 2
1 2 0 8 500 2
1 2 15 7 500 2
1 2 14 4 500 2
1 2 14 0 500 2
1 2 13 7 500 2
1 2 11 1 500 2
1 2 11 8 500 2
1 2 11 8 500 2
1 2 9 6 500 2
1 2 9 1 500 2
1 2 9 9 500 2
1 2 8 9 500 2
1 2 6 9 500 2
1 2 6 8 500 2
1 2 6 3 500 2
1 2 0 6 500 2
1 2 1 2 500 2
1 2 2 2 500 2
1 2 3 7 500 2
1 2 3 6 500 2
1 2 4 5 500 2
1 2 4 7 500 2
1 2 4 2 500 2
1 2 5 5 500 2
1 2 5 9 500 2
1 2 6 6 500 2
1 2 8 2 1000 2
1 2 9 7 1000 2
1 2 10 4 1000 2
1 2 11 7 1000 2
1 2 11 3 1000 2
1 2 12 5 1000 2
1 2 12 5 1000 2
1 2 13 6 1000 2
1 2 13 9 1000 2
1 2 14 8 1000 2
1 2 15 2 1000 2
1 2 15 7 1000 2
1 2 6 3 1000 2
1 2 8 7 1000 2
1 2 0 4 1000 2
1 2 1 9 1000 2
1 2 1 2 1000 2
1 2 2 9 1000 2
1 2 3 4 1000 2
1 2 5 8 1000 2
1 2 6 0 1000 2
1 2 6 4 1000 2
1 2 6 5 1000 2
1 2 6 3 1000 2
1 2 7 3 1000 2
1 2 8 1 1000 2
1 2 9 6 1500 2
1 2 3 1 1500 2
1 2 10 8 1500 2
1 2 10 0 1500 2
1 2 11 6 1500 2
1 2 11 5 1500 2
1 2 11 1 1500 2
1 2 11 7 1500 2
1 2 12 9 1500 2
1 2 12 2 1500 2
1 2 13 8 1500 2
1 2 14 3 1500 2
1 2 15 2 1500 2
1 2 0 5 1500 2
1 2 9 4 1500 2
1 2 1 2 1500 2
1 2 3 6 1500 2
1 2 0 8 1500 2
1 2 4 3 1500 2
1 2 6 0 1500 2
1 2 7 0 1500 2
1 2 8 2 1500 2
1 2 8 1 1500 2
1 2 8 2 1500 2
1 2 7 7 1500 2
1 2 6 0 1500 2
1 2 9 0 2000 2
1 2 15 3 2000 2
1 2 15 9 2000 2
1 2 15 8 2000 2
1 2 15 8 2000 2
1 2 14 1 2000 2
1 2 14 8 2000 2
1 2 14 4 2000 2
1 2 11 0 2000 2
1 2 10 7 2000 2
1 2 10 7 2000 2
1 2 10 9 2000 2
1 2 6 1 2000 2
1 2 6 9 2000 2
1 2 0 9 2000 2
1 2 0 8 2000 2
1 2 2 3 2000 2
1 2 2 9 2000 2
1 2 2 8 2000 2
1 2 3 7 2000 2
1 2 4 7 2000 2
1 2 4 8 2000 2
1 2 4 5 2000 2
1 2 6 1 2500 2
1 2 8 3 2500 2
1 2 8 7 2500 2
1 2 8 8 2500 2
1 2 9 0 2500 2
1 2 10 1 2500 2
1 2 11 0 2500 2
1 2 14 3 2500 2
1 2 14 8 2500 2
1 2 15 0 2500 2
1 2 15 6 2500 2
1 2 2 8 2500 2
1 2 5 9 2500 2
1 2 6 3 2500 2
1 2 0 6 2500 2
1 2 0 0 2500 2
1 2 2 2 2500 2
1 2 2 7 2500 2
1 2 2 4 2500 2
1 2 3 1 2500 2
1 2 3 1 2500 2
1 2 4 6 2500 2
1 2 2 3 2500 2
1 2 6 0 3000 2
1 2 8 0 3000 2
1 2 8 7 3000 2
1 2 9 2 3000 2
1 2 11 0 3000 2
1 2 11 1 3000 2
1 2 13 3 3000 2
1 2 13 3 3000 2
1 2 14 7 3000 2
1 2 14 3 3000 2
1 2 15 7 3000 2
1 2 6 1 3000 2
1 2 6 3 3000 2
1 2 5 0 3000 2
1 2 3 9 3000 2
1 2 2 1 3000 2
1 2 1 3 3000 2
1 2 0 1 3000 2
1 2 0 1 3000 2
1 2 0 9 3000 2
1 2 0 4 3000 2
1 2 0 2 3000 2
1 2 0 8 3000 2
1 2 8 7 3500 2
1 2 8 8 3500 2
1 2 9 2 3500 2
1 2 10 3 3500 2
1 2 11 7 3500 2
1 2 11 6 3500 2
1 2 11 0 3500 2
1 2 13 8 3500 2
1 2 13 9 3500 2
1 2 13 7 3500 2
1 2 14 5 3500 2
1 2 1 9 3500 2
1 2 8 2 3500 2
1 2 2 9 3500 2
1 2 3 6 3500 2
1 2 3 8 3500 2
1 2 5 3 3500 2
1 2 5 2 3500 2
1 2 8 4 3500 2
1 2 7 5 3500 2
1 2 7 5 3500 2
1 2 6 4 3500 2
1 2 5 8 3500 2
1 2 9 5 4000 2
1 2 15 3 4000 2
1 2 15 0 4000 2
1 2 15 6 4000 2
1 2 15 5 4000 2
1 2 14 0 4000 2
1 2 13 7 4000 2
1 2 11 4 4000 2
1 2 11 2 4000 2
1 2 10 8 4000 2
1 2 10 0 4000 2
1 2 8 3 4000 2
1 2 9 8 4000 2
1 2 0 2 4000 2
1 2 0 1 4000 2
1 2 0 3 4000 2
1 2 2 2 4000 2
1 2 2 8 4000 2
1 2 4 2 4000 2
1 2 5 3 4000 2
1 2 5 2 4000 2
1 2 7 2 4000 2
1 2 8 1 4000 2
1 2 9 3 4500 2
1 2 10 8 4500 2
1 2 10 6 4500 2
1 2 11 3 4500 2
1 2 11 0 4500 2
1 2 12 2 4500 2
1 2 13 8 4500 2
1 2 14 2 4500 2
1 2 14 0 4500 2
1 2 14 1 4500 2
1 2 15 0 4500 2
1 2 15 7 4500 2
1 2 15 3 4500 2
1 2 15 1 4500 2
1 2 9 3 4500 2
1 2 9 5 4500 2
1 2 1 0 4500 2
1 2 0 3 4500 2
1 2 2 9 4500 2
1 2 2 3 4500 2
1 2 2 6 4500 2
1 2 3 0 4500 2
1 2 5 0 4500 2
1 2 5 3 4500 2
1 2 6 1 4500 2
1 2 7 5 4500 2
1 2 8 8 4500 2
1 2 4 1 4500 2
1 2 10 6 5000 2
1 2 10 5 5000 2
1 2 11 7 5000 2
1 2 11 6 5000 2
1 2 12 2 5000 2
1 2 12 8 5000 2
1 2 13 3 5000 2
1 2 14 4 5000 2
1 2 14 3 5000 2
1 2 15 6 5000 2
1 2 15 2 5000 2
1 2 15 8 5000 2
1 2 9 4 5000 2
1 2 10 0 5000 2
1 2 0 5 5000 2
1 2 0 0 5000 2
1 2 2 8 5000 2
1 2 2 8 5000 2
1 2 3 6 5000 2
1 2 3 0 5000 2
1 2 4 0 5000 2
1 2 4 2 5000 2
1 2 5 6 5000 2
1 2 5 7 5000 2
1 2 15 7 5500 2
1 2 14 8 5500 2
1 2 14 2 5500 2
1 2 13 3 5500 2
1 2 12 1 5500 2
1 2 12 1 5500 2
1 2 11 6 5500 2
1 2 11 3 5500 2
1 2 7 5 5500 2
1 2 7 4 5500 2
1 2 6 3 5500 2
1 2 7 0 5500 2
1 2 0 6 5500 2
1 2 0 9 5500 2
1 2 1 2 5500 2
1 2 3 6 5500 2
1 2 3 4 5500 2
1 2 4 2 5500 2
1 2 5 9 5500 2
1 2 6 6 5500 2
1 2 10 3 6000 2
1 2 11 8 6000 2
1 2 11 6 6000 2
1 2 12 8 6000 2
1 2 12 6 6000 2
1 2 13 5 6000 2
1 2 14 1 6000 2
1 2 14 4 6000 2
1 2 14 9 6000 2
1 2 15 0 6000 2
1 2 15 1 6000 2
1 2 15 6 6000 2
1 2 15 4 6000 2
1 2 2 0 6000 2
1 2 9 0 6000 2
1 2 10 8 6000 2
1 2 2 9 6000 2
1 2 0 3 6000 2
1 2 3 3 6000 2
1 2 3 3 6000 2
1 2 3 2 6000 2
1 2 4 1 6000 2
1 2 4 2 6000 2
1 2 5 6 6000 2
1 2 5 6 6000 2
1 2 5 1 6000 2
1 2 6 8 6000 2
1 2 9 6 6000 2
1 2 15 0 6500 2
1 2 15 0 6500 2
1 2 15 5 6500 2
1 2 14 5 6500 2
1 2 13 8 6500 2
1 2 13 1 6500 2
1 2 10 0 6500 2
1 2 7 5 6500 2
1 2 7 0 6500 2
1 2 6 0 6500 2
1 2 6 5 6500 2
1 2 0 3 6500 2
1 2 0 6 6500 2
1 2 4 7 6500 2
1 2 4 0 6500 2
1 2 5 3 6500 2
1 2 5 2 6500 2
1 2 5 0 6500 2
1 2 9 3 7000 2
1 2 10 7 7000 2
1 2 10 8 7000 2
1 2 5 5 7000 2
1 2 10 6 7000 2
1 2 11 7 7000 2
1 2 11 8 7000 2
1 2 12 7 7000 2
1 2 12 1 7000 2
1 2 12 9 7000 2
1 2 13 1 7000 2
1 2 14 7 7000 2
1 2 15 2 7000 2
1 2 15 9 7000 2
1 2 15 6 7000 2
1 2 15 6 7000 2
1 2 6 7 7000 2
1 2 7 5 7000 2
1 2 0 7 7000 2
1 2 0 3 7000 2
1 2 1 8 7000 2
1 2 2 9 7000 2
1 2 2 1 7000 2
1 2 2 8 7000 2
1 2 3 1 7000 2
1 2 4 0 7000 2
1 2 4 8 7000 2
1 2 4 3 7000 2
1 2 4 7 7000 2
1 2 4 0 7000 2
1 2 5 1 7000 2
1 2 6 9 7000 2
1 2 7 2 7500 2
1 2 15 2 7500 2
1 2 15 1 7500 2
1 2 15 6 7500 2
1 2 14 7 7500 2
1 2 13 9 7500 2
1 2 13 4 7500 2
1 2 10 8 7500 2
1 2 9 3 7500 2
1 2 4 5 7500 2
1 2 4 6 7500 2
1 2 3 6 7500 2
1 2 3 5 7500 2
1 2 2 0 7500 2
1 2 0 4 7500 2
1 2 7 8 7500 2
1 2 0 8 7500 2
1 2 15 5 8000 2
1 2 9 0 8000 2
1 2 9 5 8000 2
1 2 9 4 8000 2
1 2 10 3 8000 2
1 2 11 2 8000 2
1 2 11 0 8000 2
1 2 12 2 8000 2
1 2 13 0 8000 2
1 2 14 8 8000 2
1 2 15 0 8000 2
1 2 15 2 8000 2
1 2 15 3 8000 2
1 2 14 6 8000 2
1 2 7 8 8000 2
1 2 7 5 8000 2
1 2 0 8 8000 2
1 2 0 3 8000 2
1 2 1 1 8000 2
1 2 2 0 8000 2
1 2 3 4 8000 2
1 2 3 5 8000 2
1 2 3 4 8000 2
1 2 4 5 8000 2
1 2 5 6 8000 2
1 2 5 5 8000 2
1 2 6 1 8000 2
1 2 6 3 8000 2
1 2 6 8 8000 2
1 2 2 0 8500 2
1 2 15 0 8500 2
1 2 15 1 8500 2
1 2 12 5 8500 2
1 2 12 8 8500 2
1 2 11 6 8500 2
1 2 8 5 8500 2
1 2 6 1 8500 2
1 2 5 3 8500 2
1 2 5 2 8500 2
1 2 3 5 8500 2
1 2 0 2 8500 2
1 2 0 7 8500 2
1 2 6 2 9000 2
1 2 10 6 9000 2
1 2 10 5 9000 2
1 2 10 8 9000 2
1 2 8 0 9000 2
1 2 7 3 9000 2
1 2 6 5 9000 2
1 2 6 8 9000 2
1 2 5 0 9000 2
1 2 4 5 9000 2
1 2 4 5 9000 2
1 2 0 1 9000 2
1 2 6 3 9000 2
1 2 8 5 9500 2
1 2 15 0 9500 2
1 2 15 5 9500 2
1 2 14 0 9500 2
1 2 14 7 9500 2
1 2 12 4 9500 2
1 2 10 8 9500 2
1 2 8 6 9500 2
1 2 7 5 9500 2
1 2 6 7 9500 2
1 2 4 3 9500 2
1 2 3 4 9500 2
1 2 3 6 9500 2
1 2 1 9 9500 2
1 2 0 1 9500 2
1 2 0 7 9500 2
1 2 0 9 9500 2
1 2 15 2 10000 2
1 2 15 7 10000 2
1 2 14 3 10000 2
1 2 14 1 10000 2
1 2 14 4 10000 2
1 2 13 0 10000 2
1 2 11 5 10000 2
1 2 3 5 10000 2
1 2 2 8 10000 2
1 2 1 2 10000 2
1 2 1 6 10000 2
1 2 0 2 10000 2
1 2 1 8 10000 2
1 2 5 0 10000 2
1 2 5 3 10500 2
1 2 14 6 10500 2
1 2 11 4 10500 2
1 2 10 9 10500 2
1 2 7 5 10500 2
1 2 7 1 10500 2
1 2 4 5 10500 2
1 2 4 2 10500 2
1 2 3 4 10500 2
1 2 3 0 10500 2
1 2 2 7 10500 2
1 2 3 3 11000 2
1 2 14 1 11000 2
1 2 13 2 11000 2
1 2 12 6 11000 2
1 2 8 7 11000 2
1 2 7 2 11000 2
1 2 7 1 11000 2
1 2 5 2 11000 2
1 2 5 0 11000 2
1 2 4 8 11000 2
1 2 4 7 11000 2
1 2 3 6 11000 2
1 2 3 1 11000 2
1 2 0 1 11000 2
1 2 7 5 11500 2
1 2 15 5 11500 2
1 2 15 1 11500 2
1 2 12 5 11500 2
1 2 10 9 11500 2
1 2 10 7 11500 2
1 2 8 2 11500 2
1 2 8 6 11500 2
1 2 6 3 11500 2
1 2 5 4 11500 2
1 2 1 6 11500 2
1 2 0 2 11500 2
1 2 0 4 11500 2
1 2 10 8 12000 2
1 2 15 1 12000 2
1 2 15 5 12000 2
1 2 15 6 12000 2
1 2 14 4 12000 2
1 2 14 1 12000 2
1 2 12 9 12000 2
1 2 11 2 12000 2
1 2 11 6 12000 2
1 2 10 1 12000 2
1 2 8 9 12000 2
1 2 7 8 12000 2
1 2 6 7 12000 2
1 2 4 3 12000 2
1 2 3 2 12000 2
1 2 3 6 12000 2
1 2 1 1 12000 2
1 2 0 2 12000 2
1 2 11 5 12500 2
1 2 11 6 12500 2
1 2 12 3 12500 2
1 2 12 5 12500 2
1 2 12 4 12500 2
1 2 14 6 12500 2
1 2 14 4 12500 2
1 2 14 3 12500 2
1 2 15 2 12500 2
1 2 15 1 12500 2
1 2 15 4 12500 2
1 2 0 3 12500 2
1 2 10 4 12500 2
1 2 11 0 12500 2
1 2 2 2 12500 2
1 2 2 2 12500 2
1 2 3 0 12500 2
1 2 4 4 12500 2
1 2 4 2 12500 2
1 2 6 9 12500 2
1 2 7 2 12500 2
1 2 8 7 12500 2
1 2 8 7 12500 2
1 2 6 7 12500 2
1 2 10 7 13000 2
1 2 10 4 13000 2
1 2 11 4 13000 2
1 2 11 0 13000 2
1 2 11 3 13000 2
1 2 11 0 13000 2
1 2 12 8 13000 2
1 2 13 8 13000 2
1 2 14 4 13000 2
1 2 14 4 13000 2
1 2 15 9 13000 2
1 2 15 6 13000 2
1 2 15 3 13000 2
1 2 15 9 13000 2
1 2 9 7 13000 2
1 2 0 6 13000 2
1 2 1 0 13000 2
1 2 2 8 13000 2
1 2 4 4 13000 2
1 2 4 1 13000 2
1 2 4 0 13000 2
1 2 5 0 13000 2
1 2 6 2 13000 2
1 2 7 3 13000 2
1 2 8 4 13000 2
1 2 9 8 13000 2
1 2 10 0 13000 2
1 2 4 2 13000 2
1 2 7 2 13500 2
1 2 7 6 13500 2
1 2 8 3 13500 2
1 2 10 2 13500 2
1 2 11 7 13500 2
1 2 11 6 13500 2
1 2 12 0 13500 2
1 2 14 5 13500 2
1 2 14 4 13500 2
1 2 15 9 13500 2
1 2 15 9 13500 2
1 2 2 8 13500 2
1 2 4 9 13500 2
1 2 6 0 13500 2
1 2 0 9 13500 2
1 2 1 8 13500 2
1 2 2 0 13500 2
1 2 0 1 13500 2
1 2 3 6 13500 2
1 2 4 8 13500 2
1 2 4 4 13500 2
1 2 4 4 13500 2
1 2 4 9 13500 2
1 2 11 1 14000 2
1 2 15 9 14000 2
1 2 15 3 14000 2
1 2 14 0 14000 2
1 2 14 5 14000 2
1 2 13 4 14000 2
1 2 11 0 14000 2
1 2 11 4 14000 2
1 2 10 7 14000 2
1 2 10 7 14000 2
1 2 10 9 14000 2
1 2 9 4 14000 2
1 2 0 0 14000 2
1 2 0 2 14000 2
1 2 1 1 14000 2
1 2 3 7 14000 2
1 2 3 2 14000 2
1 2 4 4 14000 2
1 2 4 4 14000 2
1 2 8 0 14000 2
1 2 9 3 14000 2
1 2 8 9 14000 2
1 2 11 2 14500 2
1 2 11 8 14500 2
1 2 11 4 14500 2
1 2 11 6 14500 2
1 2 10 9 14500 2
1 2 11 8 14500 2
1 2 12 4 14500 2
1 2 12 9 14500 2
1 2 13 3 14500 2
1 2 14 7 14500 2
1 2 14 7 14500 2
1 2 14 9 14500 2
1 2 14 3 14500 2
1 2 14 2 14500 2
1 2 14 4 14500 2
1 2 15 0 14500 2
1 2 11 7 14500 2
1 2 2 0 14500 2
1 2 10 6 14500 2
1 2 0 7 14500 2
1 2 3 0 14500 2
1 2 4 6 14500 2
1 2 4 1 14500 2
1 2 4 0 14500 2
1 2 6 3 14500 2
1 2 6 2 14500 2
1 2 7 5 14500 2
1 2 9 5 14500 2
1 2 9 1 14500 2
1 2 9 4 14500 2
1 2 8 2 14500 2
1 2 6 9 14500 2
1 2 8 0 14500 2
1 2 9 6 14500 2
1 2 8 7 15000 2
1 2 15 0 15000 2
1 2 15 9 15000 2
1 2 15 0 15000 2
1 2 15 5 15000 2
1 2 14 4 15000 2
1 2 13 3 15000 2
1 2 11 7 15000 2
1 2 11 3 15000 2
1 2 11 7 15000 2
1 2 11 7 15000 2
1 2 10 4 15000 2
1 2 10 8 15000 2
1 2 8 5 15000 2
1 2 8 2 15000 2
1 2 0 4 15000 2
1 2 0 0 15000 2
1 2 0 0 15000 2
1 2 2 8 15000 2
1 2 4 7 15000 2
1 2 4 6 15000 2
1 2 4 9 15000 2
1 2 4 7 15000 2
1 2 5 4 15000 2
1 2 6 0 15000 2
1 2 7 8 15000 2
1 2 9 3 15500 2
1 2 9 0 15500 2
1 2 10 9 15500 2
1 2 10 9 15500 2
1 2 10 7 15500 2
1 2 10 5 15500 2
1 2 10 7 15500 2
1 2 11 5 15500 2
1 2 11 0 15500 2
1 2 12 4 15500 2
1 2 12 8 15500 2
1 2 13 5 15500 2
1 2 4 4 15500 2
1 2 14 6 15500 2
1 2 14 7 15500 2
1 2 15 2 15500 2
1 2 15 0 15500 2
1 2 15 4 15500 2
1 2 8 1 15500 2
1 2 8 0 15500 2
1 2 0 6 15500 2
1 2 2 8 15500 2
1 2 3 7 15500 2
1 2 3 0 15500 2
1 2 3 8 15500 2
1 2 4 7 15500 2
1 2 4 6 15500 2
1 2 4 6 15500 2
1 2 6 0 15500 2
1 2 6 4 15500 2
1 2 6 7 15500 2
1 2 6 5 15500 2
1 2 8 5 15500 2
1 2 8 6 15500 2
1 2 8 4 15500 2
1 2 6 6 15500 2
1 2 9 8 16000 2
1 2 9 3 16000 2
1 2 10 4 16000 2
1 2 11 2 16000 2
1 2 11 7 16000 2
1 2 11 7 16000 2
1 2 11 3 16000 2
1 2 11 0 16000 2
1 2 11 0 16000 2
1 2 13 6 16000 2
1 2 14 0 16000 2
1 2 15 2 16000 2
1 2 15 9 16000 2
1 2 15 2 16000 2
1 2 8 1 16000 2
1 2 0 5 16000 2
1 2 2 0 16000 2
1 2 2 8 16000 2
1 2 3 7 16000 2
1 2 3 0 16000 2
1 2 3 3 16000 2
1 2 4 5 16000 2
1 2 4 4 16000 2
1 2 4 8 16000 2
1 2 7 5 16000 2
1 2 8 5 16000 2
1 2 8 7 16000 2
1 2 15 0 16500 2
1 2 15 1 16500 2
1 2 14 0 16500 2
1 2 13 5 16500 2
1 2 13 1 16500 2
1 2 12 4 16500 2
1 2 8 9 16500 2
1 2 8 2 16500 2
1 2 4 9 16500 2
1 2 8 9 16500 2
1 2 0 7 16500 2
1 2 1 9 16500 2
1 2 2 8 16500 2
1 2 2 1 16500 2
1 2 3 3 16500 2
1 2 3 3 16500 2
1 2 9 3 17000 2
1 2 14 8 17000 2
1 2 14 9 17000 2
1 2 13 1 17000 2
1 2 13 4 17000 2
1 2 13 6 17000 2
1 2 13 5 17000 2
1 2 12 6 17000 2
1 2 11 0 17000 2
1 2 8 9 17000 2
1 2 7 2 17000 2
1 2 6 3 17000 2
1 2 6 4 17000 2
1 2 5 6 17000 2
1 2 4 6 17000 2
1 2 3 8 17000 2
1 2 3 8 17000 2
1 2 3 9 17000 2
1 2 0 3 17000 2
1 2 9 9 17500 2
1 2 10 4 17500 2
1 2 11 8 17500 2
1 2 11 2 17500 2
1 2 12 9 17500 2
1 2 14 5 17500 2
1 2 14 9 17500 2
1 2 14 2 17500 2
1 2 0 7 17500 2
1 2 8 9 17500 2
1 2 7 4 17500 2
1 2 6 4 17500 2
1 2 5 4 17500 2
1 2 4 8 17500 2
1 2 3 8 17500 2
1 2 3 8 17500 2
1 2 8 0 17500 2
1 2 11 2 18000 2
1 2 12 5 18000 2
1 2 12 4 18000 2
1 2 12 8 18000 2
1 2 12 6 18000 2
1 2 13 4 18000 2
1 2 13 5 18000 2
1 2 14 1 18000 2
1 2 14 9 18000 2
1 2 15 7 18000 2
1 2 8 7 18000 2
1 2 8 7 18000 2
1 2 8 1 18000 2
1 2 7 5 18000 2
1 2 4 1 18000 2
1 2 4 3 18000 2
1 2 3 3 18000 2
1 2 3 7 18000 2
1 2 9 7 18000 2
1 2 15 1 18500 2
1 2 15 3 18500 2
1 2 14 1 18500 2
1 2 12 5 18500 2
1 2 11 2 18500 2
1 2 11 6 18500 2
1 2 10 0 18500 2
1 2 8 2 18500 2
1 2 8 1 18500 2
1 2 6 7 18500 2
1 2 5 9 18500 2
1 2 4 7 18500 2
1 2 3 4 18500 2
1 2 0 6 18500 2
1 2 9 7 18500 2
1 2 9 3 19000 2
1 2 15 3 19000 2
1 2 15 9 19000 2
1 2 15 8 19000 2
1 2 14 9 19000 2
1 2 13 6 19000 2
1 2 11 9 19000 2
1 2 8 6 19000 2
1 2 8 2 19000 2
1 2 8 4 19000 2
1 2 8 0 19000 2
1 2 7 8 19000 2
1 2 1 5 19000 2
1 2 0 6 19000 2
1 2 15 8 19500 2
1 2 13 1 19500 2
1 2 13 2 19500 2
1 2 11 1 19500 2
1 2 9 3 19500 2
1 2 8 7 19500 2
1 2 8 0 19500 2
1 2 8 4 19500 2
1 2 8 7 19500 2
1 2 7 5 19500 2
1 2 7 8 19500 2
1 2 0 8 19500 2
1 2 0 5 19500 2
1 2 1 7 19500 2
1 2 1 4 19500 2
1 2 2 3 19500 2
1 2 2 2 19500 2
1 2 2 6 19500 2
1 2 3 4 19500 2
1 2 15 0 20000 2
1 2 15 8 20000 2
1 2 14 0 20000 2
1 2 14 2 20000 2
1 2 11 4 20000 2
1 2 11 4 20000 2
1 2 11 7 20000 2
1 2 11 3 20000 2
1 2 8 1 20000 2
1 2 8 9 20000 2
1 2 0 6 20000 2
1 2 8 4 20000 2
1 2 1 4 20000 2
1 2 2 9 20000 2
1 2 4 0 20000 2
1 2 5 6 20000 2
1 2 6 2 20000 2
1 2 6 1 20000 2
1 2 6 0 20000 2
1 2 8 9 20000 2
1 2 7 1 20500 2
1 2 15 3 20500 2
1 2 15 1 20500 2
1 2 15 9 20500 2
1 2 12 6 20500 2
1 2 11 7 20500 2
1 2 10 1 20500 2
1 2 8 5 20500 2
1 2 7 5 20500 2
1 2 6 9 20500 2
1 2 6 4 20500 2
1 2 6 3 20500 2
1 2 5 4 20500 2
1 2 5 3 20500 2
1 2 3 5 20500 2
1 2 0 1 20500 2
1 2 7 9 20500 2
1 2 7 7 21000 2
1 2 7 6 21000 2
1 2 9 2 21000 2
1 2 9 0 21000 2
1 2 10 1 21000 2
1 2 13 8 21000 2
1 2 13 9 21000 2
1 2 14 3 21000 2
1 2 15 6 21000 2
1 2 15 9 21000 2
1 2 15 7 21000 2
1 2 0 0 21000 2
1 2 5 8 21000 2
1 2 6 5 21000 2
1 2 0 2 21000 2
1 2 0 1 21000 2
1 2 1 3 21000 2
1 2 1 9 21000 2
1 2 1 7 21000 2
1 2 3 6 21000 2
1 2 3 1 21000 2
1 2 3 9 21000 2
1 2 4 7 21000 2
1 2 5 8 21000 2
1 2 14 8 21500 2
1 2 15 7 21500 2
1 2 14 1 21500 2
1 2 14 8 21500 2
1 2 12 2 21500 2
1 2 12 1 21500 2
1 2 11 1 21500 2
1 2 10 0 21500 2
1 2 10 9 21500 2
1 2 8 2 21500 2
1 2 7 7 21500 2
1 2 3 7 21500 2
1 2 6 5 21500 2
1 2 2 1 21500 2
1 2 3 0 21500 2
1 2 1 5 21500 2
1 2 3 4 21500 2
1 2 4 2 21500 2
1 2 5 9 21500 2
1 2 5 7 21500 2
1 2 5 0 21500 2
1 2 5 1 21500 2
1 2 10 7 22000 2
1 2 15 7 22000 2
1 2 14 9 22000 2
1 2 12 2 22000 2
1 2 12 7 22000 2
1 2 12 8 22000 2
1 2 11 5 22000 2
1 2 9 5 22000 2
1 2 7 9 22000 2
1 2 6 4 22000 2
1 2 6 2 22000 2
1 2 6 2 22000 2
1 2 1 0 22000 2
1 2 0 0 22000 2
1 2 9 6 22000 2
1 2 9 8 22500 2
1 2 9 1 22500 2
1 2 9 0 22500 2
1 2 10 1 22500 2
1 2 11 5 22500 2
1 2 12 1 22500 2
1 2 12 4 22500 2
1 2 13 2 22500 2
1 2 15 8 22500 2
1 2 15 8 22500 2
1 2 15 9 22500 2
1 2 3 3 22500 2
1 2 8 7 22500 2
1 2 8 3 22500 2
1 2 1 6 22500 2
1 2 2 9 22500 2
1 2 0 7 22500 2
1 2 3 5 22500 2
1 2 4 7 22500 2
1 2 6 3 22500 2
1 2 6 9 22500 2
1 2 7 3 22500 2
1 2 7 4 22500 2
1 2 7 2 22500 2
1 2 5 3 23000 2
1 2 5 8 23000 2
1 2 6 9 23000 2
1 2 9 1 23000 2
1 2 9 9 23000 2
1 2 9 1 23000 2
1 2 10 1 23000 2
1 2 11 8 23000 2
1 2 12 3 23000 2
1 2 14 4 23000 2
1 2 14 3 23000 2
1 2 15 2 23000 2
1 2 4 6 23000 2
1 2 0 9 23000 2
1 2 0 5 23000 2
1 2 0 0 23000 2
1 2 0 3 23000 2
1 2 2 7 23000 2
1 2 2 2 23000 2
1 2 2 0 23000 2
1 2 2 4 23000 2
1 2 3 1 23000 2
1 2 5 6 23000 2
1 2 13 8 23500 2
1 2 15 6 23500 2
1 2 15 1 23500 2
1 2 15 4 23500 2
1 2 14 9 23500 2
1 2 12 1 23500 2
1 2 11 2 23500 2
1 2 7 4 23500 2
1 2 7 8 23500 2
1 2 5 4 23500 2
1 2 7 5 23500 2
1 2 0 2 23500 2
1 2 0 2 23500 2
1 2 2 6 23500 2
1 2 3 2 23500 2
1 2 0 8 23500 2
1 2 4 4 23500 2
1 2 5 1 23500 2
1 2 5 6 23500 2
1 2 7 3 24000 2
1 2 8 4 24000 2
1 2 8 6 24000 2
1 2 9 1 24000 2
1 2 12 6 24000 2
1 2 12 1 24000 2
1 2 13 5 24000 2
1 2 14 9 24000 2
1 2 14 4 24000 2
1 2 15 6 24000 2
1 2 15 5 24000 2
1 2 15 3 24000 2
1 2 15 9 24000 2
1 2 3 1 24000 2
1 2 0 8 24000 2
1 2 1 6 24000 2
1 2 3 6 24000 2
1 2 4 7 24000 2
1 2 4 9 24000 2
1 2 5 8 24000 2
1 2 5 3 24000 2
1 2 6 7 24000 2
1 2 6 1 24000 2
1 2 7 0 24000 2
1 2 7 4 24000 2
1 2 7 8 24000 2
1 2 7 3 24500 2
1 2 8 0 24500 2
1 2 10 1 24500 2
1 2 10 4 24500 2
1 2 11 1 24500 2
1 2 11 0 24500 2
1 2 11 6 24500 2
1 2 12 0 24500 2
1 2 12 6 24500 2
1 2 12 4 24500 2
1 2 13 4 24500 2
1 2 14 4 24500 2
1 2 14 9 24500 2
1 2 12 6 24500 2
1 2 7 2 24500 2
1 2 7 9 24500 2
1 2 0 1 24500 2
1 2 0 5 24500 2
1 2 0 6 24500 2
1 2 1 8 24500 2
1 2 2 8 24500 2
1 2 2 5 24500 2
1 2 4 4 24500 2
1 2 4 0 24500 2
1 2 5 9 24500 2
1 2 5 3 24500 2
1 2 5 7 24500 2
1 2 6 7 24500 2
1 2 3 2 24500 2
1 2 6 7 25000 2
1 2 6 3 25000 2
1 2 8 8 25000 2
1 2 8 7 25000 2
1 2 9 5 25000 2
1 2 10 6 25000 2
1 2 11 7 25000 2
1 2 12 4 25000 2
1 2 13 3 25000 2
1 2 15 8 25000 2
1 2 6 1 25000 2
1 2 6 4 25000 2
1 2 0 5 25000 2
1 2 0 6 25000 2
1 2 0 8 25000 2
1 2 1 4 25000 2
1 2 4 9 25000 2
1 2 4 6 25000 2
1 2 5 9 25000 2
1 2 5 5 25000 2
1 2 15 2 25500 2
1 2 15 6 25500 2
1 2 14 5 25500 2
1 2 12 3 25500 2
1 2 11 9 25500 2
1 2 10 7 25500 2
1 2 9 9 25500 2
1 2 9 6 25500 2
1 2 8 9 25500 2
1 2 8 3 25500 2
1 2 7 0 25500 2
1 2 6 2 25500 2
1 2 5 9 25500 2
1 2 5 0 25500 2
1 2 4 6 25500 2
1 2 4 3 25500 2
1 2 3 3 25500 2
1 2 2 6 25500 2
1 2 1 7 25500 2
1 2 0 6 25500 2
1 2 6 4 25500 2
1 2 8 4 26000 2
1 2 9 7 26000 2
1 2 10 3 26000 2
1 2 10 3 26000 2
1 2 11 9 26000 2
1 2 11 7 26000 2
1 2 11 0 26000 2
1 2 14 5 26000 2
1 2 15 2 26000 2
1 2 8 7 26000 2
1 2 7 9 26000 2
1 2 7 9 26000 2
1 2 0 8 26000 2
1 2 1 4 26000 2
1 2 1 9 26000 2
1 2 3 4 26000 2
1 2 5 7 26000 2
1 2 5 8 26000 2
1 2 6 8 26000 2
1 2 0 5 26000 2
1 2 3 9 26000 2
1 2 8 9 26500 2
1 2 8 4 26500 2
1 2 8 9 26500 2
1 2 9 6 26500 2
1 2 10 5 26500 2
1 2 10 2 26500 2
1 2 12 6 26500 2
1 2 12 0 26500 2
1 2 13 5 26500 2
1 2 14 8 26500 2
1 2 14 6 26500 2
1 2 13 9 26500 2
1 2 0 3 26500 2
1 2 5 3 26500 2
1 2 0 6 26500 2
1 2 0 8 26500 2
1 2 2 8 26500 2
1 2 2 6 26500 2
1 2 3 7 26500 2
1 2 4 2 26500 2
1 2 4 0 26500 2
1 2 4 8 26500 2
1 2 5 8 26500 2
1 2 5 8 26500 2
1 2 9 1 27000 2
1 2 15 1 27000 2
1 2 15 5 27000 2
1 2 14 6 27000 2
1 2 13 1 27000 2
1 2 11 9 27000 2
1 2 11 4 27000 2
1 2 11 4 27000 2
1 2 10 8 27000 2
1 2 5 1 27000 2
1 2 3 4 27000 2
1 2 3 9 27000 2
1 2 2 2 27000 2
1 2 2 0 27000 2
1 2 0 6 27000 2
1 2 0 3 27000 2
1 2 6 3 27000 2
1 2 7 5 27500 2
1 2 7 2 27500 2
1 2 8 9 27500 2
1 2 8 7 27500 2
1 2 8 5 27500 2
1 2 8 8 27500 2
1 2 10 6 27500 2
1 2 12 5 27500 2
1 2 12 5 27500 2
1 2 12 5 27500 2
1 2 13 1 27500 2
1 2 5 7 27500 2
1 2 6 0 27500 2
1 2 6 1 27500 2
1 2 2 8 27500 2
1 2 2 6 27500 2
1 2 3 7 27500 2
1 2 3 7 27500 2
1 2 4 9 27500 2
1 2 4 6 27500 2
1 2 5 8 27500 2
1 2 0 1 27500 2
1 2 5 6 27500 2
1 2 4 7 28000 2
1 2 13 3 28000 2
1 2 11 7 28000 2
1 2 10 5 28000 2
1 2 9 2 28000 2
1 2 8 2 28000 2
1 2 7 8 28000 2
1 2 6 8 28000 2
1 2 6 1 28000 2
1 2 4 8 28000 2
1 2 3 4 28000 2
1 2 3 9 28000 2
1 2 3 9 28000 2
1 2 0 8 28000 2
1 2 0 4 28000 2
1 2 5 5 28500 2
1 2 15 3 28500 2
1 2 14 1 28500 2
1 2 14 1 28500 2
1 2 12 5 28500 2
1 2 12 4 28500 2
1 2 11 6 28500 2
1 2 11 0 28500 2
1 2 10 6 28500 2
1 2 8 0 28500 2
1 2 7 2 28500 2
1 2 7 6 28500 2
1 2 6 6 28500 2
1 2 5 0 28500 2
1 2 4 8 28500 2
1 2 4 6 28500 2
1 2 8 7 28500 2
1 2 9 3 29000 2
1 2 10 7 29000 2
1 2 11 1 29000 2
1 2 11 3 29000 2
1 2 12 3 29000 2
1 2 12 1 29000 2
1 2 6 3 29000 2
1 2 13 6 29000 2
1 2 13 4 29000 2
1 2 13 5 29000 2
1 2 14 7 29000 2
1 2 14 6 29000 2
1 2 15 2 29000 2
1 2 7 3 29000 2
1 2 9 1 29000 2
1 2 2 8 29000 2
1 2 2 4 29000 2
1 2 3 8 29000 2
1 2 4 4 29000 2
1 2 4 3 29000 2
1 2 6 0 29000 2
1 2 7 4 29000 2
1 2 7 4 29000 2
1 2 7 0 29000 2
1 2 5 5 29000 2
1 2 11 1 29500 2
1 2 13 3 29500 2
1 2 12 0 29500 2
1 2 11 0 29500 2
1 2 7 2 29500 2
1 2 6 4 29500 2
1 2 4 5 29500 2
1 2 4 8 29500 2
1 2 4 4 29500 2
1 2 3 1 29500 2
1 2 3 4 29500 2
1 2 1 3 29500 2
1 2 5 0 30000 2
1 2 14 3 30000 2
1 2 14 1 30000 2
1 2 12 3 30000 2
1 2 12 2 30000 2
1 2 12 7 30000 2
1 2 11 5 30000 2
1 2 10 8 30000 2
1 2 10 3 30000 2
1 2 7 3 30000 2
1 2 5 4 30000 2
1 2 4 7 30000 2
1 2 2 2 30000 2
1 2 2 1 30000 2
1 2 1 9 30000 2
1 2 0 3 30000 2
1 2 7 8 30000 2
1 2 6 9 30500 2
1 2 10 8 30500 2
1 2 11 7 30500 2
1 2 11 0 30500 2
1 2 12 1 30500 2
1 2 12 5 30500 2
1 2 13 4 30500 2
1 2 13 3 30500 2
1 2 14 3 30500 2
1 2 14 1 30500 2
1 2 14 2 30500 2
1 2 15 2 30500 2
1 2 4 3 30500 2
1 2 4 9 30500 2
1 2 0 4 30500 2
1 2 0 0 30500 2
1 2 0 0 30500 2
1 2 2 3 30500 2
1 2 2 0 30500 2
1 2 3 4 30500 2
1 2 3 1 30500 2
1 2 4 3 30500 2
1 2 4 4 30500 2
1 2 3 7 30500 2
1 2 6 0 31000 2
1 2 9 6 31000 2
1 2 9 7 31000 2
1 2 10 8 31000 2
1 2 12 4 31000 2
1 2 12 1 31000 2
1 2 12 6 31000 2
1 2 12 7 31000 2
1 2 12 6 31000 2
1 2 13 7 31000 2
1 2 14 0 31000 2
1 2 14 3 31000 2
1 2 14 4 31000 2
1 2 6 8 31000 2
1 2 6 2 31000 2
1 2 0 8 31000 2
1 2 1 0 31000 2
1 2 2 8 31000 2
1 2 2 6 31000 2
1 2 2 7 31000 2
1 2 3 4 31000 2
1 2 4 1 31000 2
1 2 4 2 31000 2
1 2 4 3 31000 2
1 2 4 6 31000 2
1 2 4 9 31000 2
1 2 5 8 31000 2
1 2 7 0 31500 2
1 2 8 8 31500 2
1 2 10 3 31500 2
1 2 10 8 31500 2
1 2 11 4 31500 2
1 2 11 6 31500 2
1 2 12 8 31500 2
1 2 12 0 31500 2
1 2 12 0 31500 2
1 2 12 5 31500 2
1 2 14 7 31500 2
1 2 14 5 31500 2
1 2 15 7 31500 2
1 2 0 2 31500 2
1 2 7 5 31500 2
1 2 7 2 31500 2
1 2 1 3 31500 2
1 2 2 8 31500 2
1 2 2 1 31500 2
1 2 3 4 31500 2
1 2 4 9 31500 2
1 2 4 8 31500 2
1 2 4 7 31500 2
1 2 4 6 31500 2
1 2 5 3 31500 2
1 2 5 8 31500 2
1 2 6 5 31500 2
1 2 4 4 31500 2
1 2 6 9 32000 2
1 2 7 9 32000 2
1 2 7 5 32000 2
1 2 7 2 32000 2
1 2 8 0 32000 2
1 2 10 8 32000 2
1 2 11 6 32000 2
1 2 12 3 32000 2
1 2 12 8 32000 2
1 2 14 3 32000 2
1 2 6 6 32000 2
1 2 6 2 32000 2
1 2 1 3 32000 2
1 2 1 6 32000 2
1 2 2 3 32000 2
1 2 2 6 32000 2
1 2 2 6 32000 2
1 2 4 0 32000 2
1 2 4 6 32000 2
1 2 4 2 32000 2
1 2 6 4 32000 2
1 2 15 1 32500 2
1 2 15 2 32500 2
1 2 15 6 32500 2
1 2 14 7 32500 2
1 2 13 3 32500 2
1 2 13 0 32500 2
1 2 12 5 32500 2
1 2 11 4 32500 2
1 2 11 9 32500 2
1 2 9 3 32500 2
1 2 8 7 32500 2
1 2 7 5 32500 2
1 2 5 4 32500 2
1 2 4 0 32500 2
1 2 2 2 32500 2
1 2 1 0 32500 2
1 2 2 1 32500 2
1 2 11 2 32500 2
1 2 9 2 33000 2
1 2 12 4 33000 2
1 2 9 5 33000 2
1 2 10 5 33000 2
1 2 10 1 33000 2
1 2 11 4 33000 2
1 2 11 3 33000 2
1 2 11 0 33000 2
1 2 13 3 33000 2
1 2 14 8 33000 2
1 2 15 2 33000 2
1 2 15 5 33000 2
1 2 8 3 33000 2
1 2 9 6 33000 2
1 2 0 5 33000 2
1 2 1 2 33000 2
1 2 2 9 33000 2
1 2 3 1 33000 2
1 2 4 5 33000 2
1 2 4 2 33000 2
1 2 7 4 33000 2
1 2 7 9 33000 2
1 2 8 4 33000 2
1 2 8 1 33000 2
1 2 8 2 33000 2
1 2 12 8 33500 2
1 2 12 6 33500 2
1 2 11 5 33500 2
1 2 11 9 33500 2
1 2 8 1 33500 2
1 2 8 4 33500 2
1 2 5 7 33500 2
1 2 7 5 33500 2
1 2 5 5 33500 2
1 2 4 2 33500 2
1 2 4 0 33500 2
1 2 4 3 33500 2
1 2 3 4 33500 2
1 2 1 2 33500 2
1 2 0 8 33500 2
1 2 5 5 33500 2
1 2 12 5 34000 2
1 2 12 3 34000 2
1 2 13 4 34000 2
1 2 13 3 34000 2
1 2 13 9 34000 2
1 2 15 2 34000 2
1 2 15 6 34000 2
1 2 15 4 34000 2
1 2 4 1 34000 2
1 2 7 2 34000 2
1 2 4 8 34000 2
1 2 2 4 34000 2
1 2 2 5 34000 2
1 2 1 1 34000 2
1 2 1 0 34000 2
1 2 0 4 34000 2
1 2 0 1 34000 2
1 2 10 6 34500 2
1 2 9 0 34500 2
1 2 11 2 34500 2
1 2 11 4 34500 2
1 2 11 6 34500 2
1 2 11 2 34500 2
1 2 15 9 34500 2
1 2 15 1 34500 2
1 2 15 7 34500 2
1 2 15 8 34500 2
1 2 15 9 34500 2
1 2 15 2 34500 2
1 2 9 5 34500 2
1 2 0 9 34500 2
1 2 1 2 34500 2
1 2 1 1 34500 2
1 2 3 3 34500 2
1 2 4 1 34500 2
1 2 4 0 34500 2
1 2 5 5 34500 2
1 2 5 4 34500 2
1 2 7 1 34500 2
1 2 7 4 34500 2
1 2 8 5 34500 2
1 2 8 4 34500 2
1 2 11 4 35000 2
1 2 11 0 35000 2
1 2 12 6 35000 2
1 2 12 5 35000 2
1 2 14 3 35000 2
1 2 14 4 35000 2
1 2 15 5 35000 2
1 2 15 9 35000 2
1 2 15 5 35000 2
1 2 13 5 35000 2
1 2 9 5 35000 2
1 2 9 7 35000 2
1 2 8 7 35000 2
1 2 0 8 35000 2
1 2 8 2 35000 2
1 2 6 4 35000 2
1 2 5 5 35000 2
1 2 4 3 35000 2
1 2 4 0 35000 2
1 2 10 9 35000 2
1 2 11 0 35500 2
1 2 12 5 35500 2
1 2 11 9 35500 2
1 2 11 7 35500 2
1 2 11 2 35500 2
1 2 12 9 35500 2
1 2 13 4 35500 2
1 2 13 7 35500 2
1 2 15 9 35500 2
1 2 15 5 35500 2
1 2 10 4 35500 2
1 2 10 9 35500 2
1 2 3 1 35500 2
1 2 4 1 35500 2
1 2 4 2 35500 2
1 2 5 9 35500 2
1 2 6 0 35500 2
1 2 7 9 35500 2
1 2 8 9 35500 2
1 2 9 8 35500 2
1 2 15 1 36000 2
1 2 15 8 36000 2
1 2 13 2 36000 2
1 2 13 6 36000 2
1 2 12 0 36000 2
1 2 5 7 36000 2
1 2 11 9 36000 2
1 2 11 5 36000 2
1 2 10 9 36000 2
1 2 7 8 36000 2
1 2 7 0 36000 2
1 2 5 1 36000 2
1 2 4 8 36000 2
1 2 3 1 36000 2
1 2 2 8 36000 2
1 2 2 2 36000 2
1 2 7 2 36500 2
1 2 8 3 36500 2
1 2 9 0 36500 2
1 2 7 0 36500 2
1 2 9 5 36500 2
1 2 10 0 36500 2
1 2 10 8 36500 2
1 2 12 6 36500 2
1 2 13 2 36500 2
1 2 15 9 36500 2
1 2 11 7 36500 2
1 2 5 9 36500 2
1 2 6 3 36500 2
1 2 0 5 36500 2
1 2 0 5 36500 2
1 2 1 5 36500 2
1 2 3 3 36500 2
1 2 3 1 36500 2
1 2 4 8 36500 2
1 2 4 8 36500 2
1 2 5 4 36500 2
1 2 3 8 36500 2
1 2 7 5 37000 2
1 2 9 3 37000 2
1 2 8 9 37000 2
1 2 8 7 37000 2
1 2 9 6 37000 2
1 2 11 6 37000 2
1 2 11 5 37000 2
1 2 11 7 37000 2
1 2 13 6 37000 2
1 2 13 1 37000 2
1 2 14 2 37000 2
1 2 14 7 37000 2
1 2 15 4 37000 2
1 2 15 0 37000 2
1 2 6 5 37000 2
1 2 0 6 37000 2
1 2 1 9 37000 2
1 2 1 7 37000 2
1 2 2 5 37000 2
1 2 2 9 37000 2
1 2 2 6 37000 2
1 2 3 6 37000 2
1 2 4 1 37000 2
1 2 4 9 37000 2
1 2 4 8 37000 2
1 2 3 0 37000 2
1 2 6 0 37000 2
1 2 6 4 37000 2
1 2 6 9 37000 2
1 2 11 3 37500 2
1 2 11 9 37500 2
1 2 11 0 37500 2
1 2 12 5 37500 2
1 2 12 6 37500 2
1 2 12 5 37500 2
1 2 14 8 37500 2
1 2 15 4 37500 2
1 2 15 6 37500 2
1 2 15 2 37500 2
1 2 15 0 37500 2
1 2 12 2 37500 2
1 2 8 0 37500 2
1 2 9 8 37500 2
1 2 0 2 37500 2
1 2 2 5 37500 2
1 2 2 0 37500 2
1 2 3 9 37500 2
1 2 3 1 37500 2
1 2 5 5 37500 2
1 2 5 3 37500 2
1 2 6 3 37500 2
1 2 6 1 37500 2
1 2 7 5 37500 2
1 2 4 2 37500 2
1 2 7 5 38000 2
1 2 8 4 38000 2
1 2 8 9 38000 2
1 2 8 1 38000 2
1 2 10 3 38000 2
1 2 11 4 38000 2
1 2 11 6 38000 2
1 2 12 4 38000 2
1 2 13 2 38000 2
1 2 15 6 38000 2
1 2 15 2 38000 2
1 2 6 1 38000 2
1 2 6 8 38000 2
1 2 1 9 38000 2
1 2 1 9 38000 2
1 2 2 0 38000 2
1 2 2 8 38000 2
1 2 2 2 38000 2
1 2 2 6 38000 2
1 2 3 4 38000 2
1 2 3 9 38000 2
1 2 4 5 38000 2
1 2 5 6 38000 2
1 2 7 5 38500 2
1 2 7 9 38500 2
1 2 8 3 38500 2
1 2 8 0 38500 2
1 2 8 8 38500 2
1 2 8 8 38500 2
1 2 9 1 38500 2
1 2 10 7 38500 2
1 2 10 4 38500 2
1 2 11 6 38500 2
1 2 12 7 38500 2
1 2 12 8 38500 2
1 2 12 6 38500 2
1 2 13 2 38500 2
1 2 13 3 38500 2
1 2 14 5 38500 2
1 2 14 3 38500 2
1 2 15 6 38500 2
1 2 15 6 38500 2
1 2 6 0 38500 2
1 2 7 7 38500 2
1 2 0 6 38500 2
1 2 0 1 38500 2
1 2 1 9 38500 2
1 2 1 9 38500 2
1 2 2 1 38500 2
1 2 2 4 38500 2
1 2 3 3 38500 2
1 2 3 9 38500 2
1 2 3 1 38500 2
1 2 4 8 38500 2
1 2 4 6 38500 2
1 2 6 1 38500 2
1 2 6 2 38500 2
1 2 6 0 38500 2
1 2 5 3 38500 2
1 2 5 8 38500 2
1 2 4 6 38500 2
1 2 4 2 38500 2
1 2 10 9 39000 2
1 2 10 7 39000 2
1 2 10 5 39000 2
1 2 10 9 39000 2
1 2 11 0 39000 2
1 2 11 8 39000 2
1 2 11 7 39000 2
1 2 11 4 39000 2
1 2 12 7 39000 2
1 2 12 3 39000 2
1 2 12 6 39000 2
1 2 13 9 39000 2
1 2 13 4 39000 2
1 2 14 1 39000 2
1 2 15 8 39000 2
1 2 15 1 39000 2
1 2 15 0 39000 2
1 2 6 0 39000 2
1 2 8 8 39000 2
1 2 0 5 39000 2
1 2 0 3 39000 2
1 2 0 5 39000 2
1 2 1 3 39000 2
1 2 2 5 39000 2
1 2 2 3 39000 2
1 2 2 3 39000 2
1 2 2 1 39000 2
1 2 3 2 39000 2
1 2 4 7 39000 2
1 2 5 7 39000 2
1 2 3 8 39000 2
1 2 6 3 39000 2
1 2 6 7 39000 2
1 2 7 6 39000 2
1 2 9 4 39000 2
1 2 8 5 39500 2
1 2 10 1 39500 2
1 2 10 1 39500 2
1 2 10 9 39500 2
1 2 11 2 39500 2
1 2 12 0 39500 2
1 2 12 5 39500 2
1 2 13 5 39500 2
1 2 15 0 39500 2
1 2 1 9 39500 2
1 2 7 4 39500 2
1 2 7 3 39500 2
1 2 1 7 39500 2
1 2 2 8 39500 2
1 2 2 6 39500 2
1 2 3 8 39500 2
1 2 6 0 39500 2
1 2 7 9 39500 2
1 2 7 8 39500 2
1 2 7 1 39500 2
1 2 8 9 40000 2
1 2 15 9 40000 2
1 2 8 7 40000 2
1 2 8 9 40000 2
1 2 8 8 40000 2
1 2 8 9 40000 2
1 2 9 6 40000 2
1 2 9 6 40000 2
1 2 10 0 40000 2
1 2 10 3 40000 2
1 2 11 0 40000 2
1 2 11 7 40000 2
1 2 11 9 40000 2
1 2 11 3 40000 2
1 2 11 4 40000 2
1 2 13 5 40000 2
1 2 13 5 40000 2
1 2 3 7 40000 2
1 2 0 1 40000 2
1 2 0 5 40000 2
1 2 0 9 40000 2
1 2 1 5 40000 2
1 2 1 8 40000 2
1 2 2 8 40000 2
1 2 2 2 40000 2
1 2 3 7 40000 2
1 2 7 3 40000 2
1 2 4 6 40000 2
1 2 4 7 40000 2
1 2 4 2 40000 2
1 2 5 4 40000 2
1 2 5 7 40000 2
1 2 6 0 40000 2
1 2 6 8 40000 2
1 2 6 5 40000 2
