1 2 0 8 500 2
1 2 0 3 500 2
1 2 15 9 500 2
1 2 15 7 500 2
1 2 15 0 500 2
1 2 14 8 500 2
1 2 11 7 500 2
1 2 11 8 500 2
1 2 11 9 500 2
1 2 9 2 500 2
1 2 9 2 500 2
1 2 8 7 500 2
1 2 7 2 500 2
1 2 8 6 500 2
1 2 3 8 500 2
1 2 4 1 500 2
1 2 4 2 500 2
1 2 5 9 500 2
1 2 5 3 500 2
1 2 5 9 500 2
1 2 6 8 500 2
1 2 6 0 500 2
1 2 7 8 500 2
1 2 6 0 1000 2
1 2 7 6 1000 2
1 2 7 2 1000 2
1 2 8 7 1000 2
1 2 8 2 1000 2
1 2 9 2 1000 2
1 2 10 9 1000 2
1 2 10 9 1000 2
1 2 10 9 1000 2
1 2 11 9 1000 2
1 2 12 5 1000 2
1 2 12 5 1000 2
1 2 13 0 1000 2
1 2 14 5 1000 2
1 2 14 1 1000 2
1 2 15 9 1000 2
1 2 4 7 1000 2
1 2 6 8 1000 2
1 2 0 3 1000 2
1 2 0 5 1000 2
1 2 0 5 1000 2
1 2 1 0 1000 2
1 2 1 2 1000 2
1 2 2 8 1000 2
1 2 2 3 1000 2
1 2 2 6 1000 2
1 2 3 7 1000 2
1 2 4 9 1000 2
1 2 3 7 1000 2
1 2 4 0 1000 2
1 2 5 7 1000 2
1 2 6 3 1000 2
1 2 6 7 1000 2
1 2 7 7 1500 2
1 2 8 7 1500 2
1 2 8 6 1500 2
1 2 9 1 1500 2
1 2 10 9 1500 2
1 2 10 3 1500 2
1 2 11 2 1500 2
1 2 12 5 1500 2
1 2 13 4 1500 2
1 2 15 0 1500 2
1 2 15 2 1500 2
1 2 3 9 1500 2
1 2 6 5 1500 2
1 2 7 9 1500 2
1 2 2 0 1500 2
1 2 3 7 1500 2
1 2 1 9 1500 2
1 2 3 4 1500 2
1 2 4 6 1500 2
1 2 5 8 1500 2
1 2 6 2 1500 2
1 2 6 8 1500 2
1 2 4 0 1500 2
1 2 6 8 2000 2
1 2 6 3 2000 2
1 2 6 3 2000 2
1 2 7 5 2000 2
1 2 7 5 2000 2
1 2 7 2 2000 2
1 2 8 7 2000 2
1 2 8 2 2000 2
1 2 9 0 2000 2
1 2 9 6 2000 2
1 2 11 6 2000 2
1 2 13 5 2000 2
1 2 15 2 2000 2
1 2 5 3 2000 2
1 2 0 2 2000 2
1 2 0 5 2000 2
1 2 0 3 2000 2
1 2 0 6 2000 2
1 2 0 8 2000 2
1 2 1 7 2000 2
1 2 2 1 2000 2
1 2 2 9 2000 2
1 2 3 7 2000 2
1 2 4 4 2000 2
1 2 4 4 2000 2
1 2 5 3 2000 2
1 2 2 8 2000 2
1 2 6 2 2500 2
1 2 6 8 2500 2
1 2 6 4 2500 2
1 2 7 5 2500 2
1 2 8 7 2500 2
1 2 10 0 2500 2
1 2 11 0 2500 2
1 2 13 2 2500 2
1 2 13 2 2500 2
1 2 15 7 2500 2
1 2 15 9 2500 2
1 2 4 2 2500 2
1 2 5 8 2500 2
1 2 6 3 2500 2
1 2 0 7 2500 2
1 2 0 7 2500 2
1 2 1 7 2500 2
1 2 2 9 2500 2
1 2 3 8 2500 2
1 2 3 5 2500 2
1 2 3 7 2500 2
1 2 0 2 2500 2
1 2 4 7 2500 2
1 2 4 0 2500 2
1 2 4 8 3000 2
1 2 15 2 3000 2
1 2 13 8 3000 2
1 2 12 2 3000 2
1 2 12 4 3000 2
1 2 11 0 3000 2
1 2 9 5 3000 2
1 2 6 2 3000 2
1 2 4 4 3000 2
1 2 3 5 3000 2
1 2 3 7 3000 2
1 2 3 8 3000 2
1 2 0 7 3000 2
1 2 0 2 3000 2
1 2 0 4 3000 2
1 2 5 3 3000 2
1 2 15 6 3500 2
1 2 10 8 3500 2
1 2 10 9 3500 2
1 2 11 1 3500 2
1 2 11 9 3500 2
1 2 12 4 3500 2
1 2 12 6 3500 2
1 2 13 7 3500 2
1 2 13 5 3500 2
1 2 1 0 3500 2
1 2 9 1 3500 2
1 2 8 1 3500 2
1 2 8 6 3500 2
1 2 6 3 3500 2
1 2 6 2 3500 2
1 2 5 3 3500 2
1 2 5 6 3500 2
1 2 1 7 3500 2
1 2 9 8 3500 2
1 2 0 0 3500 2
1 2 7 5 4000 2
1 2 8 7 4000 2
1 2 8 7 4000 2
1 2 8 0 4000 2
1 2 10 0 4000 2
1 2 11 8 4000 2
1 2 12 3 4000 2
1 2 13 2 4000 2
1 2 14 2 4000 2
1 2 15 0 4000 2
1 2 4 2 4000 2
1 2 5 8 4000 2
1 2 5 8 4000 2
1 2 4 3 4000 2
1 2 4 2 4000 2
1 2 3 7 4000 2
1 2 2 6 4000 2
1 2 2 3 4000 2
1 2 1 7 4000 2
1 2 1 2 4000 2
1 2 6 4 4000 2
1 2 10 9 4500 2
1 2 10 9 4500 2
1 2 10 4 4500 2
1 2 11 2 4500 2
1 2 11 0 4500 2
1 2 12 8 4500 2
1 2 12 6 4500 2
1 2 12 2 4500 2
1 2 13 8 4500 2
1 2 14 7 4500 2
1 2 14 7 4500 2
1 2 15 1 4500 2
1 2 15 2 4500 2
1 2 9 7 4500 2
1 2 9 2 4500 2
1 2 0 3 4500 2
1 2 0 3 4500 2
1 2 0 3 4500 2
1 2 1 0 4500 2
1 2 2 0 4500 2
1 2 2 0 4500 2
1 2 4 2 4500 2
1 2 4 1 4500 2
1 2 4 8 4500 2
1 2 5 0 4500 2
1 2 7 2 4500 2
1 2 7 1 4500 2
1 2 6 2 5000 2
1 2 6 3 5000 2
1 2 7 5 5000 2
1 2 9 3 5000 2
1 2 9 1 5000 2
1 2 10 0 5000 2
1 2 11 2 5000 2
1 2 11 1 5000 2
1 2 11 5 5000 2
1 2 12 6 5000 2
1 2 13 5 5000 2
1 2 15 7 5000 2
1 2 15 6 5000 2
1 2 10 1 5000 2
1 2 5 2 5000 2
1 2 6 4 5000 2
1 2 0 1 5000 2
1 2 2 0 5000 2
1 2 2 7 5000 2
1 2 3 5 5000 2
1 2 3 0 5000 2
1 2 3 8 5000 2
1 2 0 8 5000 2
1 2 4 2 5000 2
1 2 4 0 5000 2
1 2 4 6 5000 2
1 2 4 8 5000 2
1 2 5 3 5000 2
1 2 4 8 5000 2
1 2 9 4 5500 2
1 2 10 6 5500 2
1 2 10 5 5500 2
1 2 11 5 5500 2
1 2 11 3 5500 2
1 2 11 4 5500 2
1 2 12 1 5500 2
1 2 12 2 5500 2
1 2 12 7 5500 2
1 2 13 2 5500 2
1 2 14 8 5500 2
1 2 15 8 5500 2
1 2 9 5 5500 2
1 2 8 7 5500 2
1 2 0 2 5500 2
1 2 0 8 5500 2
1 2 2 6 5500 2
1 2 4 3 5500 2
1 2 4 2 5500 2
1 2 4 3 5500 2
1 2 4 1 5500 2
1 2 5 5 5500 2
1 2 6 6 5500 2
1 2 7 2 5500 2
1 2 7 3 5500 2
1 2 9 1 6000 2
1 2 9 2 6000 2
1 2 10 4 6000 2
1 2 10 5 6000 2
1 2 10 6 6000 2
1 2 10 1 6000 2
1 2 11 7 6000 2
1 2 11 2 6000 2
1 2 11 2 6000 2
1 2 11 0 6000 2
1 2 12 6 6000 2
1 2 12 6 6000 2
1 2 14 5 6000 2
1 2 15 0 6000 2
1 2 7 1 6000 2
1 2 0 0 6000 2
1 2 0 8 6000 2
1 2 1 4 6000 2
1 2 2 5 6000 2
1 2 2 0 6000 2
1 2 3 0 6000 2
1 2 3 5 6000 2
1 2 4 8 6000 2
1 2 6 3 6000 2
1 2 6 3 6000 2
1 2 7 2 6000 2
1 2 7 4 6000 2
1 2 4 2 6000 2
1 2 10 7 6500 2
1 2 10 6 6500 2
1 2 11 2 6500 2
1 2 11 5 6500 2
1 2 11 8 6500 2
1 2 13 5 6500 2
1 2 14 5 6500 2
1 2 14 9 6500 2
1 2 14 9 6500 2
1 2 14 3 6500 2
1 2 15 2 6500 2
1 2 15 8 6500 2
1 2 15 8 6500 2
1 2 9 1 6500 2
1 2 9 4 6500 2
1 2 0 8 6500 2
1 2 0 1 6500 2
1 2 1 5 6500 2
1 2 3 6 6500 2
1 2 3 2 6500 2
1 2 4 3 6500 2
1 2 4 6 6500 2
1 2 5 2 6500 2
1 2 6 8 6500 2
1 2 7 7 6500 2
1 2 7 5 6500 2
1 2 7 0 6500 2
1 2 8 7 6500 2
1 2 11 0 7000 2
1 2 11 9 7000 2
1 2 11 2 7000 2
1 2 11 3 7000 2
1 2 11 2 7000 2
1 2 11 0 7000 2
1 2 12 2 7000 2
1 2 14 5 7000 2
1 2 14 3 7000 2
1 2 14 0 7000 2
1 2 14 8 7000 2
1 2 15 2 7000 2
1 2 15 8 7000 2
1 2 9 6 7000 2
1 2 10 8 7000 2
1 2 0 1 7000 2
1 2 0 1 7000 2
1 2 0 1 7000 2
1 2 1 3 7000 2
1 2 1 1 7000 2
1 2 2 2 7000 2
1 2 4 2 7000 2
1 2 5 3 7000 2
1 2 6 2 7000 2
1 2 7 5 7000 2
1 2 9 5 7000 2
1 2 3 2 7000 2
1 2 9 4 7500 2
1 2 10 6 7500 2
1 2 10 5 7500 2
1 2 11 6 7500 2
1 2 11 3 7500 2
1 2 12 0 7500 2
1 2 13 6 7500 2
1 2 14 5 7500 2
1 2 14 6 7500 2
1 2 15 0 7500 2
1 2 15 1 7500 2
1 2 15 2 7500 2
1 2 10 2 7500 2
1 2 8 7 7500 2
1 2 7 8 7500 2
1 2 7 0 7500 2
1 2 7 5 7500 2
1 2 6 2 7500 2
1 2 6 3 7500 2
1 2 4 2 7500 2
1 2 4 2 7500 2
1 2 4 1 7500 2
1 2 3 4 7500 2
1 2 3 8 7500 2
1 2 0 3 7500 2
1 2 9 5 7500 2
1 2 10 2 8000 2
1 2 10 3 8000 2
1 2 10 5 8000 2
1 2 15 1 8000 2
1 2 9 5 8000 2
1 2 8 7 8000 2
1 2 8 5 8000 2
1 2 7 8 8000 2
1 2 11 5 8000 2
1 2 12 1 8000 2
1 2 12 6 8000 2
1 2 13 0 8000 2
1 2 14 1 8000 2
1 2 15 6 8000 2
1 2 15 7 8000 2
1 2 12 3 8000 2
1 2 7 2 8000 2
1 2 7 3 8000 2
1 2 0 3 8000 2
1 2 0 2 8000 2
1 2 0 8 8000 2
1 2 1 7 8000 2
1 2 2 0 8000 2
1 2 2 5 8000 2
1 2 2 8 8000 2
1 2 3 6 8000 2
1 2 4 2 8000 2
1 2 4 2 8000 2
1 2 4 7 8000 2
1 2 4 8 8000 2
1 2 5 2 8000 2
1 2 7 8 8000 2
1 2 4 2 8500 2
1 2 15 1 8500 2
1 2 14 9 8500 2
1 2 12 6 8500 2
1 2 12 2 8500 2
1 2 12 1 8500 2
1 2 12 1 8500 2
1 2 10 8 8500 2
1 2 10 9 8500 2
1 2 7 4 8500 2
1 2 7 4 8500 2
1 2 6 1 8500 2
1 2 6 9 8500 2
1 2 5 9 8500 2
1 2 1 3 8500 2
1 2 1 5 8500 2
1 2 0 1 8500 2
1 2 0 8 8500 2
1 2 6 6 9000 2
1 2 15 1 9000 2
1 2 14 8 9000 2
1 2 13 6 9000 2
1 2 13 5 9000 2
1 2 12 1 9000 2
1 2 9 7 9000 2
1 2 7 3 9000 2
1 2 7 8 9000 2
1 2 0 4 9000 2
1 2 3 4 9000 2
1 2 5 9 9000 2
1 2 5 3 9000 2
1 2 6 7 9000 2
1 2 15 8 9500 2
1 2 14 9 9500 2
1 2 14 4 9500 2
1 2 13 9 9500 2
1 2 12 3 9500 2
1 2 12 8 9500 2
1 2 12 6 9500 2
1 2 9 5 9500 2
1 2 7 4 9500 2
1 2 6 5 9500 2
1 2 5 3 9500 2
1 2 0 3 9500 2
1 2 0 6 9500 2
1 2 0 4 9500 2
1 2 0 4 9500 2
1 2 0 1 9500 2
1 2 0 8 9500 2
1 2 3 7 9500 2
1 2 3 4 9500 2
1 2 4 1 9500 2
1 2 5 7 9500 2
1 2 4 3 10000 2
1 2 15 3 10000 2
1 2 15 2 10000 2
1 2 15 3 10000 2
1 2 15 7 10000 2
1 2 14 9 10000 2
1 2 14 4 10000 2
1 2 12 8 10000 2
1 2 8 2 10000 2
1 2 12 4 10000 2
1 2 2 2 10000 2
1 2 3 0 10000 2
1 2 6 3 10000 2
1 2 8 4 10000 2
1 2 1 5 10000 2
1 2 10 9 10500 2
1 2 15 1 10500 2
1 2 13 4 10500 2
1 2 13 4 10500 2
1 2 7 2 10500 2
1 2 5 2 10500 2
1 2 5 9 10500 2
1 2 5 6 10500 2
1 2 4 2 10500 2
1 2 3 9 10500 2
1 2 3 4 10500 2
1 2 3 7 10500 2
1 2 0 6 10500 2
1 2 0 4 10500 2
1 2 10 5 11000 2
1 2 15 8 11000 2
1 2 13 7 11000 2
1 2 13 5 11000 2
1 2 13 3 11000 2
1 2 12 4 11000 2
1 2 12 1 11000 2
1 2 7 3 11000 2
1 2 6 8 11000 2
1 2 5 2 11000 2
1 2 5 2 11000 2
1 2 2 7 11000 2
1 2 3 1 11000 2
1 2 3 3 11000 2
1 2 4 4 11000 2
1 2 4 7 11000 2
1 2 4 8 11000 2
1 2 0 4 11000 2
1 2 5 7 11000 2
1 2 15 6 11500 2
1 2 13 6 11500 2
1 2 13 2 11500 2
1 2 13 4 11500 2
1 2 12 7 11500 2
1 2 10 8 11500 2
1 2 5 1 11500 2
1 2 10 7 11500 2
1 2 10 7 11500 2
1 2 8 4 11500 2
1 2 7 8 11500 2
1 2 6 1 11500 2
1 2 5 7 11500 2
1 2 4 2 11500 2
1 2 4 9 11500 2
1 2 2 2 11500 2
1 2 0 1 11500 2
1 2 0 8 11500 2
1 2 1 6 12000 2
1 2 15 0 12000 2
1 2 13 8 12000 2
1 2 12 6 12000 2
1 2 9 5 12000 2
1 2 4 5 12000 2
1 2 3 3 12000 2
1 2 2 4 12000 2
1 2 8 6 12000 2
1 2 8 4 12500 2
1 2 11 0 12500 2
1 2 8 7 12500 2
1 2 8 7 12500 2
1 2 8 0 12500 2
1 2 9 3 12500 2
1 2 11 7 12500 2
1 2 11 5 12500 2
1 2 13 8 12500 2
1 2 14 0 12500 2
1 2 14 5 12500 2
1 2 14 4 12500 2
1 2 14 2 12500 2
1 2 15 8 12500 2
1 2 15 4 12500 2
1 2 6 5 12500 2
1 2 8 0 12500 2
1 2 1 0 12500 2
1 2 1 5 12500 2
1 2 2 5 12500 2
1 2 2 0 12500 2
1 2 2 7 12500 2
1 2 3 4 12500 2
1 2 3 2 12500 2
1 2 4 5 12500 2
1 2 4 6 12500 2
1 2 4 8 12500 2
1 2 4 4 12500 2
1 2 4 0 12500 2
1 2 5 2 12500 2
1 2 10 6 13000 2
1 2 10 9 13000 2
1 2 10 8 13000 2
1 2 11 6 13000 2
1 2 11 2 13000 2
1 2 11 3 13000 2
1 2 11 0 13000 2
1 2 11 2 13000 2
1 2 11 4 13000 2
1 2 12 8 13000 2
1 2 13 8 13000 2
1 2 15 8 13000 2
1 2 15 1 13000 2
1 2 15 9 13000 2
1 2 15 3 13000 2
1 2 6 3 13000 2
1 2 9 6 13000 2
1 2 0 0 13000 2
1 2 0 3 13000 2
1 2 1 0 13000 2
1 2 2 7 13000 2
1 2 2 2 13000 2
1 2 2 4 13000 2
1 2 3 7 13000 2
1 2 4 1 13000 2
1 2 4 8 13000 2
1 2 5 2 13000 2
1 2 5 4 13000 2
1 2 6 8 13000 2
1 2 6 2 13000 2
1 2 3 4 13000 2
1 2 10 0 13500 2
1 2 11 9 13500 2
1 2 11 3 13500 2
1 2 11 4 13500 2
1 2 11 6 13500 2
1 2 12 6 13500 2
1 2 13 6 13500 2
1 2 14 6 13500 2
1 2 15 6 13500 2
1 2 15 7 13500 2
1 2 15 9 13500 2
1 2 10 8 13500 2
1 2 8 7 13500 2
1 2 0 6 13500 2
1 2 1 0 13500 2
1 2 3 8 13500 2
1 2 3 6 13500 2
1 2 3 7 13500 2
1 2 4 1 13500 2
1 2 4 9 13500 2
1 2 4 6 13500 2
1 2 6 3 13500 2
1 2 7 0 13500 2
1 2 8 9 13500 2
1 2 11 3 14000 2
1 2 11 4 14000 2
1 2 11 0 14000 2
1 2 11 4 14000 2
1 2 11 3 14000 2
1 2 11 4 14000 2
1 2 12 8 14000 2
1 2 12 6 14000 2
1 2 12 5 14000 2
1 2 13 9 14000 2
1 2 13 6 14000 2
1 2 14 5 14000 2
1 2 14 8 14000 2
1 2 15 0 14000 2
1 2 15 6 14000 2
1 2 15 5 14000 2
1 2 15 4 14000 2
1 2 10 6 14000 2
1 2 10 4 14000 2
1 2 0 6 14000 2
1 2 1 9 14000 2
1 2 1 8 14000 2
1 2 4 9 14000 2
1 2 4 6 14000 2
1 2 4 6 14000 2
1 2 4 4 14000 2
1 2 5 3 14000 2
1 2 5 0 14000 2
1 2 6 0 14000 2
1 2 8 0 14000 2
1 2 9 4 14000 2
1 2 9 2 14000 2
1 2 10 8 14000 2
1 2 10 6 14000 2
1 2 5 3 14000 2
1 2 10 0 14500 2
1 2 10 7 14500 2
1 2 6 3 14500 2
1 2 10 6 14500 2
1 2 10 9 14500 2
1 2 11 3 14500 2
1 2 11 0 14500 2
1 2 11 4 14500 2
1 2 12 6 14500 2
1 2 12 9 14500 2
1 2 13 6 14500 2
1 2 14 4 14500 2
1 2 14 8 14500 2
1 2 15 2 14500 2
1 2 15 9 14500 2
1 2 15 2 14500 2
1 2 8 3 14500 2
1 2 0 5 14500 2
1 2 0 3 14500 2
1 2 1 5 14500 2
1 2 1 0 14500 2
1 2 2 9 14500 2
1 2 3 2 14500 2
1 2 4 6 14500 2
1 2 4 9 14500 2
1 2 5 9 14500 2
1 2 5 9 14500 2
1 2 5 4 14500 2
1 2 5 0 14500 2
1 2 7 2 14500 2
1 2 8 0 14500 2
1 2 4 6 14500 2
1 2 9 5 15000 2
1 2 11 7 15000 2
1 2 11 0 15000 2
1 2 11 3 15000 2
1 2 11 4 15000 2
1 2 11 8 15000 2
1 2 12 2 15000 2
1 2 12 6 15000 2
1 2 14 2 15000 2
1 2 15 5 15000 2
1 2 15 7 15000 2
1 2 15 4 15000 2
1 2 8 5 15000 2
1 2 10 4 15000 2
1 2 0 1 15000 2
1 2 2 8 15000 2
1 2 2 8 15000 2
1 2 3 4 15000 2
1 2 3 3 15000 2
1 2 4 2 15000 2
1 2 4 1 15000 2
1 2 4 6 15000 2
1 2 4 0 15000 2
1 2 5 7 15000 2
1 2 10 9 15500 2
1 2 10 0 15500 2
1 2 10 7 15500 2
1 2 11 8 15500 2
1 2 11 9 15500 2
1 2 11 1 15500 2
1 2 12 1 15500 2
1 2 12 6 15500 2
1 2 13 5 15500 2
1 2 13 6 15500 2
1 2 13 2 15500 2
1 2 14 9 15500 2
1 2 15 4 15500 2
1 2 15 6 15500 2
1 2 10 9 15500 2
1 2 0 0 15500 2
1 2 0 3 15500 2
1 2 1 7 15500 2
1 2 3 6 15500 2
1 2 3 0 15500 2
1 2 4 9 15500 2
1 2 4 1 15500 2
1 2 5 8 15500 2
1 2 5 9 15500 2
1 2 6 2 15500 2
1 2 6 2 15500 2
1 2 7 2 15500 2
1 2 7 9 15500 2
1 2 8 3 15500 2
1 2 9 9 16000 2
1 2 9 6 16000 2
1 2 10 0 16000 2
1 2 10 1 16000 2
1 2 10 3 16000 2
1 2 11 2 16000 2
1 2 11 8 16000 2
1 2 11 7 16000 2
1 2 13 6 16000 2
1 2 14 0 16000 2
1 2 15 0 16000 2
1 2 15 3 16000 2
1 2 15 9 16000 2
1 2 9 3 16000 2
1 2 8 1 16000 2
1 2 0 3 16000 2
1 2 0 4 16000 2
1 2 1 9 16000 2
1 2 2 9 16000 2
1 2 4 6 16000 2
1 2 4 8 16000 2
1 2 4 0 16000 2
1 2 6 3 16000 2
1 2 6 1 16000 2
1 2 6 3 16000 2
1 2 7 5 16000 2
1 2 7 6 16000 2
1 2 8 0 16000 2
1 2 15 9 16500 2
1 2 15 0 16500 2
1 2 13 4 16500 2
1 2 11 7 16500 2
1 2 8 2 16500 2
1 2 8 9 16500 2
1 2 8 9 16500 2
1 2 6 3 16500 2
1 2 7 7 16500 2
1 2 1 2 16500 2
1 2 2 0 16500 2
1 2 2 9 16500 2
1 2 3 7 16500 2
1 2 5 4 16500 2
1 2 14 0 17000 2
1 2 14 9 17000 2
1 2 13 6 17000 2
1 2 12 9 17000 2
1 2 10 3 17000 2
1 2 8 2 17000 2
1 2 8 5 17000 2
1 2 7 3 17000 2
1 2 7 8 17000 2
1 2 7 3 17000 2
1 2 4 0 17000 2
1 2 0 8 17000 2
1 2 0 8 17000 2
1 2 2 6 17000 2
1 2 3 2 17000 2
1 2 3 5 17000 2
1 2 3 5 17000 2
1 2 3 7 17000 2
1 2 4 6 17000 2
1 2 4 0 17000 2
1 2 15 1 17500 2
1 2 15 3 17500 2
1 2 13 3 17500 2
1 2 13 8 17500 2
1 2 12 2 17500 2
1 2 12 6 17500 2
1 2 10 4 17500 2
1 2 8 9 17500 2
1 2 4 8 17500 2
1 2 4 4 17500 2
1 2 3 8 17500 2
1 2 0 6 17500 2
1 2 0 5 17500 2
1 2 8 1 17500 2
1 2 8 0 18000 2
1 2 8 9 18000 2
1 2 8 8 18000 2
1 2 12 2 18000 2
1 2 13 2 18000 2
1 2 13 3 18000 2
1 2 13 4 18000 2
1 2 15 7 18000 2
1 2 15 7 18000 2
1 2 15 9 18000 2
1 2 15 2 18000 2
1 2 8 7 18000 2
1 2 7 9 18000 2
1 2 6 6 18000 2
1 2 3 4 18000 2
1 2 3 8 18000 2
1 2 2 8 18000 2
1 2 2 8 18000 2
1 2 1 0 18000 2
1 2 1 5 18000 2
1 2 0 8 18000 2
1 2 0 5 18000 2
1 2 7 5 18500 2
1 2 10 8 18500 2
1 2 11 2 18500 2
1 2 11 0 18500 2
1 2 11 0 18500 2
1 2 12 2 18500 2
1 2 12 5 18500 2
1 2 12 4 18500 2
1 2 13 6 18500 2
1 2 0 9 18500 2
1 2 6 2 18500 2
1 2 5 6 18500 2
1 2 5 3 18500 2
1 2 5 2 18500 2
1 2 4 7 18500 2
1 2 3 5 18500 2
1 2 3 5 18500 2
1 2 3 8 18500 2
1 2 6 1 18500 2
1 2 8 4 19000 2
1 2 8 7 19000 2
1 2 8 2 19000 2
1 2 9 6 19000 2
1 2 10 0 19000 2
1 2 11 4 19000 2
1 2 11 4 19000 2
1 2 11 2 19000 2
1 2 12 2 19000 2
1 2 15 0 19000 2
1 2 7 0 19000 2
1 2 7 6 19000 2
1 2 0 3 19000 2
1 2 2 5 19000 2
1 2 3 2 19000 2
1 2 3 7 19000 2
1 2 4 7 19000 2
1 2 4 6 19000 2
1 2 5 9 19000 2
1 2 6 3 19000 2
1 2 7 7 19000 2
1 2 15 5 19500 2
1 2 8 2 19500 2
1 2 10 6 19500 2
1 2 11 4 19500 2
1 2 11 4 19500 2
1 2 11 4 19500 2
1 2 12 1 19500 2
1 2 12 2 19500 2
1 2 14 3 19500 2
1 2 14 4 19500 2
1 2 15 4 19500 2
1 2 2 0 19500 2
1 2 8 4 19500 2
1 2 0 8 19500 2
1 2 4 4 19500 2
1 2 4 6 19500 2
1 2 5 6 19500 2
1 2 5 9 19500 2
1 2 6 8 19500 2
1 2 6 3 19500 2
1 2 7 7 19500 2
1 2 7 4 19500 2
1 2 11 7 20000 2
1 2 15 1 20000 2
1 2 15 9 20000 2
1 2 15 9 20000 2
1 2 15 2 20000 2
1 2 14 4 20000 2
1 2 11 4 20000 2
1 2 11 6 20000 2
1 2 8 2 20000 2
1 2 8 9 20000 2
1 2 6 4 20000 2
1 2 5 6 20000 2
1 2 4 8 20000 2
1 2 3 9 20000 2
1 2 2 8 20000 2
1 2 0 8 20000 2
1 2 8 2 20000 2
1 2 7 2 20500 2
1 2 7 1 20500 2
1 2 8 7 20500 2
1 2 8 7 20500 2
1 2 9 8 20500 2
1 2 9 7 20500 2
1 2 11 8 20500 2
1 2 12 1 20500 2
1 2 1 1 20500 2
1 2 14 0 20500 2
1 2 14 3 20500 2
1 2 14 3 20500 2
1 2 6 5 20500 2
1 2 6 4 20500 2
1 2 0 6 20500 2
1 2 0 8 20500 2
1 2 0 4 20500 2
1 2 2 8 20500 2
1 2 3 4 20500 2
1 2 3 3 20500 2
1 2 4 3 20500 2
1 2 4 2 20500 2
1 2 5 8 20500 2
1 2 8 6 21000 2
1 2 15 1 21000 2
1 2 15 7 21000 2
1 2 15 1 21000 2
1 2 14 8 21000 2
1 2 12 1 21000 2
1 2 10 9 21000 2
1 2 10 9 21000 2
1 2 9 7 21000 2
1 2 8 9 21000 2
1 2 7 7 21000 2
1 2 7 8 21000 2
1 2 6 1 21000 2
1 2 6 9 21000 2
1 2 5 3 21000 2
1 2 4 3 21000 2
1 2 4 5 21000 2
1 2 1 9 21000 2
1 2 1 9 21000 2
1 2 0 9 21000 2
1 2 6 8 21500 2
1 2 15 1 21500 2
1 2 6 5 21500 2
1 2 7 5 21500 2
1 2 8 1 21500 2
1 2 8 1 21500 2
1 2 10 2 21500 2
1 2 10 1 21500 2
1 2 11 1 21500 2
1 2 12 1 21500 2
1 2 12 6 21500 2
1 2 12 8 21500 2
1 2 5 2 21500 2
1 2 6 1 21500 2
1 2 0 7 21500 2
1 2 1 7 21500 2
1 2 2 5 21500 2
1 2 3 3 21500 2
1 2 3 0 21500 2
1 2 3 5 21500 2
1 2 4 5 21500 2
1 2 4 8 21500 2
1 2 4 0 21500 2
1 2 5 9 21500 2
1 2 15 0 22000 2
1 2 15 1 22000 2
1 2 15 7 22000 2
1 2 14 9 22000 2
1 2 14 4 22000 2
1 2 12 2 22000 2
1 2 12 7 22000 2
1 2 9 2 22000 2
1 2 8 9 22000 2
1 2 7 6 22000 2
1 2 7 5 22000 2
1 2 4 3 22000 2
1 2 5 8 22000 2
1 2 0 5 22000 2
1 2 0 0 22000 2
1 2 0 0 22000 2
1 2 0 8 22000 2
1 2 1 3 22000 2
1 2 1 2 22000 2
1 2 2 7 22000 2
1 2 3 7 22000 2
1 2 3 4 22000 2
1 2 3 4 22000 2
1 2 15 0 22500 2
1 2 15 7 22500 2
1 2 15 2 22500 2
1 2 13 1 22500 2
1 2 13 5 22500 2
1 2 12 8 22500 2
1 2 12 4 22500 2
1 2 11 7 22500 2
1 2 11 6 22500 2
1 2 7 7 22500 2
1 2 10 5 22500 2
1 2 7 9 22500 2
1 2 0 9 22500 2
1 2 0 8 22500 2
1 2 0 2 22500 2
1 2 3 7 22500 2
1 2 3 4 22500 2
1 2 4 2 22500 2
1 2 5 1 22500 2
1 2 5 3 22500 2
1 2 5 1 22500 2
1 2 9 5 22500 2
1 2 13 5 23000 2
1 2 15 7 23000 2
1 2 14 2 23000 2
1 2 14 4 23000 2
1 2 12 4 23000 2
1 2 11 4 23000 2
1 2 7 4 23000 2
1 2 6 9 23000 2
1 2 6 6 23000 2
1 2 6 5 23000 2
1 2 5 6 23000 2
1 2 5 8 23000 2
1 2 0 8 23000 2
1 2 5 1 23000 2
1 2 3 2 23000 2
1 2 1 6 23000 2
1 2 6 8 23000 2
1 2 8 9 23500 2
1 2 14 2 23500 2
1 2 8 8 23500 2
1 2 9 1 23500 2
1 2 10 7 23500 2
1 2 11 6 23500 2
1 2 11 8 23500 2
1 2 12 6 23500 2
1 2 12 8 23500 2
1 2 12 8 23500 2
1 2 15 6 23500 2
1 2 15 8 23500 2
1 2 15 6 23500 2
1 2 6 9 23500 2
1 2 8 7 23500 2
1 2 0 0 23500 2
1 2 1 6 23500 2
1 2 2 9 23500 2
1 2 0 9 23500 2
1 2 3 1 23500 2
1 2 3 4 23500 2
1 2 4 2 23500 2
1 2 5 1 23500 2
1 2 5 1 23500 2
1 2 5 1 23500 2
1 2 5 4 23500 2
1 2 15 0 24000 2
1 2 15 8 24000 2
1 2 15 7 24000 2
1 2 13 1 24000 2
1 2 13 2 24000 2
1 2 12 7 24000 2
1 2 9 6 24000 2
1 2 4 1 24000 2
1 2 8 6 24000 2
1 2 7 4 24000 2
1 2 5 6 24000 2
1 2 0 3 24000 2
1 2 0 5 24000 2
1 2 0 3 24000 2
1 2 0 2 24000 2
1 2 2 6 24000 2
1 2 3 7 24000 2
1 2 3 7 24000 2
1 2 5 1 24000 2
1 2 5 6 24000 2
1 2 14 3 24500 2
1 2 13 1 24500 2
1 2 12 1 24500 2
1 2 11 7 24500 2
1 2 4 8 24500 2
1 2 11 0 24500 2
1 2 11 1 24500 2
1 2 8 4 24500 2
1 2 7 7 24500 2
1 2 8 6 24500 2
1 2 0 6 24500 2
1 2 0 1 24500 2
1 2 2 2 24500 2
1 2 3 2 24500 2
1 2 5 5 24500 2
1 2 14 4 25000 2
1 2 14 1 25000 2
1 2 13 4 25000 2
1 2 13 5 25000 2
1 2 13 4 25000 2
1 2 10 1 25000 2
1 2 8 7 25000 2
1 2 7 8 25000 2
1 2 7 7 25000 2
1 2 7 7 25000 2
1 2 6 0 25000 2
1 2 6 3 25000 2
1 2 6 8 25000 2
1 2 0 5 25000 2
1 2 0 1 25000 2
1 2 2 4 25000 2
1 2 3 5 25000 2
1 2 3 8 25000 2
1 2 4 7 25000 2
1 2 5 7 25000 2
1 2 5 7 25000 2
1 2 5 4 25000 2
1 2 6 5 25000 2
1 2 14 1 25500 2
1 2 14 9 25500 2
1 2 13 3 25500 2
1 2 12 8 25500 2
1 2 12 4 25500 2
1 2 11 2 25500 2
1 2 6 8 25500 2
1 2 8 7 25500 2
1 2 6 8 25500 2
1 2 5 8 25500 2
1 2 4 0 25500 2
1 2 0 2 25500 2
1 2 0 9 25500 2
1 2 0 4 25500 2
1 2 7 4 25500 2
1 2 6 3 26000 2
1 2 7 7 26000 2
1 2 9 6 26000 2
1 2 10 9 26000 2
1 2 11 2 26000 2
1 2 13 6 26000 2
1 2 14 4 26000 2
1 2 15 4 26000 2
1 2 15 6 26000 2
1 2 14 0 26000 2
1 2 6 4 26000 2
1 2 6 8 26000 2
1 2 0 2 26000 2
1 2 2 9 26000 2
1 2 2 6 26000 2
1 2 0 7 26000 2
1 2 3 4 26000 2
1 2 4 2 26000 2
1 2 4 6 26000 2
1 2 5 3 26000 2
1 2 5 6 26000 2
1 2 7 4 26500 2
1 2 15 9 26500 2
1 2 13 4 26500 2
1 2 12 4 26500 2
1 2 10 5 26500 2
1 2 9 7 26500 2
1 2 8 8 26500 2
1 2 8 1 26500 2
1 2 7 7 26500 2
1 2 6 4 26500 2
1 2 5 9 26500 2
1 2 5 4 26500 2
1 2 4 7 26500 2
1 2 4 3 26500 2
1 2 2 6 26500 2
1 2 2 9 26500 2
1 2 1 9 26500 2
1 2 0 8 26500 2
1 2 0 6 26500 2
1 2 5 9 26500 2
1 2 8 3 27000 2
1 2 14 8 27000 2
1 2 8 2 27000 2
1 2 8 3 27000 2
1 2 8 7 27000 2
1 2 8 7 27000 2
1 2 7 4 27000 2
1 2 9 0 27000 2
1 2 10 9 27000 2
1 2 11 6 27000 2
1 2 11 4 27000 2
1 2 13 9 27000 2
1 2 15 6 27000 2
1 2 1 0 27000 2
1 2 6 7 27000 2
1 2 0 5 27000 2
1 2 0 2 27000 2
1 2 7 5 27000 2
1 2 2 8 27000 2
1 2 3 5 27000 2
1 2 3 4 27000 2
1 2 4 4 27000 2
1 2 4 4 27000 2
1 2 5 5 27000 2
1 2 5 0 27000 2
1 2 6 8 27000 2
1 2 6 3 27000 2
1 2 7 8 27500 2
1 2 8 3 27500 2
1 2 9 7 27500 2
1 2 10 7 27500 2
1 2 11 1 27500 2
1 2 11 6 27500 2
1 2 11 3 27500 2
1 2 13 4 27500 2
1 2 5 7 27500 2
1 2 6 9 27500 2
1 2 7 7 27500 2
1 2 2 6 27500 2
1 2 3 4 27500 2
1 2 4 1 27500 2
1 2 4 6 27500 2
1 2 5 4 27500 2
1 2 2 9 27500 2
1 2 12 4 28000 2
1 2 11 4 28000 2
1 2 11 7 28000 2
1 2 10 7 28000 2
1 2 10 5 28000 2
1 2 9 7 28000 2
1 2 9 7 28000 2
1 2 8 8 28000 2
1 2 8 8 28000 2
1 2 8 9 28000 2
1 2 7 6 28000 2
1 2 6 9 28000 2
1 2 6 9 28000 2
1 2 2 4 28000 2
1 2 6 4 28000 2
1 2 0 6 28000 2
1 2 1 7 28000 2
1 2 3 7 28000 2
1 2 3 4 28000 2
1 2 4 4 28000 2
1 2 5 9 28000 2
1 2 5 5 28000 2
1 2 5 3 28000 2
1 2 6 8 28000 2
1 2 6 0 28000 2
1 2 6 4 28000 2
1 2 10 5 28500 2
1 2 15 9 28500 2
1 2 15 8 28500 2
1 2 14 8 28500 2
1 2 14 1 28500 2
1 2 13 6 28500 2
1 2 11 4 28500 2
1 2 10 6 28500 2
1 2 10 9 28500 2
1 2 9 3 28500 2
1 2 9 2 28500 2
1 2 4 5 28500 2
1 2 4 7 28500 2
1 2 4 9 28500 2
1 2 2 9 28500 2
1 2 10 1 28500 2
1 2 7 3 29000 2
1 2 7 2 29000 2
1 2 8 4 29000 2
1 2 8 0 29000 2
1 2 9 1 29000 2
1 2 11 3 29000 2
1 2 11 5 29000 2
1 2 13 1 29000 2
1 2 1 8 29000 2
1 2 13 0 29000 2
1 2 14 0 29000 2
1 2 14 9 29000 2
1 2 7 9 29000 2
1 2 7 9 29000 2
1 2 0 8 29000 2
1 2 0 1 29000 2
1 2 0 3 29000 2
1 2 1 1 29000 2
1 2 4 3 29000 2
1 2 4 0 29000 2
1 2 5 8 29000 2
1 2 6 6 29000 2
1 2 6 8 29000 2
1 2 7 4 29000 2
1 2 10 9 29500 2
1 2 14 1 29500 2
1 2 14 3 29500 2
1 2 14 4 29500 2
1 2 13 5 29500 2
1 2 13 1 29500 2
1 2 12 5 29500 2
1 2 12 2 29500 2
1 2 12 6 29500 2
1 2 12 9 29500 2
1 2 11 4 29500 2
1 2 9 3 29500 2
1 2 9 1 29500 2
1 2 8 4 29500 2
1 2 7 3 29500 2
1 2 6 2 29500 2
1 2 6 2 29500 2
1 2 4 3 29500 2
1 2 4 5 29500 2
1 2 3 8 29500 2
1 2 2 5 29500 2
1 2 10 5 30000 2
1 2 1 9 30000 2
1 2 11 4 30000 2
1 2 12 2 30000 2
1 2 12 2 30000 2
1 2 12 4 30000 2
1 2 13 3 30000 2
1 2 13 1 30000 2
1 2 14 8 30000 2
1 2 14 4 30000 2
1 2 15 8 30000 2
1 2 15 0 30000 2
1 2 9 3 30000 2
1 2 0 1 30000 2
1 2 10 9 30000 2
1 2 2 9 30000 2
1 2 3 8 30000 2
1 2 3 8 30000 2
1 2 3 8 30000 2
1 2 4 1 30000 2
1 2 5 6 30000 2
1 2 7 5 30000 2
1 2 8 8 30000 2
1 2 10 9 30500 2
1 2 10 9 30500 2
1 2 11 3 30500 2
1 2 11 9 30500 2
1 2 11 8 30500 2
1 2 12 9 30500 2
1 2 12 8 30500 2
1 2 12 1 30500 2
1 2 12 9 30500 2
1 2 12 6 30500 2
1 2 15 2 30500 2
1 2 15 9 30500 2
1 2 0 3 30500 2
1 2 0 2 30500 2
1 2 7 3 30500 2
1 2 1 2 30500 2
1 2 1 6 30500 2
1 2 1 9 30500 2
1 2 3 2 30500 2
1 2 4 9 30500 2
1 2 4 3 30500 2
1 2 5 9 30500 2
1 2 6 2 30500 2
1 2 6 1 30500 2
1 2 6 4 30500 2
1 2 4 8 31000 2
1 2 13 5 31000 2
1 2 11 1 31000 2
1 2 11 6 31000 2
1 2 11 9 31000 2
1 2 10 9 31000 2
1 2 10 9 31000 2
1 2 10 9 31000 2
1 2 7 7 31000 2
1 2 7 9 31000 2
1 2 4 7 31000 2
1 2 3 3 31000 2
1 2 3 4 31000 2
1 2 2 6 31000 2
1 2 2 9 31000 2
1 2 1 6 31000 2
1 2 1 9 31000 2
1 2 0 8 31000 2
1 2 4 7 31000 2
1 2 9 6 31500 2
1 2 10 9 31500 2
1 2 12 2 31500 2
1 2 12 5 31500 2
1 2 12 4 31500 2
1 2 13 8 31500 2
1 2 13 9 31500 2
1 2 13 4 31500 2
1 2 15 8 31500 2
1 2 1 3 31500 2
1 2 15 9 31500 2
1 2 15 3 31500 2
1 2 7 9 31500 2
1 2 9 3 31500 2
1 2 0 7 31500 2
1 2 1 4 31500 2
1 2 2 4 31500 2
1 2 3 5 31500 2
1 2 3 1 31500 2
1 2 4 1 31500 2
1 2 5 4 31500 2
1 2 6 1 31500 2
1 2 6 3 31500 2
1 2 15 0 32000 2
1 2 15 7 32000 2
1 2 14 4 32000 2
1 2 13 0 32000 2
1 2 12 2 32000 2
1 2 9 5 32000 2
1 2 7 1 32000 2
1 2 6 2 32000 2
1 2 5 5 32000 2
1 2 2 9 32000 2
1 2 4 7 32000 2
1 2 2 9 32000 2
1 2 2 1 32000 2
1 2 2 4 32000 2
1 2 3 4 32000 2
1 2 3 5 32000 2
1 2 4 8 32000 2
1 2 4 5 32000 2
1 2 4 6 32000 2
1 2 7 4 32500 2
1 2 14 5 32500 2
1 2 13 5 32500 2
1 2 12 4 32500 2
1 2 11 7 32500 2
1 2 11 8 32500 2
1 2 11 9 32500 2
1 2 10 9 32500 2
1 2 7 0 32500 2
1 2 5 2 32500 2
1 2 5 6 32500 2
1 2 4 5 32500 2
1 2 4 1 32500 2
1 2 2 6 32500 2
1 2 1 3 32500 2
1 2 0 2 32500 2
1 2 6 4 32500 2
1 2 8 9 33000 2
1 2 10 1 33000 2
1 2 11 2 33000 2
1 2 11 4 33000 2
1 2 11 7 33000 2
1 2 12 6 33000 2
1 2 12 5 33000 2
1 2 15 8 33000 2
1 2 4 1 33000 2
1 2 7 4 33000 2
1 2 7 1 33000 2
1 2 4 8 33000 2
1 2 0 4 33000 2
1 2 4 0 33000 2
1 2 3 0 33000 2
1 2 2 2 33000 2
1 2 2 2 33000 2
1 2 8 7 33000 2
1 2 10 6 33500 2
1 2 11 9 33500 2
1 2 11 4 33500 2
1 2 11 0 33500 2
1 2 11 7 33500 2
1 2 11 0 33500 2
1 2 12 2 33500 2
1 2 12 6 33500 2
1 2 12 5 33500 2
1 2 13 1 33500 2
1 2 14 3 33500 2
1 2 15 0 33500 2
1 2 15 8 33500 2
1 2 8 3 33500 2
1 2 9 2 33500 2
1 2 0 4 33500 2
1 2 0 8 33500 2
1 2 1 7 33500 2
1 2 1 2 33500 2
1 2 2 8 33500 2
1 2 4 1 33500 2
1 2 5 8 33500 2
1 2 5 6 33500 2
1 2 7 7 33500 2
1 2 7 4 33500 2
1 2 8 8 33500 2
1 2 9 9 34000 2
1 2 9 3 34000 2
1 2 10 1 34000 2
1 2 11 4 34000 2
1 2 11 0 34000 2
1 2 11 0 34000 2
1 2 11 4 34000 2
1 2 12 6 34000 2
1 2 12 6 34000 2
1 2 13 3 34000 2
1 2 15 8 34000 2
1 2 15 7 34000 2
1 2 15 8 34000 2
1 2 14 8 34000 2
1 2 7 4 34000 2
1 2 8 2 34000 2
1 2 0 7 34000 2
1 2 0 5 34000 2
1 2 2 0 34000 2
1 2 0 1 34000 2
1 2 2 5 34000 2
1 2 3 6 34000 2
1 2 3 4 34000 2
1 2 4 1 34000 2
1 2 5 1 34000 2
1 2 6 9 34000 2
1 2 7 4 34000 2
1 2 3 0 34000 2
1 2 9 5 34500 2
1 2 10 6 34500 2
1 2 10 9 34500 2
1 2 11 4 34500 2
1 2 11 4 34500 2
1 2 11 9 34500 2
1 2 11 8 34500 2
1 2 11 0 34500 2
1 2 12 4 34500 2
1 2 13 8 34500 2
1 2 13 1 34500 2
1 2 15 8 34500 2
1 2 15 9 34500 2
1 2 9 5 34500 2
1 2 3 4 34500 2
1 2 0 9 34500 2
1 2 8 9 34500 2
1 2 0 6 34500 2
1 2 1 6 34500 2
1 2 2 8 34500 2
1 2 3 4 34500 2
1 2 3 7 34500 2
1 2 3 4 34500 2
1 2 4 4 34500 2
1 2 4 6 34500 2
1 2 5 8 34500 2
1 2 5 7 34500 2
1 2 5 2 34500 2
1 2 6 6 34500 2
1 2 12 4 35000 2
1 2 11 4 35000 2
1 2 15 4 35000 2
1 2 10 6 35000 2
1 2 10 8 35000 2
1 2 9 3 35000 2
1 2 9 9 35000 2
1 2 13 0 35000 2
1 2 13 9 35000 2
1 2 14 9 35000 2
1 2 15 5 35000 2
1 2 15 5 35000 2
1 2 15 5 35000 2
1 2 15 9 35000 2
1 2 11 4 35000 2
1 2 8 6 35000 2
1 2 8 4 35000 2
1 2 0 7 35000 2
1 2 0 6 35000 2
1 2 0 8 35000 2
1 2 3 4 35000 2
1 2 3 6 35000 2
1 2 3 2 35000 2
1 2 4 7 35000 2
1 2 4 2 35000 2
1 2 4 6 35000 2
1 2 4 6 35000 2
1 2 5 0 35000 2
1 2 7 3 35000 2
1 2 7 9 35000 2
1 2 8 9 35000 2
1 2 5 3 35500 2
1 2 15 2 35500 2
1 2 15 2 35500 2
1 2 13 4 35500 2
1 2 13 8 35500 2
1 2 12 4 35500 2
1 2 11 6 35500 2
1 2 10 6 35500 2
1 2 9 3 35500 2
1 2 7 5 35500 2
1 2 1 7 35500 2
1 2 2 8 35500 2
1 2 4 2 35500 2
1 2 4 4 35500 2
1 2 4 6 35500 2
1 2 5 8 35500 2
1 2 6 6 35500 2
1 2 9 5 35500 2
1 2 1 7 36000 2
1 2 15 4 36000 2
1 2 15 0 36000 2
1 2 14 1 36000 2
1 2 13 2 36000 2
1 2 12 4 36000 2
1 2 11 8 36000 2
1 2 11 9 36000 2
1 2 11 9 36000 2
1 2 11 4 36000 2
1 2 7 4 36000 2
1 2 6 4 36000 2
1 2 5 6 36000 2
1 2 4 6 36000 2
1 2 3 8 36000 2
1 2 3 6 36000 2
1 2 2 0 36000 2
1 2 1 1 36000 2
1 2 8 9 36000 2
1 2 10 0 36500 2
1 2 10 9 36500 2
1 2 10 9 36500 2
1 2 10 4 36500 2
1 2 11 6 36500 2
1 2 12 4 36500 2
1 2 12 5 36500 2
1 2 3 7 36500 2
1 2 13 5 36500 2
1 2 14 0 36500 2
1 2 14 7 36500 2
1 2 15 2 36500 2
1 2 15 9 36500 2
1 2 15 2 36500 2
1 2 15 7 36500 2
1 2 8 7 36500 2
1 2 8 3 36500 2
1 2 0 6 36500 2
1 2 0 2 36500 2
1 2 2 5 36500 2
1 2 2 6 36500 2
1 2 3 4 36500 2
1 2 3 3 36500 2
1 2 3 2 36500 2
1 2 5 7 36500 2
1 2 6 2 36500 2
1 2 6 4 36500 2
1 2 8 7 36500 2
1 2 8 7 36500 2
1 2 6 7 37000 2
1 2 6 0 37000 2
1 2 6 7 37000 2
1 2 6 3 37000 2
1 2 6 7 37000 2
1 2 7 9 37000 2
1 2 8 9 37000 2
1 2 8 7 37000 2
1 2 9 9 37000 2
1 2 10 2 37000 2
1 2 10 6 37000 2
1 2 11 1 37000 2
1 2 11 9 37000 2
1 2 11 6 37000 2
1 2 11 9 37000 2
1 2 11 4 37000 2
1 2 15 4 37000 2
1 2 15 6 37000 2
1 2 5 3 37000 2
1 2 0 3 37000 2
1 2 0 5 37000 2
1 2 0 7 37000 2
1 2 0 8 37000 2
1 2 0 3 37000 2
1 2 1 4 37000 2
1 2 2 5 37000 2
1 2 2 2 37000 2
1 2 2 2 37000 2
1 2 3 8 37000 2
1 2 4 5 37000 2
1 2 4 2 37000 2
1 2 4 6 37000 2
1 2 4 7 37000 2
1 2 5 5 37000 2
1 2 2 9 37000 2
1 2 6 8 37500 2
1 2 7 9 37500 2
1 2 7 7 37500 2
1 2 8 7 37500 2
1 2 9 0 37500 2
1 2 10 9 37500 2
1 2 10 9 37500 2
1 2 11 9 37500 2
1 2 11 4 37500 2
1 2 12 4 37500 2
1 2 13 8 37500 2
1 2 14 8 37500 2
1 2 15 2 37500 2
1 2 4 8 37500 2
1 2 6 2 37500 2
1 2 6 4 37500 2
1 2 1 4 37500 2
1 2 1 0 37500 2
1 2 2 9 37500 2
1 2 3 4 37500 2
1 2 3 5 37500 2
1 2 0 5 37500 2
1 2 4 2 37500 2
1 2 5 9 37500 2
1 2 5 8 37500 2
1 2 5 4 37500 2
1 2 3 7 37500 2
1 2 6 4 38000 2
1 2 6 0 38000 2
1 2 8 6 38000 2
1 2 8 2 38000 2
1 2 8 8 38000 2
1 2 10 8 38000 2
1 2 10 7 38000 2
1 2 11 9 38000 2
1 2 11 4 38000 2
1 2 12 4 38000 2
1 2 13 3 38000 2
1 2 14 5 38000 2
1 2 14 4 38000 2
1 2 6 2 38000 2
1 2 0 7 38000 2
1 2 0 9 38000 2
1 2 2 1 38000 2
1 2 3 9 38000 2
1 2 3 4 38000 2
1 2 3 4 38000 2
1 2 4 3 38000 2
1 2 4 8 38000 2
1 2 5 9 38000 2
1 2 5 9 38000 2
1 2 6 9 38000 2
1 2 3 3 38000 2
1 2 8 2 38500 2
1 2 8 7 38500 2
1 2 9 0 38500 2
1 2 9 8 38500 2
1 2 6 2 38500 2
1 2 10 9 38500 2
1 2 10 7 38500 2
1 2 11 9 38500 2
1 2 11 7 38500 2
1 2 12 4 38500 2
1 2 13 8 38500 2
1 2 7 2 38500 2
1 2 8 9 38500 2
1 2 2 1 38500 2
1 2 2 7 38500 2
1 2 3 8 38500 2
1 2 4 4 38500 2
1 2 5 2 38500 2
1 2 5 8 38500 2
1 2 6 4 38500 2
1 2 7 9 38500 2
1 2 7 9 38500 2
1 2 8 4 39000 2
1 2 8 2 39000 2
1 2 8 0 39000 2
1 2 8 3 39000 2
1 2 9 1 39000 2
1 2 11 9 39000 2
1 2 11 9 39000 2
1 2 11 4 39000 2
1 2 12 5 39000 2
1 2 12 5 39000 2
1 2 13 8 39000 2
1 2 13 1 39000 2
1 2 14 5 39000 2
1 2 14 4 39000 2
1 2 14 8 39000 2
1 2 14 3 39000 2
1 2 6 3 39000 2
1 2 1 2 39000 2
1 2 2 2 39000 2
1 2 2 6 39000 2
1 2 3 7 39000 2
1 2 3 4 39000 2
1 2 3 4 39000 2
1 2 3 7 39000 2
1 2 4 4 39000 2
1 2 4 9 39000 2
1 2 5 9 39000 2
1 2 5 9 39000 2
1 2 6 8 39000 2
1 2 6 4 39000 2
1 2 4 8 39000 2
1 2 7 0 39000 2
1 2 9 9 39500 2
1 2 11 6 39500 2
1 2 11 0 39500 2
1 2 11 7 39500 2
1 2 12 2 39500 2
1 2 12 6 39500 2
1 2 12 2 39500 2
1 2 13 3 39500 2
1 2 13 2 39500 2
1 2 13 9 39500 2
1 2 14 9 39500 2
1 2 15 6 39500 2
1 2 15 6 39500 2
1 2 15 0 39500 2
1 2 6 1 39500 2
1 2 8 8 39500 2
1 2 9 7 39500 2
1 2 0 9 39500 2
1 2 0 2 39500 2
1 2 2 8 39500 2
1 2 3 5 39500 2
1 2 3 4 39500 2
1 2 4 8 39500 2
1 2 6 0 39500 2
1 2 6 3 39500 2
1 2 7 7 39500 2
1 2 8 6 39500 2
1 2 8 9 39500 2
1 2 8 1 39500 2
1 2 5 3 39500 2
1 2 7 3 40000 2
1 2 7 7 40000 2
1 2 8 4 40000 2
1 2 8 4 40000 2
1 2 8 3 40000 2
1 2 8 8 40000 2
1 2 9 1 40000 2
1 2 10 0 40000 2
1 2 10 9 40000 2
1 2 11 7 40000 2
1 2 11 8 40000 2
1 2 12 8 40000 2
1 2 12 4 40000 2
1 2 13 1 40000 2
1 2 14 1 40000 2
1 2 7 5 40000 2
1 2 6 0 40000 2
1 2 6 4 40000 2
1 2 6 3 40000 2
1 2 5 8 40000 2
1 2 5 9 40000 2
1 2 5 3 40000 2
1 2 4 2 40000 2
1 2 3 4 40000 2
1 2 3 8 40000 2
1 2 2 0 40000 2
1 2 2 8 40000 2
1 2 1 7 40000 2
1 2 0 2 40000 2
1 2 0 4 40000 2
