14 15 36 4 2000 2
14 15 53 25 2000 2
14 15 31 7 2000 2
14 15 61 27 2000 2
14 15 42 24 2000 2
14 15 40 9 2000 2
14 15 62 38 2000 2
14 15 51 45 2000 2
14 15 57 3 2000 2
14 15 63 23 2000 2
14 15 52 6 2000 2
14 15 57 33 2000 2
14 15 4 15 2000 2
14 15 12 35 2000 2
14 15 10 42 2000 2
14 15 63 62 2000 2
14 15 11 22 2000 2
14 15 41 48 4000 2
14 15 14 13 4000 2
14 15 47 43 4000 2
14 15 5 7 4000 2
14 15 38 44 4000 2
14 15 35 27 4000 2
14 15 36 30 4000 2
14 15 57 2 4000 2
14 15 4 38 4000 2
14 15 60 45 6000 2
14 15 49 4 6000 2
14 15 58 6 6000 2
14 15 16 47 6000 2
14 15 32 24 6000 2
14 15 20 29 6000 2
14 15 31 63 6000 2
14 15 58 3 6000 2
14 15 42 57 6000 2
14 15 14 16 6000 2
14 15 42 5 6000 2
14 15 32 15 6000 2
14 15 57 33 6000 2
14 15 22 29 6000 2
14 15 11 62 6000 2
14 15 28 32 8000 2
14 15 19 22 8000 2
14 15 4 43 8000 2
14 15 33 12 8000 2
14 15 43 53 8000 2
14 15 60 12 10000 2
14 15 4 20 10000 2
14 15 25 12 10000 2
14 15 63 41 10000 2
14 15 63 47 10000 2
14 15 14 19 10000 2
14 15 23 36 10000 2
14 15 32 19 10000 2
