6 7 53 17 2000 2
6 7 16 42 2000 2
6 7 1 33 2000 2
6 7 1 8 2000 2
6 7 42 9 2000 2
6 7 44 28 2000 2
6 7 60 41 2000 2
6 7 57 45 2000 2
6 7 40 4 2000 2
6 7 24 37 2000 2
6 7 13 2 2000 2
6 7 26 33 2000 2
6 7 35 31 4000 2
6 7 13 23 4000 2
6 7 36 3 4000 2
6 7 45 56 4000 2
6 7 27 53 4000 2
6 7 47 51 4000 2
6 7 29 32 4000 2
6 7 41 43 4000 2
6 7 32 57 4000 2
6 7 12 17 6000 2
6 7 61 38 6000 2
6 7 4 54 6000 2
6 7 31 46 6000 2
6 7 31 22 6000 2
6 7 48 3 6000 2
6 7 23 48 6000 2
6 7 50 57 6000 2
6 7 57 55 6000 2
6 7 44 51 8000 2
6 7 27 36 8000 2
6 7 49 62 8000 2
6 7 9 24 8000 2
6 7 46 28 8000 2
6 7 26 39 8000 2
6 7 5 38 8000 2
6 7 22 12 8000 2
6 7 49 55 8000 2
6 7 17 9 8000 2
6 7 18 46 8000 2
6 7 14 44 8000 2
6 7 53 58 8000 2
6 7 61 22 8000 2
6 7 42 7 10000 2
6 7 13 43 10000 2
6 7 8 38 10000 2
6 7 54 55 10000 2
6 7 23 12 10000 2
6 7 40 10 10000 2
