13 14 22 24 2000 2
13 14 36 59 2000 2
13 14 35 31 2000 2
13 14 19 60 2000 2
13 14 36 60 2000 2
13 14 36 24 2000 2
13 14 46 20 2000 2
13 14 15 48 2000 2
13 14 34 47 2000 2
13 14 26 33 2000 2
13 14 44 13 2000 2
13 14 41 14 4000 2
13 14 46 32 4000 2
13 14 7 46 4000 2
13 14 55 8 4000 2
13 14 42 37 4000 2
13 14 53 11 4000 2
13 14 8 3 4000 2
13 14 60 36 6000 2
13 14 59 23 6000 2
13 14 3 5 6000 2
13 14 41 10 6000 2
13 14 50 41 6000 2
13 14 39 27 6000 2
13 14 54 38 8000 2
13 14 29 11 8000 2
13 14 33 0 8000 2
13 14 22 56 8000 2
13 14 42 38 8000 2
13 14 39 18 8000 2
13 14 36 47 10000 2
13 14 7 23 10000 2
13 14 6 29 10000 2
13 14 52 62 10000 2
13 14 23 1 10000 2
13 14 3 62 10000 2
13 14 27 36 10000 2
13 14 55 8 10000 2
13 14 36 18 10000 2
