9 10 20 42 2000 2
9 10 18 54 2000 2
9 10 11 22 2000 2
9 10 35 45 2000 2
9 10 56 2 2000 2
9 10 51 11 2000 2
9 10 53 37 2000 2
9 10 51 53 2000 2
9 10 19 16 4000 2
9 10 53 42 4000 2
9 10 2 26 4000 2
9 10 3 34 4000 2
9 10 0 58 4000 2
9 10 55 29 4000 2
9 10 11 36 4000 2
9 10 21 60 4000 2
9 10 19 41 4000 2
9 10 7 45 4000 2
9 10 22 63 6000 2
9 10 19 3 6000 2
9 10 40 58 6000 2
9 10 46 63 6000 2
9 10 45 23 6000 2
9 10 63 37 6000 2
9 10 0 8 6000 2
9 10 45 12 6000 2
9 10 7 59 6000 2
9 10 35 61 8000 2
9 10 34 23 8000 2
9 10 23 32 8000 2
9 10 21 61 8000 2
9 10 63 33 8000 2
9 10 51 46 8000 2
9 10 34 55 8000 2
9 10 62 45 8000 2
9 10 4 10 8000 2
9 10 6 43 8000 2
9 10 17 10 8000 2
9 10 19 54 10000 2
9 10 48 32 10000 2
9 10 6 60 10000 2
9 10 28 61 10000 2
9 10 7 12 10000 2
9 10 47 1 10000 2
9 10 42 36 10000 2
9 10 15 55 10000 2
