12 13 7 37 2000 2
12 13 5 45 2000 2
12 13 1 3 2000 2
12 13 24 52 2000 2
12 13 55 49 2000 2
12 13 21 51 2000 2
12 13 27 44 2000 2
12 13 40 14 4000 2
12 13 3 63 4000 2
12 13 27 55 4000 2
12 13 0 41 4000 2
12 13 26 34 4000 2
12 13 24 38 4000 2
12 13 32 40 4000 2
12 13 55 34 4000 2
12 13 6 25 6000 2
12 13 33 49 6000 2
12 13 42 63 6000 2
12 13 12 24 6000 2
12 13 52 5 6000 2
12 13 49 1 6000 2
12 13 39 49 6000 2
12 13 46 10 6000 2
12 13 10 55 6000 2
12 13 0 11 6000 2
12 13 33 35 6000 2
12 13 8 5 6000 2
12 13 9 43 6000 2
12 13 35 59 8000 2
12 13 23 63 8000 2
12 13 8 2 8000 2
12 13 51 3 8000 2
12 13 3 18 8000 2
12 13 50 49 8000 2
12 13 43 55 10000 2
12 13 46 39 10000 2
12 13 49 32 10000 2
12 13 12 22 10000 2
