0 1 23 1 2000 2
0 1 27 52 2000 2
0 1 19 51 2000 2
0 1 9 10 2000 2
0 1 36 10 2000 2
0 1 43 15 2000 2
0 1 26 44 2000 2
0 1 43 36 2000 2
0 1 38 43 2000 2
0 1 23 53 4000 2
0 1 60 46 4000 2
0 1 52 60 4000 2
0 1 19 29 4000 2
0 1 50 53 6000 2
0 1 47 28 6000 2
0 1 28 41 6000 2
0 1 59 57 6000 2
0 1 1 36 6000 2
0 1 62 45 6000 2
0 1 54 46 6000 2
0 1 38 48 6000 2
0 1 6 45 6000 2
0 1 32 36 6000 2
0 1 37 22 6000 2
0 1 18 6 6000 2
0 1 57 3 8000 2
0 1 3 49 8000 2
0 1 12 8 8000 2
0 1 9 59 8000 2
0 1 49 14 8000 2
0 1 47 14 8000 2
0 1 25 54 10000 2
0 1 3 2 10000 2
0 1 63 15 10000 2
0 1 40 27 10000 2
0 1 52 36 10000 2
0 1 14 50 10000 2
0 1 7 55 10000 2
0 1 58 41 10000 2
0 1 17 18 10000 2
0 1 29 33 10000 2
0 1 40 11 10000 2
