15 0 22 20 2000 2
15 0 56 34 2000 2
15 0 60 23 2000 2
15 0 44 13 2000 2
15 0 2 63 2000 2
15 0 24 23 4000 2
15 0 34 17 4000 2
15 0 31 33 4000 2
15 0 37 4 4000 2
15 0 3 55 4000 2
15 0 42 48 4000 2
15 0 30 27 4000 2
15 0 18 53 4000 2
15 0 0 34 4000 2
15 0 0 24 4000 2
15 0 38 1 4000 2
15 0 49 17 4000 2
15 0 34 14 4000 2
15 0 2 24 6000 2
15 0 2 58 6000 2
15 0 6 15 6000 2
15 0 11 33 6000 2
15 0 56 27 6000 2
15 0 63 0 6000 2
15 0 19 33 6000 2
15 0 62 40 6000 2
15 0 61 10 6000 2
15 0 58 36 8000 2
15 0 34 12 8000 2
15 0 4 18 8000 2
15 0 15 49 8000 2
15 0 14 33 8000 2
15 0 32 38 8000 2
15 0 61 56 8000 2
15 0 5 40 8000 2
15 0 1 30 8000 2
15 0 6 49 8000 2
15 0 34 32 8000 2
15 0 36 63 8000 2
15 0 25 44 8000 2
15 0 12 23 8000 2
15 0 15 18 10000 2
15 0 2 34 10000 2
15 0 37 59 10000 2
15 0 13 19 10000 2
15 0 11 33 10000 2
15 0 52 11 10000 2
15 0 3 43 10000 2
15 0 18 39 10000 2
15 0 36 10 10000 2
15 0 32 60 10000 2
15 0 46 57 10000 2
15 0 42 54 10000 2
