10 11 39 20 2000 2
10 11 43 1 2000 2
10 11 35 37 2000 2
10 11 4 13 2000 2
10 11 43 35 2000 2
10 11 18 7 2000 2
10 11 53 40 2000 2
10 11 29 16 2000 2
10 11 31 61 2000 2
10 11 20 0 2000 2
10 11 52 18 4000 2
10 11 13 48 4000 2
10 11 51 33 4000 2
10 11 44 50 4000 2
10 11 49 31 4000 2
10 11 44 63 4000 2
10 11 32 35 6000 2
10 11 42 1 6000 2
10 11 27 43 6000 2
10 11 32 62 6000 2
10 11 36 6 6000 2
10 11 2 28 8000 2
10 11 11 34 8000 2
10 11 26 6 8000 2
10 11 49 17 8000 2
10 11 8 19 8000 2
10 11 54 6 8000 2
10 11 8 60 8000 2
10 11 9 38 8000 2
10 11 55 58 10000 2
10 11 3 42 10000 2
10 11 52 24 10000 2
10 11 38 3 10000 2
10 11 42 26 10000 2
10 11 33 0 10000 2
10 11 34 5 10000 2
10 11 25 0 10000 2
10 11 1 48 10000 2
10 11 15 34 10000 2
10 11 34 22 10000 2
