1 2 34 16 2000 2
1 2 19 49 2000 2
1 2 58 41 2000 2
1 2 47 27 2000 2
1 2 53 12 2000 2
1 2 63 9 2000 2
1 2 58 8 2000 2
1 2 61 60 2000 2
1 2 12 20 2000 2
1 2 41 49 2000 2
1 2 9 25 2000 2
1 2 51 12 2000 2
1 2 27 12 2000 2
1 2 32 12 2000 2
1 2 5 42 2000 2
1 2 6 42 4000 2
1 2 5 23 4000 2
1 2 31 38 4000 2
1 2 19 7 4000 2
1 2 50 31 4000 2
1 2 55 29 4000 2
1 2 8 20 4000 2
1 2 60 39 4000 2
1 2 11 35 4000 2
1 2 9 27 4000 2
1 2 20 9 4000 2
1 2 37 3 4000 2
1 2 5 42 4000 2
1 2 21 47 4000 2
1 2 32 7 4000 2
1 2 51 25 4000 2
1 2 28 17 6000 2
1 2 6 59 6000 2
1 2 7 57 6000 2
1 2 42 16 6000 2
1 2 19 30 8000 2
1 2 53 50 8000 2
1 2 37 55 8000 2
1 2 24 21 8000 2
1 2 46 5 8000 2
1 2 8 34 8000 2
1 2 47 27 8000 2
1 2 55 21 8000 2
1 2 32 15 8000 2
1 2 25 17 10000 2
1 2 5 18 10000 2
1 2 60 58 10000 2
1 2 29 24 10000 2
1 2 0 50 10000 2
1 2 27 55 10000 2
1 2 20 21 10000 2
