11 12 63 48 2000 2
11 12 53 21 2000 2
11 12 62 27 2000 2
11 12 19 43 2000 2
11 12 52 27 2000 2
11 12 25 19 2000 2
11 12 12 43 2000 2
11 12 49 16 2000 2
11 12 30 47 2000 2
11 12 26 40 2000 2
11 12 27 31 2000 2
11 12 18 55 2000 2
11 12 20 51 2000 2
11 12 45 62 4000 2
11 12 50 22 4000 2
11 12 57 56 4000 2
11 12 23 11 4000 2
11 12 29 1 4000 2
11 12 40 47 4000 2
11 12 9 61 4000 2
11 12 45 61 4000 2
11 12 59 57 4000 2
11 12 34 53 4000 2
11 12 46 39 4000 2
11 12 38 60 6000 2
11 12 50 36 6000 2
11 12 51 31 6000 2
11 12 40 8 6000 2
11 12 12 34 6000 2
11 12 5 42 6000 2
11 12 3 14 6000 2
11 12 9 57 6000 2
11 12 16 15 8000 2
11 12 54 53 8000 2
11 12 28 31 8000 2
11 12 63 32 8000 2
11 12 60 52 8000 2
11 12 35 2 8000 2
11 12 39 49 8000 2
11 12 61 1 8000 2
11 12 0 24 10000 2
11 12 48 12 10000 2
11 12 7 2 10000 2
11 12 32 26 10000 2
11 12 18 25 10000 2
11 12 8 15 10000 2
11 12 41 12 10000 2
11 12 0 5 10000 2
11 12 1 41 10000 2
11 12 39 38 10000 2
11 12 10 29 10000 2
11 12 0 29 10000 2
11 12 29 22 10000 2
