7 8 62 38 2000 2
7 8 9 16 2000 2
7 8 18 58 2000 2
7 8 29 53 2000 2
7 8 10 0 2000 2
7 8 13 6 2000 2
7 8 33 59 2000 2
7 8 15 47 2000 2
7 8 6 63 2000 2
7 8 11 5 2000 2
7 8 20 43 4000 2
7 8 25 20 4000 2
7 8 1 40 4000 2
7 8 40 16 4000 2
7 8 2 11 4000 2
7 8 16 50 4000 2
7 8 42 15 4000 2
7 8 3 32 4000 2
7 8 63 11 4000 2
7 8 30 25 4000 2
7 8 47 0 6000 2
7 8 36 4 6000 2
7 8 31 60 6000 2
7 8 28 58 6000 2
7 8 49 47 6000 2
7 8 61 27 6000 2
7 8 50 28 8000 2
7 8 39 54 8000 2
7 8 42 30 8000 2
7 8 43 16 8000 2
7 8 59 5 8000 2
7 8 55 28 8000 2
7 8 26 22 10000 2
7 8 27 34 10000 2
7 8 25 56 10000 2
7 8 11 3 10000 2
7 8 2 42 10000 2
7 8 13 43 10000 2
7 8 18 2 10000 2
7 8 36 57 10000 2
7 8 27 56 10000 2
7 8 9 57 10000 2
7 8 56 29 10000 2
