5 6 0 14 2000 2
5 6 44 34 2000 2
5 6 14 38 2000 2
5 6 40 41 2000 2
5 6 61 32 2000 2
5 6 12 31 2000 2
5 6 36 57 2000 2
5 6 60 55 2000 2
5 6 30 42 2000 2
5 6 21 6 2000 2
5 6 10 15 2000 2
5 6 1 55 2000 2
5 6 53 20 2000 2
5 6 52 53 4000 2
5 6 23 31 4000 2
5 6 43 40 4000 2
5 6 47 42 4000 2
5 6 60 41 4000 2
5 6 16 42 4000 2
5 6 59 22 4000 2
5 6 56 28 4000 2
5 6 23 29 4000 2
5 6 24 15 4000 2
5 6 22 6 4000 2
5 6 48 37 4000 2
5 6 33 47 4000 2
5 6 36 52 4000 2
5 6 59 16 6000 2
5 6 2 15 6000 2
5 6 51 41 6000 2
5 6 13 36 6000 2
5 6 29 1 6000 2
5 6 43 55 6000 2
5 6 61 26 6000 2
5 6 35 3 6000 2
5 6 50 46 8000 2
5 6 39 44 8000 2
5 6 59 15 8000 2
5 6 53 27 8000 2
5 6 35 19 8000 2
5 6 5 13 8000 2
5 6 60 26 8000 2
5 6 63 10 8000 2
5 6 29 7 10000 2
5 6 36 7 10000 2
5 6 8 59 10000 2
5 6 32 21 10000 2
5 6 18 23 10000 2
5 6 24 47 10000 2
5 6 39 55 10000 2
5 6 34 45 10000 2
