4 5 30 23 2000 2
4 5 33 42 2000 2
4 5 38 10 2000 2
4 5 56 27 2000 2
4 5 54 38 2000 2
4 5 18 47 2000 2
4 5 42 43 2000 2
4 5 15 10 2000 2
4 5 57 42 2000 2
4 5 46 17 4000 2
4 5 48 23 4000 2
4 5 60 18 4000 2
4 5 0 58 4000 2
4 5 22 4 4000 2
4 5 28 18 4000 2
4 5 2 18 4000 2
4 5 30 41 4000 2
4 5 62 30 4000 2
4 5 52 4 6000 2
4 5 2 59 6000 2
4 5 53 48 6000 2
4 5 13 53 6000 2
4 5 17 20 6000 2
4 5 55 57 6000 2
4 5 35 38 6000 2
4 5 63 41 6000 2
4 5 33 44 6000 2
4 5 16 5 6000 2
4 5 15 8 6000 2
4 5 50 25 6000 2
4 5 0 27 8000 2
4 5 50 2 8000 2
4 5 3 57 8000 2
4 5 63 12 8000 2
4 5 25 41 8000 2
4 5 23 4 8000 2
4 5 41 61 8000 2
4 5 19 63 8000 2
4 5 60 58 8000 2
4 5 2 39 8000 2
4 5 12 39 8000 2
4 5 53 8 10000 2
4 5 53 0 10000 2
4 5 10 63 10000 2
4 5 4 20 10000 2
4 5 22 56 10000 2
4 5 33 15 10000 2
4 5 63 50 10000 2
4 5 55 8 10000 2
4 5 15 23 10000 2
4 5 56 24 10000 2
