2 3 50 15 2000 2
2 3 39 26 2000 2
2 3 13 59 2000 2
2 3 36 3 2000 2
2 3 62 21 2000 2
2 3 45 30 2000 2
2 3 37 50 2000 2
2 3 16 63 2000 2
2 3 8 30 2000 2
2 3 37 51 2000 2
2 3 29 11 2000 2
2 3 1 40 2000 2
2 3 62 25 2000 2
2 3 8 50 2000 2
2 3 8 34 2000 2
2 3 4 45 2000 2
2 3 5 63 4000 2
2 3 22 54 4000 2
2 3 62 8 4000 2
2 3 0 4 4000 2
2 3 34 51 4000 2
2 3 34 0 4000 2
2 3 21 35 4000 2
2 3 62 63 4000 2
2 3 58 8 4000 2
2 3 34 60 4000 2
2 3 41 16 4000 2
2 3 33 23 4000 2
2 3 33 12 4000 2
2 3 52 9 4000 2
2 3 30 37 6000 2
2 3 42 34 6000 2
2 3 55 8 6000 2
2 3 56 16 6000 2
2 3 44 49 6000 2
2 3 61 36 6000 2
2 3 21 5 6000 2
2 3 31 3 6000 2
2 3 7 42 6000 2
2 3 62 11 8000 2
2 3 23 30 8000 2
2 3 44 0 8000 2
2 3 59 57 8000 2
2 3 33 24 8000 2
2 3 16 0 8000 2
2 3 28 17 8000 2
2 3 47 60 8000 2
2 3 26 12 8000 2
2 3 37 14 10000 2
2 3 54 24 10000 2
2 3 15 47 10000 2
2 3 49 39 10000 2
2 3 2 38 10000 2
2 3 36 27 10000 2
2 3 21 35 10000 2
2 3 11 23 10000 2
2 3 30 56 10000 2
2 3 63 61 10000 2
2 3 34 54 10000 2
2 3 8 48 10000 2
2 3 20 15 10000 2
2 3 45 1 10000 2
2 3 47 59 10000 2
2 3 33 62 10000 2
