3 4 30 28 2000 2
3 4 59 44 2000 2
3 4 37 12 2000 2
3 4 23 4 2000 2
3 4 37 1 2000 2
3 4 35 56 2000 2
3 4 58 50 2000 2
3 4 20 15 2000 2
3 4 9 48 2000 2
3 4 8 12 2000 2
3 4 6 35 2000 2
3 4 33 58 2000 2
3 4 52 49 2000 2
3 4 36 42 2000 2
3 4 59 51 2000 2
3 4 6 19 2000 2
3 4 30 53 2000 2
3 4 47 10 4000 2
3 4 20 33 4000 2
3 4 36 58 4000 2
3 4 33 37 6000 2
3 4 9 24 6000 2
3 4 63 37 6000 2
3 4 57 4 6000 2
3 4 32 26 6000 2
3 4 57 33 6000 2
3 4 12 34 6000 2
3 4 11 33 6000 2
3 4 51 56 6000 2
3 4 34 4 6000 2
3 4 12 25 6000 2
3 4 48 3 8000 2
3 4 7 37 8000 2
3 4 29 27 8000 2
3 4 34 20 8000 2
3 4 10 19 8000 2
3 4 53 13 8000 2
3 4 18 57 8000 2
3 4 19 25 8000 2
3 4 14 8 8000 2
3 4 11 23 8000 2
3 4 10 62 10000 2
3 4 33 34 10000 2
3 4 11 59 10000 2
3 4 62 1 10000 2
3 4 31 30 10000 2
3 4 45 27 10000 2
3 4 52 56 10000 2
3 4 9 4 10000 2
3 4 61 42 10000 2
