8 9 54 62 2000 2
8 9 38 6 2000 2
8 9 45 18 2000 2
8 9 33 16 2000 2
8 9 51 0 2000 2
8 9 12 29 2000 2
8 9 14 56 2000 2
8 9 12 6 2000 2
8 9 46 29 4000 2
8 9 43 10 4000 2
8 9 33 17 4000 2
8 9 24 34 4000 2
8 9 40 32 4000 2
8 9 63 49 4000 2
8 9 8 7 4000 2
8 9 47 37 4000 2
8 9 36 29 4000 2
8 9 6 2 6000 2
8 9 45 34 6000 2
8 9 27 36 6000 2
8 9 14 3 6000 2
8 9 20 14 6000 2
8 9 24 59 6000 2
8 9 26 36 8000 2
8 9 4 59 8000 2
8 9 30 46 8000 2
8 9 51 58 8000 2
8 9 54 17 8000 2
8 9 4 9 8000 2
8 9 62 18 8000 2
8 9 1 12 8000 2
8 9 30 63 10000 2
8 9 42 15 10000 2
8 9 44 50 10000 2
8 9 2 46 10000 2
8 9 49 17 10000 2
8 9 36 42 10000 2
8 9 63 61 10000 2
8 9 60 31 10000 2
8 9 37 5 10000 2
8 9 3 5 10000 2
8 9 12 42 10000 2
8 9 11 37 10000 2
