1 2 6 30 4003 2
1 2 22 37 4003 2
1 2 30 31 4003 2
1 2 46 37 4003 2
1 2 62 36 4003 2
1 2 52 60 4003 2
1 2 37 38 4005 2
1 2 55 62 4005 2
1 2 3 1 4007 2
1 2 2 18 4007 2
1 2 14 5 4007 2
1 2 4 63 4007 2
1 2 14 45 4007 2
1 2 45 23 4007 2
1 2 51 43 4007 2
1 2 32 17 4007 2
1 2 10 8 4007 2
1 2 9 11 4009 2
1 2 28 4 4009 2
1 2 37 7 4009 2
1 2 53 22 4009 2
1 2 56 33 4009 2
1 2 11 10 4011 2
1 2 19 5 4011 2
1 2 12 29 4011 2
1 2 22 30 4011 2
1 2 44 30 4011 2
1 2 49 60 4011 2
1 2 8 40 4011 2
1 2 62 38 4012 2
1 2 1 20 4013 2
1 2 35 45 4013 2
1 2 50 38 4013 2
1 2 31 63 4013 2
1 2 21 62 4013 2
1 2 26 42 4013 2
1 2 26 0 4015 2
1 2 19 1 4015 2
1 2 13 18 4015 2
1 2 29 21 4015 2
1 2 13 45 4015 2
1 2 18 63 4015 2
1 2 20 44 4015 2
1 2 28 15 4016 2
1 2 42 61 4016 2
1 2 43 3 4017 2
1 2 21 20 4017 2
1 2 52 55 4017 2
1 2 58 55 4017 2
1 2 2 59 4017 2
1 2 44 58 4017 2
1 2 9 49 4017 2
1 2 32 48 4017 2
1 2 24 8 4017 2
1 2 8 9 4019 2
1 2 34 18 4019 2
1 2 27 5 4019 2
1 2 31 62 4019 2
0 2 14 29 4003 2
0 2 46 36 4003 2
0 2 54 46 4003 2
1 2 27 15 4020 2
1 2 49 25 4020 2
1 2 7 11 4021 2
1 2 15 12 4021 2
1 2 33 50 4021 2
1 2 34 57 4021 2
1 2 36 8 4021 2
0 2 3 28 4005 2
0 2 21 55 4005 2
0 2 37 22 4005 2
0 2 61 55 4005 2
0 2 45 61 4005 2
0 2 24 32 4005 2
1 2 51 34 4022 2
1 2 4 9 4023 2
1 2 33 2 4023 2
1 2 39 5 4023 2
1 2 11 48 4023 2
1 2 52 41 4023 2
0 2 3 27 4007 2
0 2 4 37 4007 2
0 2 8 25 4007 2
0 2 32 17 4007 2
1 2 20 3 4025 2
1 2 51 17 4025 2
0 2 18 9 4009 2
0 2 13 20 4009 2
0 2 7 14 4009 2
1 2 0 45 4026 2
0 2 13 29 4009 2
0 2 61 37 4009 2
0 2 31 63 4009 2
1 2 31 32 4026 2
0 2 27 43 4009 2
0 2 26 32 4009 2
1 2 20 9 4027 2
1 2 57 18 4027 2
1 2 55 13 4027 2
1 2 57 6 4027 2
1 2 5 11 4029 2
1 2 43 17 4029 2
0 2 28 3 4011 2
0 2 28 31 4011 2
0 2 34 22 4011 2
0 2 43 61 4011 2
0 2 40 17 4011 2
1 2 44 34 4030 2
1 2 35 1 4031 2
1 2 36 2 4031 2
1 2 58 12 4031 2
1 2 0 5 4031 2
1 2 46 48 4032 2
1 2 53 11 4033 2
1 2 8 53 4033 2
1 2 38 16 4033 2
1 2 28 34 4034 2
1 2 6 18 4035 2
1 2 10 20 4035 2
1 2 1 21 4035 2
1 2 30 1 4036 2
1 2 5 56 4036 2
1 2 1 19 4037 2
1 2 7 28 4039 2
1 2 36 56 4040 2
1 2 14 32 4040 2
0 2 19 1 4013 2
0 2 12 2 4013 2
0 2 15 4 4013 2
0 2 2 36 4013 2
0 2 14 30 4013 2
0 2 17 39 4013 2
0 2 20 51 4013 2
0 2 25 49 4013 2
0 2 10 32 4013 2
1 2 16 3 4041 2
1 2 37 8 4042 2
1 2 25 20 4043 2
1 2 12 56 4044 2
0 2 12 27 4015 2
0 2 33 38 4015 2
0 2 44 31 4015 2
0 2 50 23 4015 2
0 2 25 17 4015 2
1 2 15 19 4045 2
1 2 25 28 4047 2
1 2 46 0 4048 2
1 2 42 16 4048 2
0 2 35 9 4017 2
0 2 58 10 4017 2
0 2 0 20 4017 2
0 2 44 6 4017 2
0 2 1 31 4017 2
0 2 11 47 4017 2
0 2 20 54 4017 2
0 2 48 51 4017 2
0 2 12 50 4017 2
1 2 23 3 4049 2
0 2 0 19 4019 2
0 2 27 21 4019 2
0 2 36 22 4019 2
0 2 43 47 4019 2
0 2 49 45 4019 2
0 2 57 37 4019 2
0 2 1 25 4019 2
1 2 40 19 4053 2
0 2 25 60 4020 2
0 2 45 41 4020 2
1 2 2 53 4056 2
0 2 11 1 4021 2
0 2 33 10 4021 2
0 2 3 12 4021 2
0 2 18 30 4021 2
0 2 26 46 4021 2
0 2 47 58 4021 2
0 2 8 56 4021 2
0 2 0 17 4021 2
1 2 23 11 4057 2
0 2 40 0 4023 2
0 2 20 27 4023 2
0 2 53 5 4023 2
0 2 52 6 4023 2
0 2 48 36 4023 2
0 2 36 25 4023 2
0 2 31 61 4024 2
0 2 13 52 4024 2
1 2 54 27 4061 2
0 2 41 9 4025 2
0 2 22 18 4025 2
0 2 58 12 4025 2
0 2 29 17 4025 2
0 2 14 3 4027 2
0 2 10 5 4027 2
0 2 55 14 4027 2
0 2 42 37 4027 2
0 2 17 26 4027 2
0 2 16 60 4028 2
0 2 30 9 4029 2
0 2 21 10 4029 2
0 2 46 4 4029 2
0 2 19 56 4029 2
0 2 36 8 4030 2
0 2 51 19 4031 2
0 2 41 5 4031 2
0 2 1 6 4031 2
0 2 35 40 4031 2
0 2 42 34 4031 2
0 2 38 24 4031 2
0 2 43 9 4033 2
0 2 16 12 4033 2
0 2 27 3 4035 2
0 2 28 32 4035 2
0 2 5 26 4035 2
0 2 23 16 4035 2
0 2 45 2 4036 2
0 2 22 21 4036 2
0 2 63 12 4037 2
0 2 35 41 4038 2
0 2 21 19 4039 2
0 2 41 16 4039 2
0 2 17 5 4040 2
0 2 44 25 4041 2
0 2 46 9 4042 2
0 2 42 3 4043 2
0 2 6 17 4043 2
0 2 39 56 4044 2
0 2 56 8 4044 2
0 2 23 49 4045 2
0 2 2 62 4046 2
0 2 4 41 4046 2
0 2 30 19 4047 2
0 2 57 16 4047 2
0 2 5 8 4048 2
0 2 29 26 4049 2
0 2 4 40 4050 2
0 2 52 27 4051 2
0 2 29 33 4051 2
0 2 39 8 4052 2
0 2 47 26 4053 2
0 2 31 11 4055 2
0 2 6 40 4056 2
0 2 2 34 4057 2
0 2 51 3 4059 2
0 2 47 0 4062 2
0 2 56 17 4062 2
0 2 53 3 4063 2
0 2 33 11 4067 2
0 2 51 25 4068 2
0 2 53 0 4070 2
0 2 55 8 4076 2
0 2 3 28 7505 2
0 2 61 55 7505 2
0 2 24 32 7505 2
0 2 3 27 7507 2
0 2 4 37 7507 2
0 2 8 25 7507 2
0 2 32 17 7507 2
0 2 18 9 7509 2
0 2 13 20 7509 2
0 2 61 37 7509 2
0 2 31 63 7509 2
0 2 26 32 7509 2
0 2 28 3 7511 2
0 2 40 17 7511 2
0 2 19 1 7513 2
0 2 12 2 7513 2
0 2 10 32 7513 2
0 2 12 27 7515 2
0 2 25 17 7515 2
0 2 58 10 7517 2
0 2 0 20 7517 2
0 2 44 6 7517 2
0 2 0 19 7519 2
0 2 1 25 7519 2
0 2 11 1 7520 2
0 2 22 18 7521 2
0 2 3 12 7521 2
0 2 27 21 7521 2
0 2 0 17 7521 2
0 2 56 8 7521 2
0 2 42 34 7522 2
0 2 51 19 7523 2
0 2 41 9 7524 2
0 2 33 10 7525 2
0 2 29 17 7525 2
0 2 29 33 7526 2
0 2 17 26 7526 2
0 2 20 27 7527 2
0 2 30 9 7528 2
0 2 22 21 7529 2
0 2 5 26 7530 2
0 2 42 3 7531 2
0 2 41 16 7531 2
0 2 40 0 7532 2
0 2 43 9 7532 2
0 2 27 3 7535 2
0 2 6 17 7535 2
0 2 5 8 7538 2
0 2 51 3 7539 2
0 2 57 16 7539 2
0 2 28 32 7540 2
0 2 51 25 7540 2
0 2 30 19 7543 2
0 2 23 16 7543 2
0 2 29 26 7544 2
0 2 31 11 7547 2
0 2 56 17 7547 2
1 2 6 30 7503 2
1 2 62 36 7503 2
1 2 3 1 7507 2
1 2 11 10 7507 2
1 2 14 5 7507 2
1 2 32 17 7507 2
1 2 10 8 7507 2
1 2 9 11 7509 2
1 2 28 4 7509 2
1 2 56 33 7509 2
1 2 2 18 7511 2
1 2 8 40 7511 2
1 2 7 11 7513 2
1 2 1 20 7513 2
1 2 29 21 7513 2
1 2 31 63 7513 2
1 2 26 0 7515 2
1 2 8 9 7515 2
1 2 13 18 7515 2
1 2 20 3 7517 2
1 2 15 12 7517 2
1 2 24 8 7517 2
1 2 20 9 7519 2
1 2 34 18 7519 2
1 2 39 5 7519 2
1 2 51 17 7519 2
1 2 49 25 7520 2
1 2 4 9 7523 2
1 2 33 2 7523 2
1 2 0 5 7525 2
1 2 35 1 7527 2
1 2 1 19 7529 2
1 2 1 21 7529 2
0 2 3 28 11005 2
0 2 3 27 11007 2
0 2 32 17 11007 2
0 2 31 63 11009 2
0 2 19 1 11011 2
0 2 28 3 11011 2
0 2 40 17 11011 2
0 2 12 2 11013 2
0 2 51 19 11015 2
0 2 56 8 11017 2
0 2 12 27 11019 2
0 2 41 16 11019 2
0 2 41 9 11021 2
0 2 51 3 11023 2
0 2 40 0 11027 2
0 2 56 17 11027 2
0 2 51 25 11029 2
1 2 3 1 11007 2
1 2 11 10 11007 2
1 2 32 17 11007 2
1 2 56 33 11009 2
1 2 2 18 11011 2
1 2 31 63 11013 2
1 2 24 8 11013 2
1 2 8 9 11015 2
