2 3 3 19 4503 2
2 3 62 22 4503 2
2 3 21 46 4505 2
2 3 20 28 4507 2
2 3 12 23 4507 2
2 3 2 1 4509 2
2 3 19 23 4509 2
2 3 27 22 4509 2
2 3 34 35 4509 2
2 3 17 34 4509 2
2 3 11 8 4509 2
2 3 16 2 4511 2
2 3 0 3 4511 2
2 3 60 47 4511 2
2 3 0 9 4513 2
2 3 22 21 4513 2
2 3 1 23 4513 2
2 3 21 22 4513 2
2 3 32 59 4513 2
2 3 34 18 4515 2
2 3 40 22 4515 2
2 3 56 31 4515 2
2 3 9 42 4515 2
2 3 41 9 4517 2
2 3 61 5 4517 2
2 3 3 37 4517 2
2 3 25 30 4517 2
2 3 26 53 4517 2
2 3 11 51 4517 2
2 3 45 26 4517 2
2 3 20 18 4519 2
2 3 8 27 4519 2
2 3 10 63 4519 2
2 3 32 46 4519 2
2 3 56 7 4519 2
2 3 45 50 4519 2
2 3 2 48 4519 2
2 3 60 6 4521 2
2 3 25 37 4521 2
2 3 5 62 4521 2
2 3 10 53 4521 2
2 3 1 41 4521 2
2 3 17 50 4523 2
2 3 22 34 4523 2
2 3 41 12 4525 2
2 3 18 6 4525 2
2 3 26 39 4525 2
2 3 12 53 4525 2
2 3 61 24 4525 2
2 3 6 17 4525 2
2 3 6 57 4527 2
2 3 62 1 4533 2
2 3 27 13 4533 2
2 3 40 6 4533 2
2 3 8 62 4533 2
2 3 17 34 11009 2
2 3 3 19 11503 2
2 3 3 37 11513 2
2 3 32 46 11519 2
