13 14 22 10 2000 2
13 14 17 31 2000 2
13 14 13 36 2000 2
13 14 15 27 2000 2
13 14 0 29 2000 2
13 14 15 12 2000 2
13 14 39 50 2000 2
13 14 13 49 2000 2
13 14 48 52 2000 2
13 14 0 25 2000 2
13 14 42 13 2000 2
13 14 62 51 2000 2
13 14 58 18 2000 2
13 14 53 46 4000 2
13 14 46 7 4000 2
13 14 0 62 4000 2
13 14 63 40 4000 2
13 14 23 34 4000 2
13 14 52 8 4000 2
13 14 51 52 4000 2
13 14 47 30 4000 2
13 14 18 41 4000 2
13 14 6 18 4000 2
13 14 33 40 4000 2
13 14 12 32 6000 2
13 14 6 27 6000 2
13 14 58 19 6000 2
13 14 1 44 6000 2
13 14 28 39 6000 2
13 14 59 40 6000 2
13 14 0 32 6000 2
13 14 12 40 6000 2
13 14 3 46 8000 2
13 14 38 44 8000 2
13 14 30 48 8000 2
13 14 57 32 8000 2
13 14 0 61 8000 2
13 14 31 44 8000 2
13 14 12 19 10000 2
13 14 49 61 10000 2
13 14 4 55 10000 2
13 14 29 63 10000 2
13 14 43 13 10000 2
13 14 0 62 10000 2
13 14 42 56 10000 2
13 14 20 43 10000 2
13 14 30 3 10000 2
