8 9 39 37 2000 2
8 9 2 49 2000 2
8 9 6 41 2000 2
8 9 15 48 2000 2
8 9 9 53 2000 2
8 9 46 13 4000 2
8 9 12 52 4000 2
8 9 38 35 4000 2
8 9 13 26 4000 2
8 9 51 6 4000 2
8 9 47 63 4000 2
8 9 19 60 4000 2
8 9 54 55 4000 2
8 9 15 18 4000 2
8 9 1 48 4000 2
8 9 19 27 4000 2
8 9 27 45 4000 2
8 9 45 0 6000 2
8 9 57 36 6000 2
8 9 6 47 6000 2
8 9 41 13 6000 2
8 9 31 28 6000 2
8 9 1 56 6000 2
8 9 56 21 6000 2
8 9 46 38 6000 2
8 9 49 22 6000 2
8 9 3 28 6000 2
8 9 5 14 6000 2
8 9 26 28 8000 2
8 9 24 59 8000 2
8 9 38 21 8000 2
8 9 13 49 8000 2
8 9 61 40 8000 2
8 9 46 47 8000 2
8 9 37 52 8000 2
8 9 59 63 8000 2
8 9 10 2 8000 2
8 9 54 63 8000 2
8 9 54 59 8000 2
8 9 5 33 10000 2
8 9 10 42 10000 2
8 9 31 17 10000 2
8 9 28 46 10000 2
8 9 53 1 10000 2
8 9 13 30 10000 2
8 9 17 59 10000 2
8 9 12 16 10000 2
8 9 26 27 10000 2
8 9 40 19 10000 2
