3 4 26 43 2000 2
3 4 8 46 2000 2
3 4 53 34 2000 2
3 4 50 19 2000 2
3 4 52 24 2000 2
3 4 30 29 4000 2
3 4 11 18 4000 2
3 4 36 49 4000 2
3 4 16 21 4000 2
3 4 3 29 4000 2
3 4 14 59 4000 2
3 4 30 58 4000 2
3 4 10 25 6000 2
3 4 1 41 6000 2
3 4 43 25 6000 2
3 4 33 50 6000 2
3 4 10 55 6000 2
3 4 10 29 6000 2
3 4 15 31 6000 2
3 4 59 5 6000 2
3 4 38 45 8000 2
3 4 15 13 8000 2
3 4 7 32 8000 2
3 4 12 41 8000 2
3 4 8 44 8000 2
3 4 33 11 8000 2
3 4 45 24 8000 2
3 4 25 21 10000 2
3 4 25 63 10000 2
3 4 48 37 10000 2
3 4 31 27 10000 2
3 4 10 6 10000 2
3 4 26 7 10000 2
3 4 26 42 10000 2
3 4 49 38 10000 2
3 4 26 28 10000 2
3 4 13 48 10000 2
3 4 62 8 10000 2
