10 11 54 20 2000 2
10 11 18 53 2000 2
10 11 2 21 2000 2
10 11 53 12 2000 2
10 11 40 58 2000 2
10 11 52 11 2000 2
10 11 29 25 2000 2
10 11 55 41 2000 2
10 11 32 27 2000 2
10 11 59 21 2000 2
10 11 49 6 2000 2
10 11 57 4 2000 2
10 11 35 37 4000 2
10 11 6 3 4000 2
10 11 33 37 4000 2
10 11 9 26 4000 2
10 11 0 11 4000 2
10 11 47 52 4000 2
10 11 50 53 4000 2
10 11 40 1 4000 2
10 11 42 45 4000 2
10 11 22 7 6000 2
10 11 26 61 6000 2
10 11 2 30 6000 2
10 11 28 20 6000 2
10 11 0 61 6000 2
10 11 4 6 6000 2
10 11 17 34 6000 2
10 11 14 25 6000 2
10 11 2 19 6000 2
10 11 35 38 8000 2
10 11 47 25 8000 2
10 11 23 49 8000 2
10 11 17 52 8000 2
10 11 22 4 8000 2
10 11 58 19 8000 2
10 11 23 54 8000 2
10 11 28 9 8000 2
10 11 39 40 10000 2
10 11 35 27 10000 2
10 11 18 63 10000 2
10 11 26 31 10000 2
10 11 56 10 10000 2
10 11 43 57 10000 2
10 11 43 13 10000 2
10 11 41 45 10000 2
10 11 3 60 10000 2
10 11 4 43 10000 2
