6 7 31 54 2000 2
6 7 11 53 2000 2
6 7 4 5 2000 2
6 7 26 21 2000 2
6 7 6 4 2000 2
6 7 47 58 4000 2
6 7 15 25 4000 2
6 7 4 18 4000 2
6 7 60 10 4000 2
6 7 34 7 4000 2
6 7 32 41 4000 2
6 7 20 8 4000 2
6 7 61 47 4000 2
6 7 5 58 4000 2
6 7 41 28 4000 2
6 7 49 12 4000 2
6 7 44 27 4000 2
6 7 43 49 4000 2
6 7 16 57 6000 2
6 7 55 34 6000 2
6 7 2 54 6000 2
6 7 59 16 6000 2
6 7 23 15 6000 2
6 7 59 30 6000 2
6 7 41 43 6000 2
6 7 12 18 6000 2
6 7 21 33 6000 2
6 7 57 52 6000 2
6 7 47 62 8000 2
6 7 10 26 8000 2
6 7 60 36 8000 2
6 7 27 40 8000 2
6 7 35 52 8000 2
6 7 47 34 8000 2
6 7 29 13 8000 2
6 7 59 37 8000 2
6 7 41 49 8000 2
6 7 2 59 8000 2
6 7 18 5 8000 2
6 7 43 16 10000 2
6 7 51 6 10000 2
6 7 22 30 10000 2
6 7 53 27 10000 2
6 7 8 23 10000 2
6 7 45 17 10000 2
