7 8 59 54 2000 2
7 8 56 61 2000 2
7 8 44 61 2000 2
7 8 58 6 2000 2
7 8 7 31 2000 2
7 8 51 38 2000 2
7 8 12 0 2000 2
7 8 59 17 2000 2
7 8 58 10 2000 2
7 8 56 4 2000 2
7 8 18 35 4000 2
7 8 45 22 4000 2
7 8 54 59 4000 2
7 8 1 36 4000 2
7 8 10 21 4000 2
7 8 6 16 4000 2
7 8 48 22 4000 2
7 8 31 61 4000 2
7 8 59 10 4000 2
7 8 49 39 6000 2
7 8 13 34 6000 2
7 8 37 50 6000 2
7 8 4 29 6000 2
7 8 12 54 6000 2
7 8 2 22 6000 2
7 8 56 19 6000 2
7 8 6 40 6000 2
7 8 49 33 6000 2
7 8 7 42 6000 2
7 8 53 39 6000 2
7 8 44 15 8000 2
7 8 55 22 8000 2
7 8 0 1 8000 2
7 8 37 44 8000 2
7 8 41 10 8000 2
7 8 57 6 8000 2
7 8 61 14 8000 2
7 8 44 39 8000 2
7 8 33 36 8000 2
7 8 60 17 10000 2
7 8 34 59 10000 2
7 8 14 37 10000 2
7 8 29 21 10000 2
7 8 49 47 10000 2
7 8 61 39 10000 2
7 8 17 3 10000 2
