14 15 41 3 2000 2
14 15 23 56 2000 2
14 15 62 34 2000 2
14 15 56 34 2000 2
14 15 15 11 2000 2
14 15 47 56 2000 2
14 15 43 22 2000 2
14 15 44 38 2000 2
14 15 25 47 2000 2
14 15 4 52 4000 2
14 15 27 24 4000 2
14 15 53 11 4000 2
14 15 43 28 4000 2
14 15 13 47 4000 2
14 15 59 7 4000 2
14 15 30 28 4000 2
14 15 31 36 4000 2
14 15 61 11 4000 2
14 15 37 61 4000 2
14 15 42 8 4000 2
14 15 50 58 4000 2
14 15 11 36 6000 2
14 15 59 61 6000 2
14 15 24 37 6000 2
14 15 14 22 6000 2
14 15 10 63 6000 2
14 15 33 22 6000 2
14 15 9 24 6000 2
14 15 61 20 6000 2
14 15 10 13 6000 2
14 15 52 35 6000 2
14 15 58 1 6000 2
14 15 10 21 6000 2
14 15 60 55 6000 2
14 15 60 2 8000 2
14 15 38 12 8000 2
14 15 17 43 8000 2
14 15 21 4 8000 2
14 15 33 51 8000 2
14 15 4 20 8000 2
14 15 59 12 8000 2
14 15 22 30 8000 2
14 15 6 48 10000 2
14 15 34 53 10000 2
14 15 52 42 10000 2
14 15 13 9 10000 2
14 15 37 36 10000 2
14 15 42 56 10000 2
14 15 62 14 10000 2
14 15 2 22 10000 2
14 15 29 35 10000 2
14 15 37 43 10000 2
14 15 51 52 10000 2
