0 1 49 3 2000 2
0 1 41 30 2000 2
0 1 61 7 2000 2
0 1 44 45 2000 2
0 1 11 12 2000 2
0 1 56 13 4000 2
0 1 55 52 4000 2
0 1 43 21 4000 2
0 1 40 46 4000 2
0 1 60 8 4000 2
0 1 29 18 4000 2
0 1 15 61 4000 2
0 1 5 63 4000 2
0 1 43 63 4000 2
0 1 33 30 4000 2
0 1 39 33 4000 2
0 1 41 16 4000 2
0 1 16 13 4000 2
0 1 30 62 6000 2
0 1 38 51 6000 2
0 1 35 1 6000 2
0 1 23 0 6000 2
0 1 3 59 6000 2
0 1 53 34 6000 2
0 1 56 16 6000 2
0 1 16 28 6000 2
0 1 41 47 6000 2
0 1 55 32 6000 2
0 1 42 37 6000 2
0 1 1 60 6000 2
0 1 33 23 6000 2
0 1 63 19 8000 2
0 1 31 29 8000 2
0 1 46 62 8000 2
0 1 62 52 8000 2
0 1 19 57 8000 2
0 1 13 50 8000 2
0 1 15 24 8000 2
0 1 21 49 8000 2
0 1 53 17 8000 2
0 1 47 33 10000 2
0 1 45 49 10000 2
0 1 47 31 10000 2
0 1 23 50 10000 2
0 1 62 39 10000 2
0 1 34 45 10000 2
0 1 48 44 10000 2
0 1 42 16 10000 2
0 1 52 41 10000 2
0 1 45 35 10000 2
0 1 33 40 10000 2
0 1 17 2 10000 2
0 1 17 8 10000 2
0 1 35 51 10000 2
0 1 26 37 10000 2
0 1 38 50 10000 2
