15 0 62 45 2000 2
15 0 14 20 2000 2
15 0 6 43 2000 2
15 0 59 54 2000 2
15 0 8 20 2000 2
15 0 19 59 2000 2
15 0 23 33 2000 2
15 0 44 10 2000 2
15 0 22 3 2000 2
15 0 21 4 4000 2
15 0 45 12 4000 2
15 0 53 8 4000 2
15 0 4 8 4000 2
15 0 45 26 4000 2
15 0 2 1 4000 2
15 0 38 62 4000 2
15 0 34 29 4000 2
15 0 49 24 4000 2
15 0 53 39 4000 2
15 0 52 25 4000 2
15 0 1 15 6000 2
15 0 31 46 6000 2
15 0 56 22 6000 2
15 0 54 62 6000 2
15 0 32 49 6000 2
15 0 5 38 8000 2
15 0 25 48 8000 2
15 0 32 36 8000 2
15 0 0 34 8000 2
15 0 33 46 8000 2
15 0 48 30 8000 2
15 0 16 14 8000 2
15 0 59 50 8000 2
15 0 60 42 8000 2
15 0 42 61 8000 2
15 0 15 10 8000 2
15 0 39 29 8000 2
15 0 56 55 10000 2
15 0 57 48 10000 2
15 0 27 20 10000 2
15 0 59 17 10000 2
15 0 57 58 10000 2
15 0 50 26 10000 2
15 0 34 35 10000 2
15 0 2 4 10000 2
15 0 58 9 10000 2
15 0 7 31 10000 2
15 0 12 2 10000 2
15 0 15 41 10000 2
