5 6 48 60 2000 2
5 6 55 60 2000 2
5 6 57 47 2000 2
5 6 45 5 2000 2
5 6 42 9 2000 2
5 6 11 23 2000 2
5 6 34 19 2000 2
5 6 34 10 2000 2
5 6 4 40 2000 2
5 6 63 6 2000 2
5 6 32 56 2000 2
5 6 59 5 2000 2
5 6 62 2 4000 2
5 6 31 28 4000 2
5 6 59 30 4000 2
5 6 45 26 4000 2
5 6 63 9 4000 2
5 6 45 28 4000 2
5 6 21 8 4000 2
5 6 9 47 4000 2
5 6 7 61 4000 2
5 6 48 63 4000 2
5 6 32 11 6000 2
5 6 1 23 6000 2
5 6 23 54 6000 2
5 6 14 61 6000 2
5 6 35 60 6000 2
5 6 38 33 6000 2
5 6 43 27 6000 2
5 6 26 42 6000 2
5 6 19 37 6000 2
5 6 7 8 8000 2
5 6 15 21 8000 2
5 6 33 53 8000 2
5 6 7 16 8000 2
5 6 10 55 8000 2
5 6 60 7 8000 2
5 6 1 59 8000 2
5 6 26 33 8000 2
5 6 22 42 8000 2
5 6 50 5 8000 2
5 6 37 2 8000 2
5 6 61 31 8000 2
5 6 40 26 8000 2
5 6 27 33 10000 2
5 6 33 5 10000 2
5 6 48 58 10000 2
5 6 54 7 10000 2
5 6 25 2 10000 2
5 6 53 47 10000 2
5 6 58 32 10000 2
5 6 16 20 10000 2
5 6 44 29 10000 2
5 6 56 6 10000 2
5 6 58 38 10000 2
5 6 56 26 10000 2
5 6 59 53 10000 2
5 6 5 49 10000 2
