9 10 6 54 2000 2
9 10 45 14 2000 2
9 10 10 9 2000 2
9 10 62 50 2000 2
9 10 2 20 2000 2
9 10 21 37 2000 2
9 10 61 35 2000 2
9 10 49 54 2000 2
9 10 54 0 2000 2
9 10 14 40 2000 2
9 10 8 37 2000 2
9 10 10 46 4000 2
9 10 37 41 4000 2
9 10 1 21 4000 2
9 10 49 46 4000 2
9 10 18 47 4000 2
9 10 38 20 4000 2
9 10 59 22 4000 2
9 10 13 18 4000 2
9 10 50 30 4000 2
9 10 14 57 4000 2
9 10 16 36 6000 2
9 10 62 29 6000 2
9 10 15 35 6000 2
9 10 61 47 6000 2
9 10 42 20 6000 2
9 10 52 40 6000 2
9 10 20 18 6000 2
9 10 25 46 6000 2
9 10 12 15 6000 2
9 10 47 10 6000 2
9 10 9 51 6000 2
9 10 36 18 8000 2
9 10 38 3 8000 2
9 10 49 44 8000 2
9 10 47 26 8000 2
9 10 18 22 8000 2
9 10 17 36 8000 2
9 10 28 42 10000 2
9 10 44 57 10000 2
9 10 15 7 10000 2
9 10 3 44 10000 2
9 10 18 62 10000 2
9 10 4 42 10000 2
9 10 38 32 10000 2
9 10 36 10 10000 2
9 10 17 42 10000 2
9 10 14 18 10000 2
