4 5 6 8 2000 2
4 5 22 19 2000 2
4 5 20 62 2000 2
4 5 10 29 2000 2
4 5 62 60 2000 2
4 5 58 16 2000 2
4 5 34 58 2000 2
4 5 19 51 2000 2
4 5 49 35 2000 2
4 5 26 53 2000 2
4 5 17 7 2000 2
4 5 23 45 2000 2
4 5 8 27 2000 2
4 5 55 36 2000 2
4 5 61 30 2000 2
4 5 37 26 4000 2
4 5 22 37 4000 2
4 5 46 39 4000 2
4 5 34 37 4000 2
4 5 41 30 4000 2
4 5 61 42 4000 2
4 5 17 60 4000 2
4 5 23 22 4000 2
4 5 42 23 4000 2
4 5 40 53 4000 2
4 5 34 26 4000 2
4 5 6 31 4000 2
4 5 1 62 4000 2
4 5 37 19 4000 2
4 5 35 42 6000 2
4 5 55 54 6000 2
4 5 39 47 6000 2
4 5 34 23 6000 2
4 5 10 9 6000 2
4 5 42 20 6000 2
4 5 60 6 6000 2
4 5 26 3 6000 2
4 5 0 19 6000 2
4 5 49 28 8000 2
4 5 44 43 8000 2
4 5 19 31 8000 2
4 5 34 50 8000 2
4 5 43 35 8000 2
4 5 36 17 8000 2
4 5 42 53 8000 2
4 5 27 0 8000 2
4 5 6 37 8000 2
4 5 37 25 8000 2
4 5 55 52 8000 2
4 5 27 46 8000 2
4 5 50 53 8000 2
4 5 46 48 10000 2
4 5 48 15 10000 2
4 5 30 9 10000 2
4 5 45 32 10000 2
4 5 24 57 10000 2
