1 2 20 27 2000 2
1 2 45 36 2000 2
1 2 7 59 4000 2
1 2 55 10 4000 2
1 2 4 23 4000 2
1 2 60 11 4000 2
1 2 48 17 4000 2
1 2 2 22 4000 2
1 2 46 43 4000 2
1 2 9 22 6000 2
1 2 44 17 6000 2
1 2 55 33 6000 2
1 2 21 37 6000 2
1 2 56 17 6000 2
1 2 1 19 6000 2
1 2 49 59 6000 2
1 2 21 25 6000 2
1 2 2 35 6000 2
1 2 21 57 6000 2
1 2 25 61 8000 2
1 2 17 4 8000 2
1 2 32 4 8000 2
1 2 27 52 8000 2
1 2 55 24 8000 2
1 2 10 30 8000 2
1 2 47 29 8000 2
1 2 14 19 8000 2
1 2 43 46 8000 2
1 2 33 14 10000 2
1 2 63 20 10000 2
1 2 6 48 10000 2
1 2 17 29 10000 2
1 2 36 28 10000 2
1 2 55 4 10000 2
1 2 7 60 10000 2
1 2 53 50 10000 2
1 2 62 10 10000 2
1 2 9 12 10000 2
