12 13 57 28 2000 2
12 13 56 1 2000 2
12 13 14 56 2000 2
12 13 2 0 2000 2
12 13 39 56 2000 2
12 13 3 57 2000 2
12 13 15 12 2000 2
12 13 56 12 2000 2
12 13 14 24 2000 2
12 13 59 24 2000 2
12 13 35 54 2000 2
12 13 50 0 2000 2
12 13 4 31 4000 2
12 13 46 58 4000 2
12 13 61 51 4000 2
12 13 57 48 4000 2
12 13 42 50 4000 2
12 13 56 27 4000 2
12 13 61 63 4000 2
12 13 15 4 4000 2
12 13 20 34 4000 2
12 13 50 46 6000 2
12 13 32 34 6000 2
12 13 32 62 6000 2
12 13 53 11 6000 2
12 13 22 18 6000 2
12 13 55 30 6000 2
12 13 35 60 6000 2
12 13 2 14 6000 2
12 13 38 32 6000 2
12 13 28 32 8000 2
12 13 59 60 8000 2
12 13 46 53 8000 2
12 13 2 52 8000 2
12 13 32 7 8000 2
12 13 36 26 8000 2
12 13 1 13 8000 2
12 13 4 46 8000 2
12 13 44 34 8000 2
12 13 35 33 10000 2
12 13 52 35 10000 2
12 13 56 61 10000 2
12 13 6 39 10000 2
12 13 5 37 10000 2
12 13 11 47 10000 2
12 13 0 49 10000 2
12 13 40 26 10000 2
12 13 4 39 10000 2
12 13 7 59 10000 2
