2 3 42 36 2000 2
2 3 51 43 2000 2
2 3 47 43 2000 2
2 3 51 3 2000 2
2 3 39 7 2000 2
2 3 57 48 2000 2
2 3 16 0 2000 2
2 3 27 49 2000 2
2 3 58 26 2000 2
2 3 46 3 2000 2
2 3 35 5 2000 2
2 3 47 9 2000 2
2 3 46 53 2000 2
2 3 6 37 2000 2
2 3 48 32 4000 2
2 3 58 52 4000 2
2 3 27 22 4000 2
2 3 23 18 4000 2
2 3 46 19 4000 2
2 3 15 21 4000 2
2 3 0 1 6000 2
2 3 24 55 6000 2
2 3 27 7 6000 2
2 3 46 40 6000 2
2 3 50 34 6000 2
2 3 57 1 6000 2
2 3 9 2 6000 2
2 3 56 31 6000 2
2 3 46 34 8000 2
2 3 29 28 8000 2
2 3 35 18 8000 2
2 3 46 47 8000 2
2 3 51 46 8000 2
2 3 31 29 8000 2
2 3 22 58 8000 2
2 3 19 9 8000 2
2 3 15 43 8000 2
2 3 43 45 8000 2
2 3 26 34 8000 2
2 3 22 6 10000 2
2 3 2 57 10000 2
2 3 63 24 10000 2
2 3 58 18 10000 2
2 3 23 8 10000 2
2 3 57 5 10000 2
2 3 33 16 10000 2
2 3 15 47 10000 2
