11 12 5 59 2000 2
11 12 10 42 2000 2
11 12 24 19 2000 2
11 12 59 27 2000 2
11 12 10 2 2000 2
11 12 3 50 2000 2
11 12 5 41 4000 2
11 12 15 47 4000 2
11 12 53 10 4000 2
11 12 61 5 6000 2
11 12 4 52 6000 2
11 12 40 9 6000 2
11 12 26 46 6000 2
11 12 46 42 6000 2
11 12 14 61 6000 2
11 12 13 37 6000 2
11 12 1 60 6000 2
11 12 29 47 6000 2
11 12 37 9 6000 2
11 12 21 17 6000 2
11 12 39 48 6000 2
11 12 58 32 6000 2
11 12 29 19 8000 2
11 12 30 21 8000 2
11 12 15 54 8000 2
11 12 25 23 8000 2
11 12 35 17 8000 2
11 12 58 36 8000 2
11 12 55 16 8000 2
11 12 17 21 8000 2
11 12 42 45 10000 2
11 12 22 39 10000 2
11 12 61 24 10000 2
11 12 24 14 10000 2
11 12 14 26 10000 2
11 12 15 52 10000 2
11 12 57 29 10000 2
11 12 53 5 10000 2
11 12 54 63 10000 2
11 12 26 62 10000 2
11 12 40 56 10000 2
