0 0 840 1005 2000 2
0 0 877 735 2000 2
0 0 963 811 2000 2
0 0 472 141 2000 2
0 0 815 821 2000 2
0 0 729 846 2000 2
0 0 820 360 2000 2
0 0 873 613 2000 2
0 0 510 979 2000 2
0 0 305 524 2000 2
0 0 295 842 2000 2
0 0 415 424 2000 2
0 0 707 798 2000 2
0 0 300 484 2000 2
0 0 460 127 2000 2
0 0 793 50 2000 2
0 0 114 934 2000 2
0 0 603 416 2000 2
0 0 742 53 2000 2
0 0 891 988 2000 2
0 0 630 283 2000 2
0 0 797 875 2000 2
0 0 386 319 2000 2
0 0 510 934 2000 2
0 0 581 843 2000 2
0 0 278 327 2000 2
0 0 534 1014 2000 2
0 0 297 1007 2000 2
0 0 28 575 2000 2
0 0 878 715 2000 2
0 0 982 834 2000 2
0 0 280 222 2000 2
0 0 534 936 2000 2
0 0 117 589 2000 2
0 0 443 888 2000 2
0 0 820 827 2000 2
0 0 476 301 2000 2
0 0 955 664 2000 2
0 0 898 304 2000 2
0 0 850 545 2000 2
0 0 182 329 2000 2
0 0 490 122 2000 2
0 0 582 949 2000 2
0 0 263 898 2000 2
0 0 969 1020 2000 2
0 0 134 843 2000 2
0 0 516 157 2000 2
0 0 841 344 2000 2
0 0 299 335 2000 2
0 0 778 202 2000 2
0 0 785 485 2000 2
0 0 192 554 2000 2
0 0 715 457 2000 2
0 0 358 529 2000 2
0 0 395 562 2000 2
0 0 7 964 2000 2
0 0 316 990 2000 2
0 0 627 288 2000 2
0 0 919 330 2000 2
0 0 467 379 2000 2
0 0 609 371 2000 2
0 0 404 606 2000 2
0 0 190 702 2000 2
0 0 920 642 2000 2
0 0 856 218 2000 2
0 0 534 648 2000 2
0 0 219 11 2000 2
0 0 966 222 2000 2
0 0 737 917 2000 2
0 0 635 977 2000 2
0 0 204 228 2000 2
0 0 100 339 2000 2
0 0 838 877 2000 2
0 0 504 495 2000 2
0 0 710 508 2000 2
0 0 841 52 2000 2
0 0 713 570 2000 2
0 0 759 1019 2000 2
0 0 471 503 2000 2
0 0 574 69 2000 2
0 0 950 987 2000 2
0 0 227 456 2000 2
0 0 51 634 2000 2
0 0 100 163 2000 2
0 0 6 941 2000 2
0 0 784 637 2000 2
0 0 815 95 2000 2
0 0 358 154 2000 2
0 0 933 568 2000 2
0 0 231 244 2000 2
0 0 492 135 2000 2
0 0 925 187 2000 2
0 0 82 421 2000 2
0 0 496 62 2000 2
0 0 874 615 2000 2
0 0 251 129 2000 2
0 0 634 297 2000 2
0 0 542 664 2000 2
0 0 54 376 2000 2
0 0 227 793 2000 2
0 0 879 785 2000 2
0 0 600 42 2000 2
0 0 56 760 2000 2
0 0 753 919 2000 2
0 0 651 885 2000 2
0 0 481 589 2000 2
0 0 394 701 2000 2
0 0 765 980 2000 2
0 0 462 20 2000 2
0 0 235 990 2000 2
0 0 633 435 2000 2
0 0 524 469 2000 2
0 0 792 867 2000 2
0 0 329 553 2000 2
0 0 575 276 2000 2
0 0 767 222 2000 2
0 0 255 927 2000 2
0 0 880 506 2000 2
0 0 337 983 2000 2
0 0 342 297 2000 2
0 0 44 251 2000 2
0 0 686 246 2000 2
0 0 154 496 2000 2
0 0 54 905 2000 2
0 0 177 105 2000 2
0 0 114 569 2000 2
0 0 725 865 2000 2
0 0 880 494 2000 2
0 0 14 584 2000 2
0 0 139 792 2000 2
0 0 732 1023 2000 2
0 0 665 449 2000 2
0 0 500 315 2000 2
0 0 976 266 2000 2
0 0 172 588 2000 2
0 0 462 370 2000 2
0 0 107 451 2000 2
0 0 356 50 2000 2
0 0 434 361 2000 2
0 0 186 650 2000 2
0 0 914 155 2000 2
0 0 365 762 2000 2
0 0 655 182 2000 2
0 0 93 749 2000 2
0 0 971 395 2000 2
0 0 905 648 2000 2
0 0 517 11 2000 2
0 0 631 48 2000 2
0 0 501 173 2000 2
0 0 857 586 2000 2
0 0 331 555 4000 2
0 0 950 628 4000 2
0 0 644 992 4000 2
0 0 265 890 4000 2
0 0 280 498 4000 2
0 0 362 328 4000 2
0 0 46 618 4000 2
0 0 1 32 4000 2
0 0 364 674 4000 2
0 0 39 979 4000 2
0 0 773 903 4000 2
0 0 660 395 4000 2
0 0 518 734 4000 2
0 0 80 708 4000 2
0 0 969 118 4000 2
0 0 411 540 4000 2
0 0 759 651 4000 2
0 0 828 208 4000 2
0 0 215 668 4000 2
0 0 217 999 4000 2
0 0 223 594 4000 2
0 0 1016 359 4000 2
0 0 855 73 4000 2
0 0 478 289 4000 2
0 0 140 477 4000 2
0 0 612 144 4000 2
0 0 275 370 4000 2
0 0 55 1010 4000 2
0 0 909 868 4000 2
0 0 41 565 4000 2
0 0 779 746 4000 2
0 0 490 314 4000 2
0 0 1015 774 4000 2
0 0 896 1017 4000 2
0 0 270 264 4000 2
0 0 664 149 4000 2
0 0 335 398 4000 2
0 0 201 588 4000 2
0 0 36 798 4000 2
0 0 180 832 4000 2
0 0 489 744 4000 2
0 0 305 224 4000 2
0 0 94 860 4000 2
0 0 804 152 4000 2
0 0 760 558 4000 2
0 0 509 657 4000 2
0 0 473 81 4000 2
0 0 405 551 4000 2
0 0 820 308 4000 2
0 0 796 226 4000 2
0 0 715 388 4000 2
0 0 1012 122 4000 2
0 0 581 950 4000 2
0 0 413 163 4000 2
0 0 832 640 4000 2
0 0 694 915 4000 2
0 0 174 952 4000 2
0 0 600 507 4000 2
0 0 590 535 4000 2
0 0 626 335 4000 2
0 0 367 871 4000 2
0 0 920 799 4000 2
0 0 748 589 4000 2
0 0 700 591 4000 2
0 0 897 951 4000 2
0 0 606 859 4000 2
0 0 568 533 4000 2
0 0 903 230 4000 2
0 0 429 730 4000 2
0 0 943 792 4000 2
0 0 577 934 4000 2
0 0 655 959 4000 2
0 0 932 76 4000 2
0 0 542 1012 4000 2
0 0 312 259 4000 2
0 0 197 592 4000 2
0 0 130 327 4000 2
0 0 640 256 4000 2
0 0 151 19 4000 2
0 0 1000 953 4000 2
0 0 1004 49 4000 2
0 0 892 394 4000 2
0 0 761 1000 4000 2
0 0 792 577 4000 2
0 0 62 306 4000 2
0 0 510 819 4000 2
0 0 1004 313 4000 2
0 0 366 642 4000 2
0 0 968 986 4000 2
0 0 890 140 4000 2
0 0 854 745 4000 2
0 0 557 890 4000 2
0 0 800 290 4000 2
0 0 1020 996 4000 2
0 0 804 514 4000 2
0 0 223 437 4000 2
0 0 789 217 4000 2
0 0 966 4 4000 2
0 0 208 484 4000 2
0 0 446 615 4000 2
0 0 143 197 4000 2
0 0 867 65 4000 2
0 0 333 974 4000 2
0 0 194 862 4000 2
0 0 235 231 4000 2
0 0 955 577 4000 2
0 0 456 158 4000 2
0 0 988 163 4000 2
0 0 405 874 4000 2
0 0 176 710 4000 2
0 0 981 838 4000 2
0 0 216 138 4000 2
0 0 659 198 4000 2
0 0 598 491 4000 2
0 0 407 35 4000 2
0 0 898 995 4000 2
0 0 526 181 4000 2
0 0 179 902 4000 2
0 0 558 280 4000 2
0 0 64 496 4000 2
0 0 545 334 4000 2
0 0 685 330 4000 2
0 0 475 835 4000 2
0 0 932 1010 4000 2
0 0 1006 227 4000 2
0 0 53 822 4000 2
0 0 900 680 4000 2
0 0 825 536 4000 2
0 0 453 257 4000 2
0 0 959 1003 4000 2
0 0 985 969 4000 2
0 0 172 213 4000 2
0 0 539 44 4000 2
0 0 137 709 4000 2
0 0 486 944 4000 2
0 0 97 810 4000 2
0 0 683 614 4000 2
0 0 689 957 4000 2
0 0 992 651 4000 2
0 0 1003 677 4000 2
0 0 756 837 4000 2
0 0 274 285 4000 2
0 0 510 766 4000 2
0 0 746 63 4000 2
0 0 522 1001 4000 2
0 0 900 654 4000 2
0 0 113 542 4000 2
0 0 763 215 4000 2
0 0 677 402 4000 2
0 0 23 943 4000 2
0 0 810 568 4000 2
0 0 561 863 4000 2
0 0 259 888 4000 2
0 0 880 358 4000 2
0 0 217 559 4000 2
0 0 262 55 4000 2
0 0 65 726 4000 2
0 0 382 893 4000 2
0 0 847 33 4000 2
0 0 386 881 4000 2
0 0 434 413 6000 2
0 0 974 900 6000 2
0 0 1019 366 6000 2
0 0 1023 206 6000 2
0 0 621 52 6000 2
0 0 922 442 6000 2
0 0 254 172 6000 2
0 0 119 543 6000 2
0 0 298 346 6000 2
0 0 520 202 6000 2
0 0 327 414 6000 2
0 0 127 729 6000 2
0 0 359 663 6000 2
0 0 243 9 6000 2
0 0 637 386 6000 2
0 0 75 994 6000 2
0 0 296 555 6000 2
0 0 693 83 6000 2
0 0 516 360 6000 2
0 0 10 972 6000 2
0 0 2 847 6000 2
0 0 859 206 6000 2
0 0 386 27 6000 2
0 0 710 372 6000 2
0 0 379 20 6000 2
0 0 141 687 6000 2
0 0 778 204 6000 2
0 0 150 980 6000 2
0 0 948 525 6000 2
0 0 227 71 6000 2
0 0 11 908 6000 2
0 0 624 857 6000 2
0 0 746 543 6000 2
0 0 788 622 6000 2
0 0 345 13 6000 2
0 0 288 244 6000 2
0 0 1008 1017 6000 2
0 0 616 184 6000 2
0 0 115 887 6000 2
0 0 57 590 6000 2
0 0 644 343 6000 2
0 0 462 1005 6000 2
0 0 848 913 6000 2
0 0 675 61 6000 2
0 0 325 337 6000 2
0 0 264 947 6000 2
0 0 655 259 6000 2
0 0 624 206 6000 2
0 0 541 971 6000 2
0 0 249 647 6000 2
0 0 48 92 6000 2
0 0 30 790 6000 2
0 0 89 329 6000 2
0 0 921 858 6000 2
0 0 792 816 6000 2
0 0 123 144 6000 2
0 0 581 932 6000 2
0 0 464 394 6000 2
0 0 735 687 6000 2
0 0 23 856 6000 2
0 0 181 941 6000 2
0 0 139 898 6000 2
0 0 766 476 6000 2
0 0 287 302 6000 2
0 0 226 609 6000 2
0 0 929 1016 6000 2
0 0 263 153 6000 2
0 0 965 792 6000 2
0 0 514 138 6000 2
0 0 793 239 6000 2
0 0 677 203 6000 2
0 0 388 373 6000 2
0 0 397 801 6000 2
0 0 349 449 6000 2
0 0 592 144 6000 2
0 0 252 304 6000 2
0 0 803 311 6000 2
0 0 422 964 6000 2
0 0 565 407 6000 2
0 0 377 358 6000 2
0 0 914 378 6000 2
0 0 148 91 6000 2
0 0 352 895 6000 2
0 0 891 556 6000 2
0 0 246 965 6000 2
0 0 707 162 6000 2
0 0 403 790 6000 2
0 0 332 496 6000 2
0 0 918 140 6000 2
0 0 803 518 6000 2
0 0 467 860 6000 2
0 0 47 472 6000 2
0 0 113 81 6000 2
0 0 127 390 6000 2
0 0 600 774 6000 2
0 0 597 959 6000 2
0 0 966 547 6000 2
0 0 864 429 6000 2
0 0 317 785 6000 2
0 0 451 595 6000 2
0 0 441 873 6000 2
0 0 858 260 6000 2
0 0 731 818 6000 2
0 0 5 900 6000 2
0 0 363 275 6000 2
0 0 4 106 6000 2
0 0 315 240 6000 2
0 0 849 161 6000 2
0 0 19 480 6000 2
0 0 864 749 6000 2
0 0 270 989 6000 2
0 0 56 841 6000 2
0 0 60 662 6000 2
0 0 939 895 6000 2
0 0 243 492 6000 2
0 0 878 688 6000 2
0 0 835 858 6000 2
0 0 72 705 6000 2
0 0 416 736 6000 2
0 0 221 391 6000 2
0 0 732 818 6000 2
0 0 203 836 6000 2
0 0 718 78 6000 2
0 0 421 909 6000 2
0 0 587 451 6000 2
0 0 307 319 6000 2
0 0 72 181 6000 2
0 0 453 196 6000 2
0 0 31 961 6000 2
0 0 93 553 6000 2
0 0 805 729 6000 2
0 0 884 149 6000 2
0 0 858 631 6000 2
0 0 537 393 6000 2
0 0 652 23 6000 2
0 0 215 568 6000 2
0 0 5 825 6000 2
0 0 754 437 6000 2
0 0 215 563 6000 2
0 0 550 777 6000 2
0 0 1023 570 6000 2
0 0 162 400 6000 2
0 0 286 583 6000 2
0 0 987 996 6000 2
0 0 367 423 6000 2
0 0 918 929 6000 2
0 0 610 385 6000 2
0 0 731 225 6000 2
0 0 416 54 8000 2
0 0 108 585 8000 2
0 0 975 398 8000 2
0 0 65 350 8000 2
0 0 784 471 8000 2
0 0 107 529 8000 2
0 0 120 144 8000 2
0 0 257 857 8000 2
0 0 346 813 8000 2
0 0 928 696 8000 2
0 0 402 334 8000 2
0 0 604 284 8000 2
0 0 149 748 8000 2
0 0 429 462 8000 2
0 0 619 423 8000 2
0 0 536 918 8000 2
0 0 989 794 8000 2
0 0 458 223 8000 2
0 0 771 252 8000 2
0 0 880 106 8000 2
0 0 813 721 8000 2
0 0 171 694 8000 2
0 0 794 302 8000 2
0 0 386 292 8000 2
0 0 104 313 8000 2
0 0 434 61 8000 2
0 0 272 251 8000 2
0 0 262 448 8000 2
0 0 271 834 8000 2
0 0 263 693 8000 2
0 0 497 157 8000 2
0 0 350 516 8000 2
0 0 743 281 8000 2
0 0 665 917 8000 2
0 0 212 278 8000 2
0 0 771 494 8000 2
0 0 658 2 8000 2
0 0 89 764 8000 2
0 0 488 908 8000 2
0 0 549 131 8000 2
0 0 342 575 8000 2
0 0 835 648 8000 2
0 0 914 178 8000 2
0 0 185 561 8000 2
0 0 763 63 8000 2
0 0 46 924 8000 2
0 0 622 231 8000 2
0 0 585 879 8000 2
0 0 194 439 8000 2
0 0 282 396 8000 2
0 0 102 652 8000 2
0 0 905 158 8000 2
0 0 645 913 8000 2
0 0 349 157 8000 2
0 0 438 673 8000 2
0 0 628 96 8000 2
0 0 834 495 8000 2
0 0 446 280 8000 2
0 0 92 758 8000 2
0 0 1009 529 8000 2
0 0 146 220 8000 2
0 0 818 200 8000 2
0 0 680 323 8000 2
0 0 973 306 8000 2
0 0 474 647 8000 2
0 0 406 831 8000 2
0 0 441 26 8000 2
0 0 595 952 8000 2
0 0 866 771 8000 2
0 0 400 46 8000 2
0 0 770 6 8000 2
0 0 980 377 8000 2
0 0 145 317 8000 2
0 0 368 408 8000 2
0 0 902 975 8000 2
0 0 869 284 8000 2
0 0 1002 727 8000 2
0 0 474 253 8000 2
0 0 840 339 8000 2
0 0 839 517 8000 2
0 0 688 1001 8000 2
0 0 162 706 8000 2
0 0 99 407 8000 2
0 0 640 976 8000 2
0 0 264 998 8000 2
0 0 678 1013 8000 2
0 0 836 746 8000 2
0 0 48 787 8000 2
0 0 408 1009 8000 2
0 0 186 907 8000 2
0 0 934 336 8000 2
0 0 458 52 8000 2
0 0 800 313 8000 2
0 0 246 763 8000 2
0 0 840 392 8000 2
0 0 324 577 8000 2
0 0 613 518 8000 2
0 0 718 809 8000 2
0 0 445 952 8000 2
0 0 454 908 8000 2
0 0 139 557 8000 2
0 0 821 100 8000 2
0 0 267 572 8000 2
0 0 305 225 8000 2
0 0 115 664 8000 2
0 0 394 732 8000 2
0 0 283 361 8000 2
0 0 596 604 8000 2
0 0 830 481 8000 2
0 0 898 98 8000 2
0 0 643 924 8000 2
0 0 675 478 8000 2
0 0 30 674 8000 2
0 0 194 344 8000 2
0 0 107 347 8000 2
0 0 83 459 8000 2
0 0 336 786 8000 2
0 0 512 577 8000 2
0 0 640 351 8000 2
0 0 436 25 8000 2
0 0 848 70 8000 2
0 0 361 775 8000 2
0 0 427 944 8000 2
0 0 656 934 8000 2
0 0 443 96 8000 2
0 0 1008 372 8000 2
0 0 917 118 8000 2
0 0 617 907 8000 2
0 0 2 330 8000 2
0 0 978 123 8000 2
0 0 690 284 8000 2
0 0 45 653 8000 2
0 0 944 650 8000 2
0 0 495 743 8000 2
0 0 878 735 8000 2
0 0 754 408 8000 2
0 0 104 1022 8000 2
0 0 105 884 8000 2
0 0 61 728 8000 2
0 0 465 590 8000 2
0 0 892 306 8000 2
0 0 923 3 8000 2
0 0 884 13 8000 2
0 0 406 804 8000 2
0 0 965 513 8000 2
0 0 689 188 8000 2
0 0 574 693 8000 2
0 0 110 210 8000 2
0 0 540 204 8000 2
0 0 102 57 8000 2
0 0 96 165 8000 2
0 0 527 372 8000 2
0 0 702 921 8000 2
0 0 664 113 8000 2
0 0 723 378 8000 2
0 0 750 709 8000 2
0 0 931 723 8000 2
0 0 471 730 8000 2
0 0 369 597 8000 2
0 0 266 231 8000 2
0 0 884 1006 8000 2
0 0 851 201 8000 2
0 0 699 321 8000 2
0 0 932 68 8000 2
0 0 444 820 8000 2
0 0 449 913 10000 2
0 0 568 868 10000 2
0 0 616 920 10000 2
0 0 933 936 10000 2
0 0 777 10 10000 2
0 0 676 840 10000 2
0 0 84 433 10000 2
0 0 649 363 10000 2
0 0 581 633 10000 2
0 0 251 829 10000 2
0 0 227 843 10000 2
0 0 1015 386 10000 2
0 0 109 683 10000 2
0 0 57 740 10000 2
0 0 389 592 10000 2
0 0 763 737 10000 2
0 0 455 1012 10000 2
0 0 79 752 10000 2
0 0 149 505 10000 2
0 0 580 438 10000 2
0 0 754 442 10000 2
0 0 467 124 10000 2
0 0 155 750 10000 2
0 0 82 177 10000 2
0 0 950 944 10000 2
0 0 855 189 10000 2
0 0 460 781 10000 2
0 0 594 1012 10000 2
0 0 56 190 10000 2
0 0 703 871 10000 2
0 0 258 397 10000 2
0 0 48 769 10000 2
0 0 192 764 10000 2
0 0 685 22 10000 2
0 0 770 786 10000 2
0 0 671 125 10000 2
0 0 905 291 10000 2
0 0 670 99 10000 2
0 0 235 286 10000 2
0 0 41 9 10000 2
0 0 113 292 10000 2
0 0 500 44 10000 2
0 0 914 239 10000 2
0 0 768 54 10000 2
0 0 799 111 10000 2
0 0 600 29 10000 2
0 0 823 470 10000 2
0 0 291 446 10000 2
0 0 906 603 10000 2
0 0 454 245 10000 2
0 0 798 496 10000 2
0 0 841 972 10000 2
0 0 424 361 10000 2
0 0 49 349 10000 2
0 0 467 886 10000 2
0 0 119 552 10000 2
0 0 669 117 10000 2
0 0 485 592 10000 2
0 0 568 0 10000 2
0 0 31 67 10000 2
0 0 276 91 10000 2
0 0 190 575 10000 2
0 0 425 119 10000 2
0 0 775 275 10000 2
0 0 780 412 10000 2
0 0 556 343 10000 2
0 0 412 357 10000 2
0 0 728 607 10000 2
0 0 357 511 10000 2
0 0 965 83 10000 2
0 0 45 727 10000 2
0 0 841 907 10000 2
0 0 361 566 10000 2
0 0 161 872 10000 2
0 0 916 699 10000 2
0 0 98 11 10000 2
0 0 451 449 10000 2
0 0 207 328 10000 2
0 0 409 247 10000 2
0 0 313 851 10000 2
0 0 534 1021 10000 2
0 0 141 587 10000 2
0 0 165 918 10000 2
0 0 262 681 10000 2
0 0 666 190 10000 2
0 0 611 577 10000 2
0 0 306 822 10000 2
0 0 478 740 10000 2
0 0 542 860 10000 2
0 0 737 49 10000 2
0 0 843 60 10000 2
0 0 569 645 10000 2
0 0 270 571 10000 2
0 0 451 223 10000 2
0 0 409 412 10000 2
0 0 890 582 10000 2
0 0 65 405 10000 2
0 0 74 279 10000 2
0 0 91 74 10000 2
0 0 796 841 10000 2
0 0 196 68 10000 2
0 0 776 550 10000 2
0 0 735 547 10000 2
0 0 157 671 10000 2
0 0 849 413 10000 2
0 0 463 966 10000 2
0 0 226 311 10000 2
0 0 892 43 10000 2
0 0 889 840 10000 2
0 0 900 707 10000 2
0 0 957 189 10000 2
0 0 561 597 10000 2
0 0 896 937 10000 2
0 0 326 678 10000 2
0 0 27 362 10000 2
0 0 71 853 10000 2
0 0 584 797 10000 2
0 0 68 881 10000 2
0 0 268 36 10000 2
0 0 611 405 10000 2
0 0 16 73 10000 2
0 0 941 377 10000 2
0 0 711 232 10000 2
0 0 379 408 10000 2
0 0 850 752 10000 2
0 0 806 969 10000 2
0 0 566 300 10000 2
0 0 326 617 10000 2
0 0 310 14 10000 2
0 0 970 793 10000 2
0 0 113 570 10000 2
0 0 990 396 10000 2
0 0 783 132 10000 2
0 0 722 796 10000 2
0 0 88 466 10000 2
0 0 241 356 10000 2
0 0 326 124 10000 2
0 0 610 178 10000 2
0 0 776 344 10000 2
0 0 869 849 10000 2
0 0 726 723 10000 2
0 0 206 622 10000 2
0 0 223 501 10000 2
0 0 988 210 10000 2
0 0 487 1009 10000 2
