0 1 6 11 4003 2
0 1 2 5 4005 2
0 1 5 4 4005 2
0 1 10 2 4007 2
0 1 2 3 4007 2
0 1 6 3 4007 2
0 1 8 14 4007 2
0 1 4 13 4007 2
0 1 9 1 4009 2
0 1 2 3 4009 2
0 1 13 15 4009 2
0 1 1 12 4009 2
0 1 7 2 4011 2
0 1 0 10 4011 2
0 1 5 11 4011 2
0 1 10 7 4012 2
0 1 9 0 4013 2
0 1 3 5 4013 2
0 1 6 3 4013 2
0 1 5 13 4013 2
0 1 8 12 4013 2
0 1 7 14 4014 2
0 1 15 6 4015 2
0 1 1 15 4015 2
0 1 6 4 4015 2
0 1 3 1 4017 2
0 1 7 3 4017 2
0 1 12 3 4017 2
0 1 11 12 4017 2
0 1 4 14 4018 2
0 1 11 9 4018 2
0 1 14 8 4018 2
0 1 0 2 4019 2
0 1 2 10 4019 2
0 1 13 1 4021 2
0 1 12 11 4021 2
0 1 8 2 4023 2
0 1 0 3 4023 2
0 1 3 4 4024 2
0 1 12 5 4025 2
0 1 3 0 4026 2
0 1 12 6 4027 2
0 1 0 15 4027 2
0 1 4 10 4027 2
0 1 14 4 4028 2
0 1 4 1 4029 2
0 1 14 6 4031 2
0 1 2 4 4032 2
0 1 14 1 4033 2
0 1 8 1 4037 2
0 1 15 5 4041 2
0 1 6 11 7503 2
0 1 2 5 7505 2
0 1 7 2 7507 2
0 1 13 1 7509 2
0 1 10 2 7511 2
0 1 3 5 7513 2
0 1 7 3 7513 2
0 1 3 1 7517 2
0 1 14 1 7521 2
0 1 14 6 7521 2
0 1 4 1 7525 2
0 1 3 0 7526 2
0 1 12 5 7529 2
0 1 3 5 11007 2
0 1 7 2 11007 2
0 1 3 1 11011 2
0 1 7 3 11013 2
