# src_chip dst_chip src_pe dst_pe inject_cycle
# entries=256 chips=16 pe_per_chip=64 timesteps=5 interval=500 seed=45
8 6 62 16 500
0 2 36 52 500
13 2 7 60 500
6 5 19 41 500
7 11 28 32 500
3 2 27 51 500
0 11 52 37 500
7 15 28 3 500
10 7 48 37 500
8 4 34 56 500
14 8 59 62 500
10 14 18 27 500
5 6 36 27 500
5 14 20 50 500
12 6 35 18 500
2 13 19 57 500
5 11 36 61 500
8 5 63 41 500
7 2 16 57 500
11 14 35 6 500
0 3 59 32 500
0 7 28 25 500
3 5 40 20 500
4 8 36 8 500
0 11 59 57 500
14 13 46 48 500
0 15 27 21 500
4 15 24 36 500
1 10 25 14 500
3 5 27 53 500
14 2 53 40 500
9 4 24 63 500
1 4 26 15 500
11 6 13 34 500
0 7 45 32 500
6 3 0 30 500
14 5 18 39 500
5 9 38 16 500
3 14 26 52 500
9 6 39 7 500
5 12 1 28 500
0 3 24 18 500
2 14 2 35 500
1 2 41 18 500
10 12 50 12 500
9 6 46 2 500
8 15 24 19 500
15 6 61 19 500
15 6 55 7 500
13 0 18 44 500
1 14 51 49 500
3 13 49 17 500
2 3 34 51 1000
7 8 54 18 1000
9 5 38 10 1000
7 0 52 20 1000
3 14 17 41 1000
2 12 1 63 1000
10 6 33 24 1000
9 3 12 51 1000
2 15 53 22 1000
0 6 4 7 1000
15 8 56 22 1000
5 14 53 23 1000
1 2 0 28 1000
7 10 54 32 1000
8 13 11 59 1000
5 3 20 37 1000
9 8 52 27 1000
7 5 63 26 1000
11 6 43 57 1000
12 5 56 48 1000
9 8 60 17 1000
4 12 44 50 1000
7 0 43 47 1000
9 3 41 62 1000
13 10 10 56 1000
3 2 60 42 1000
10 11 49 31 1000
8 11 62 34 1000
1 12 8 3 1000
14 6 0 37 1000
6 14 57 21 1000
0 10 44 11 1000
4 1 21 51 1000
6 3 52 20 1000
0 13 51 42 1000
13 9 45 19 1000
0 13 63 7 1000
14 3 10 4 1000
2 6 6 38 1000
2 12 25 49 1000
1 9 55 37 1000
15 2 47 22 1000
13 8 61 38 1000
14 0 59 46 1000
3 10 4 44 1000
10 0 58 6 1000
11 1 52 38 1000
4 6 19 11 1000
12 5 44 10 1000
15 14 34 26 1000
4 1 20 4 1000
15 9 7 22 1000
4 1 34 46 1000
4 10 19 28 1000
8 9 14 2 1000
6 11 54 32 1000
7 13 30 12 1000
3 5 23 28 1000
1 14 45 28 1000
0 1 26 2 1000
9 6 44 15 1000
5 6 32 22 1500
3 7 11 1 1500
8 10 7 32 1500
3 0 46 39 1500
14 7 25 21 1500
5 12 3 5 1500
2 10 47 36 1500
1 2 46 62 1500
2 14 18 25 1500
6 7 22 56 1500
11 0 43 47 1500
6 15 20 35 1500
12 2 63 6 1500
3 5 11 20 1500
10 5 47 12 1500
12 11 24 60 1500
4 12 39 16 1500
15 3 58 14 1500
15 10 17 14 1500
5 6 23 33 1500
3 5 25 20 1500
1 3 28 8 1500
4 11 57 15 1500
11 4 3 15 1500
7 4 59 32 1500
2 8 8 2 1500
1 0 32 52 1500
12 1 34 7 1500
6 9 48 19 1500
13 7 25 5 1500
4 11 56 14 1500
5 8 41 63 1500
6 10 38 7 1500
11 9 2 18 1500
14 2 9 39 1500
2 5 45 60 1500
3 10 28 11 1500
2 3 2 33 1500
2 6 24 15 1500
8 0 8 35 1500
6 11 33 43 1500
11 7 54 42 1500
4 14 22 17 1500
12 9 17 13 1500
7 12 42 30 1500
6 3 3 24 1500
2 15 6 35 1500
8 1 58 21 1500
9 5 2 5 2000
14 8 11 36 2000
0 10 35 3 2000
4 0 33 55 2000
2 1 16 63 2000
5 1 57 54 2000
8 6 51 57 2000
13 3 41 23 2000
12 10 59 47 2000
1 7 31 54 2000
13 8 43 21 2000
13 15 46 8 2000
15 10 19 45 2000
9 3 53 29 2000
3 11 21 58 2000
6 13 47 21 2000
15 7 57 55 2000
12 4 0 61 2000
15 10 7 57 2000
2 3 5 63 2000
2 12 22 39 2000
2 15 22 42 2000
10 13 47 30 2000
12 3 4 58 2000
3 13 28 38 2000
15 7 57 52 2000
8 4 17 6 2000
3 15 56 2 2000
0 1 29 60 2000
4 3 5 25 2000
6 7 42 37 2000
5 14 31 56 2000
5 15 1 34 2000
11 10 31 49 2000
3 13 1 9 2000
6 9 36 12 2000
2 14 27 48 2000
5 13 47 59 2000
6 4 24 48 2000
15 4 4 54 2000
13 10 20 48 2000
7 2 22 14 2000
4 13 62 33 2000
5 6 55 15 2000
9 0 60 31 2000
7 3 45 50 2000
11 4 22 5 2000
5 4 3 12 2000
6 12 16 59 2000
9 14 4 58 2500
6 14 54 4 2500
10 13 49 44 2500
13 6 48 9 2500
1 15 3 40 2500
6 14 50 60 2500
14 10 7 15 2500
2 10 52 38 2500
9 4 18 40 2500
0 4 15 6 2500
1 14 62 3 2500
1 5 60 51 2500
14 11 56 24 2500
14 9 52 11 2500
4 8 34 30 2500
8 3 23 28 2500
11 14 0 32 2500
10 3 43 56 2500
0 15 24 16 2500
14 7 12 18 2500
11 2 17 26 2500
0 15 21 36 2500
0 8 22 34 2500
11 9 34 54 2500
7 11 46 20 2500
5 8 29 60 2500
12 2 21 12 2500
2 1 44 39 2500
1 14 20 19 2500
14 5 25 12 2500
15 7 13 7 2500
5 3 48 59 2500
14 11 39 19 2500
15 9 55 0 2500
15 12 13 47 2500
0 10 8 20 2500
3 8 56 14 2500
12 10 50 62 2500
14 13 48 25 2500
15 7 58 44 2500
7 4 46 20 2500
1 8 2 1 2500
0 14 42 5 2500
10 4 40 14 2500
2 10 15 51 2500
6 4 27 61 2500
