# src_chip dst_chip src_pe dst_pe inject_cycle
# entries=256 chips=16 pe_per_chip=64 timesteps=5 interval=2000 seed=423
3 10 47 60 2000
3 6 8 28 2000
14 13 13 4 2000
9 0 51 12 2000
1 10 56 32 2000
12 5 5 38 2000
14 2 31 14 2000
8 15 44 7 2000
14 0 11 33 2000
5 15 24 7 2000
5 10 55 49 2000
6 12 18 27 2000
7 11 0 17 2000
9 7 51 62 2000
8 9 16 53 2000
6 3 50 4 2000
6 3 53 15 2000
11 15 47 7 2000
9 10 22 48 2000
10 15 16 8 2000
8 14 13 42 2000
10 15 54 51 2000
1 11 4 40 2000
11 3 50 30 2000
14 3 63 17 2000
14 8 49 8 2000
0 11 55 63 2000
8 10 50 49 2000
14 6 39 13 2000
11 9 42 3 2000
7 1 23 34 2000
11 10 48 62 2000
3 1 14 5 2000
12 15 20 48 2000
7 10 28 63 2000
0 7 9 0 2000
5 14 59 58 2000
9 14 10 4 2000
8 4 30 62 2000
13 7 23 25 2000
5 13 40 31 2000
3 4 61 51 2000
3 9 42 38 2000
2 11 36 53 2000
14 15 11 32 2000
6 8 57 17 2000
15 5 20 1 2000
11 3 13 57 2000
11 15 47 2 2000
9 10 31 53 2000
13 11 25 8 2000
12 15 55 12 2000
14 13 54 6 2000
2 10 49 56 4000
5 9 14 12 4000
5 14 49 39 4000
8 2 44 37 4000
5 0 23 26 4000
7 15 50 22 4000
11 4 52 34 4000
10 4 46 44 4000
3 7 44 52 4000
0 2 57 25 4000
6 11 14 19 4000
15 2 30 19 4000
15 7 46 14 4000
12 15 26 55 4000
5 1 60 10 4000
3 15 2 6 4000
6 11 15 41 4000
6 1 59 30 4000
12 15 18 32 4000
6 5 47 36 4000
7 6 6 14 4000
9 14 60 19 4000
14 9 35 0 4000
2 10 1 15 4000
14 0 3 29 4000
6 1 49 55 4000
14 2 36 43 4000
9 3 1 16 4000
13 11 51 7 4000
8 6 52 17 4000
1 3 46 14 4000
6 12 41 47 4000
7 14 40 12 4000
2 0 51 12 4000
12 15 29 56 4000
7 13 6 10 4000
8 6 29 41 4000
15 4 23 27 4000
15 14 39 54 4000
1 12 34 24 4000
14 2 9 25 4000
12 5 1 10 4000
4 14 56 40 4000
12 15 6 46 4000
10 6 23 42 4000
10 15 22 41 4000
13 5 59 31 4000
10 2 55 13 6000
7 15 58 44 6000
7 10 55 25 6000
5 2 8 50 6000
3 12 63 9 6000
6 1 17 39 6000
2 12 62 14 6000
15 6 19 22 6000
5 4 14 13 6000
11 4 60 25 6000
5 15 25 20 6000
6 14 9 47 6000
13 11 41 29 6000
13 15 44 8 6000
1 15 36 34 6000
6 3 30 22 6000
11 1 5 39 6000
0 10 20 63 6000
8 11 62 36 6000
12 1 20 53 6000
4 2 17 13 6000
1 2 56 25 6000
2 10 8 22 6000
0 1 36 53 6000
10 7 7 59 6000
0 8 25 13 6000
4 6 1 5 6000
9 15 25 57 6000
10 15 16 12 6000
15 9 1 14 6000
2 6 27 46 6000
10 8 17 4 6000
1 7 27 39 6000
2 8 4 47 6000
11 2 30 16 6000
15 6 55 11 6000
7 14 20 0 6000
11 6 34 19 6000
15 4 51 16 6000
5 14 39 25 6000
6 9 0 55 6000
4 11 40 32 6000
5 1 60 14 6000
0 6 40 38 6000
13 2 53 11 6000
12 1 29 51 6000
9 3 48 37 6000
12 11 40 53 6000
3 0 59 22 6000
5 10 0 41 6000
3 1 8 55 6000
3 6 51 55 6000
2 15 47 52 6000
2 5 33 16 6000
11 15 16 25 6000
13 11 62 46 6000
5 0 12 62 6000
0 2 3 30 6000
9 8 6 32 6000
12 1 32 17 6000
2 8 31 1 6000
2 15 61 43 6000
6 0 13 59 6000
7 5 26 40 8000
14 2 17 41 8000
2 0 23 36 8000
0 2 17 13 8000
7 6 38 16 8000
8 1 0 40 8000
12 7 49 15 8000
10 11 24 12 8000
4 5 22 21 8000
6 9 47 50 8000
1 9 56 59 8000
4 9 23 20 8000
13 9 32 39 8000
2 8 27 25 8000
5 3 38 60 8000
12 0 61 14 8000
12 10 5 26 8000
4 3 56 32 8000
9 1 20 14 8000
10 2 18 61 8000
13 6 42 28 8000
15 6 56 28 8000
6 4 11 50 8000
4 10 61 45 8000
8 14 8 3 8000
4 3 6 41 8000
6 0 42 43 8000
12 7 8 60 8000
9 10 40 39 8000
8 10 17 0 8000
2 11 14 4 8000
11 15 58 17 8000
6 3 25 42 8000
5 13 12 49 8000
15 11 30 37 8000
14 1 6 5 8000
13 5 18 39 8000
0 14 22 10 8000
13 11 24 48 8000
4 8 62 44 8000
7 0 46 23 8000
1 11 39 57 8000
1 15 3 8 8000
7 0 2 45 8000
5 2 7 50 8000
13 15 8 42 8000
15 11 6 4 8000
4 7 63 50 8000
13 7 49 50 10000
2 3 38 0 10000
12 0 6 62 10000
11 10 15 61 10000
0 4 24 31 10000
2 11 30 50 10000
6 14 1 47 10000
14 13 2 28 10000
5 12 13 43 10000
14 11 34 27 10000
11 5 63 12 10000
1 13 48 16 10000
14 3 19 61 10000
0 14 6 14 10000
8 10 28 56 10000
9 6 25 29 10000
8 5 20 55 10000
15 0 16 58 10000
11 2 61 15 10000
15 2 14 32 10000
15 10 48 30 10000
5 1 61 0 10000
3 5 24 60 10000
8 11 18 22 10000
11 6 20 36 10000
11 13 51 19 10000
5 0 19 58 10000
2 8 20 34 10000
0 11 39 22 10000
2 7 17 14 10000
0 6 39 38 10000
4 14 0 56 10000
2 6 6 49 10000
7 11 2 55 10000
13 15 56 0 10000
4 1 42 6 10000
8 13 23 37 10000
13 10 46 52 10000
2 6 30 60 10000
3 0 4 7 10000
9 11 44 62 10000
12 10 17 36 10000
6 0 5 52 10000
8 6 10 34 10000
0 3 34 14 10000
