# src_chip dst_chip src_pe dst_pe inject_cycle
# entries=256 chips=4 pe_per_chip=256 timesteps=5 interval=2000 seed=422
0 3 100 77 2000
2 1 12 30 2000
3 0 86 20 2000
3 1 122 41 2000
0 1 96 52 2000
0 1 56 72 2000
3 1 28 69 2000
1 3 182 138 2000
0 3 11 185 2000
1 0 73 189 2000
0 2 121 0 2000
0 1 62 59 2000
2 3 143 228 2000
2 0 30 194 2000
0 2 89 1 2000
2 3 130 179 2000
0 1 125 169 2000
1 3 182 170 2000
0 2 56 243 2000
1 0 180 31 2000
2 1 250 101 2000
3 0 109 165 2000
3 0 216 93 2000
0 1 254 47 2000
1 2 79 193 2000
0 2 199 238 2000
3 0 215 151 2000
3 2 214 2 2000
0 2 95 116 2000
2 0 165 59 2000
0 2 134 220 2000
3 2 131 146 2000
0 3 196 202 2000
3 2 37 137 2000
1 2 0 23 2000
0 2 252 71 2000
0 3 26 8 2000
3 0 251 24 2000
0 3 128 48 2000
2 1 10 35 2000
3 1 41 204 2000
0 2 231 217 2000
2 0 153 55 2000
0 1 249 238 2000
1 2 249 5 2000
1 3 40 223 2000
2 0 96 127 2000
2 1 239 69 2000
2 1 247 206 2000
0 1 203 145 2000
0 2 86 253 2000
0 3 252 177 2000
3 0 234 27 2000
2 3 199 174 4000
0 1 100 117 4000
1 3 50 159 4000
2 3 42 233 4000
0 2 143 208 4000
0 3 229 81 4000
3 0 117 244 4000
2 0 127 205 4000
3 1 19 246 4000
2 1 171 192 4000
1 2 215 48 4000
0 2 23 245 4000
1 3 178 197 4000
0 2 184 117 4000
1 3 43 188 4000
3 0 55 156 4000
0 1 246 76 4000
0 2 130 138 4000
0 2 64 84 4000
2 0 119 240 4000
1 3 191 222 4000
2 3 187 182 4000
2 0 180 62 4000
0 3 127 31 4000
3 1 254 23 4000
1 2 243 241 4000
3 0 79 30 4000
0 2 46 49 4000
3 0 105 38 4000
3 0 180 64 4000
2 0 233 225 4000
1 0 231 46 4000
3 0 148 255 4000
0 2 47 232 4000
1 2 224 198 4000
0 3 181 32 4000
0 1 155 213 4000
0 1 119 72 4000
1 3 87 196 4000
2 3 244 161 4000
1 2 242 201 4000
3 0 57 115 4000
0 1 10 105 4000
0 1 136 94 4000
0 1 219 54 4000
2 3 237 105 4000
2 3 44 231 4000
3 2 214 2 4000
0 1 132 19 4000
3 1 6 62 4000
2 3 95 138 4000
0 2 142 106 4000
2 1 110 185 4000
3 1 164 85 4000
0 1 214 113 4000
3 1 220 84 4000
3 0 211 163 4000
1 2 42 162 6000
2 3 67 151 6000
1 0 12 195 6000
0 2 228 98 6000
0 1 247 239 6000
0 1 100 180 6000
0 2 176 70 6000
1 2 56 101 6000
3 0 137 204 6000
0 3 107 128 6000
1 2 158 188 6000
2 0 249 109 6000
3 2 191 105 6000
1 0 213 26 6000
1 0 179 76 6000
0 1 112 221 6000
1 3 105 8 6000
0 3 149 191 6000
0 2 0 217 6000
3 1 100 46 6000
1 2 71 22 6000
2 1 216 139 6000
2 0 97 43 6000
2 0 116 95 6000
0 1 55 139 6000
1 3 139 3 6000
2 1 36 118 6000
2 3 218 50 6000
0 1 32 2 6000
0 3 138 238 6000
2 1 213 196 6000
1 0 105 146 6000
3 0 189 245 6000
0 2 42 230 6000
0 3 54 57 6000
2 0 145 25 6000
0 2 229 125 6000
1 2 216 230 6000
2 0 91 129 6000
1 3 112 235 6000
0 2 170 171 6000
1 3 151 81 6000
1 0 223 249 6000
3 1 77 11 8000
1 0 219 74 8000
3 0 170 99 8000
0 3 143 20 8000
2 1 145 117 8000
0 2 141 72 8000
1 3 180 33 8000
2 0 61 239 8000
3 1 204 61 8000
0 1 22 67 8000
2 1 233 45 8000
3 1 33 194 8000
0 2 167 236 8000
3 0 171 191 8000
1 2 65 56 8000
1 3 47 151 8000
1 0 62 109 8000
3 0 110 24 8000
2 3 116 12 8000
1 0 58 39 8000
1 2 191 33 8000
0 1 3 245 8000
3 0 179 165 8000
0 1 174 173 8000
1 3 236 233 8000
2 0 51 212 8000
0 2 255 181 8000
0 2 85 139 8000
0 3 246 95 8000
0 3 230 249 8000
1 3 13 37 8000
1 2 210 234 8000
2 0 105 157 8000
0 2 212 231 8000
1 0 18 154 8000
0 3 176 93 8000
2 1 170 211 8000
0 3 44 6 8000
1 2 56 41 8000
1 3 201 3 8000
3 1 151 41 8000
0 3 169 20 8000
0 1 82 146 8000
0 3 3 106 8000
3 0 95 57 8000
0 2 225 194 8000
3 1 135 242 8000
1 2 105 169 8000
0 1 16 232 8000
2 0 215 241 8000
2 0 138 81 8000
3 1 203 24 8000
0 2 100 0 8000
1 3 226 88 8000
3 1 3 82 10000
0 3 24 232 10000
2 1 108 112 10000
0 2 57 73 10000
3 0 168 52 10000
2 0 161 96 10000
0 1 60 111 10000
1 3 106 27 10000
0 3 95 92 10000
1 2 209 173 10000
0 1 191 100 10000
2 0 91 144 10000
0 2 221 61 10000
2 1 40 244 10000
0 2 32 245 10000
1 3 7 116 10000
2 1 1 162 10000
2 0 88 154 10000
1 3 136 240 10000
2 3 108 160 10000
2 3 186 5 10000
1 2 195 38 10000
2 1 230 213 10000
0 2 175 198 10000
1 0 142 237 10000
3 1 188 249 10000
0 2 72 229 10000
1 3 21 115 10000
3 2 232 176 10000
3 0 152 78 10000
2 0 97 67 10000
1 0 240 161 10000
3 1 156 89 10000
3 0 199 179 10000
3 2 52 70 10000
3 2 97 173 10000
0 2 26 51 10000
1 2 16 167 10000
2 3 170 52 10000
3 1 199 156 10000
1 3 149 19 10000
0 3 71 20 10000
3 0 44 140 10000
2 1 79 85 10000
0 1 240 60 10000
1 3 207 88 10000
1 0 182 179 10000
3 1 49 51 10000
2 0 52 189 10000
