9 10 40 4 2000 2
9 10 48 56 2000 2
9 10 9 16 2000 2
9 10 59 20 2000 2
9 10 45 10 2000 2
9 10 0 42 2000 2
9 10 22 59 2000 2
9 10 7 48 2000 2
9 10 30 37 2000 2
9 10 40 0 2000 2
9 10 13 24 2000 2
9 10 54 49 2000 2
9 10 24 27 2000 2
9 10 39 16 2000 2
9 10 7 19 2000 2
9 10 58 32 2000 2
9 10 56 61 2000 2
9 10 38 36 2000 2
9 10 63 46 2000 2
9 10 45 19 2000 2
9 10 32 9 2000 2
9 10 48 27 2000 2
9 10 14 44 2000 2
9 10 11 37 2000 2
9 10 6 10 4000 2
9 10 21 5 4000 2
9 10 24 17 4000 2
9 10 41 19 4000 2
9 10 25 31 4000 2
9 10 63 57 4000 2
9 10 28 35 4000 2
9 10 52 34 4000 2
9 10 34 30 4000 2
9 10 47 29 4000 2
9 10 44 59 4000 2
9 10 13 52 4000 2
9 10 36 6 4000 2
9 10 37 43 4000 2
9 10 10 59 4000 2
9 10 10 57 4000 2
9 10 59 12 4000 2
9 10 61 23 4000 2
9 10 28 58 6000 2
9 10 42 32 6000 2
9 10 46 52 6000 2
9 10 53 60 6000 2
9 10 38 22 6000 2
9 10 9 7 6000 2
9 10 31 8 6000 2
9 10 62 59 6000 2
9 10 10 20 6000 2
9 10 30 32 6000 2
9 10 48 5 6000 2
9 10 41 29 6000 2
9 10 10 35 6000 2
9 10 60 62 6000 2
9 10 50 41 6000 2
9 10 10 55 6000 2
9 10 34 5 6000 2
9 10 25 6 6000 2
9 10 12 43 6000 2
9 10 49 5 6000 2
9 10 25 21 6000 2
9 10 22 2 6000 2
9 10 8 0 6000 2
9 10 48 16 8000 2
9 10 32 27 8000 2
9 10 0 4 8000 2
9 10 30 39 8000 2
9 10 51 0 8000 2
9 10 54 2 8000 2
9 10 5 58 8000 2
9 10 53 13 8000 2
9 10 55 35 8000 2
9 10 27 40 8000 2
9 10 33 57 8000 2
9 10 34 19 8000 2
9 10 10 13 8000 2
9 10 15 46 8000 2
9 10 32 22 8000 2
9 10 35 14 8000 2
9 10 24 44 8000 2
9 10 60 38 8000 2
9 10 24 56 8000 2
9 10 14 38 8000 2
9 10 9 16 8000 2
9 10 56 13 10000 2
9 10 0 18 10000 2
9 10 22 12 10000 2
9 10 7 55 10000 2
9 10 60 46 10000 2
9 10 38 14 10000 2
9 10 40 27 10000 2
9 10 24 35 10000 2
9 10 13 57 10000 2
9 10 61 44 10000 2
9 10 47 54 10000 2
9 10 19 54 10000 2
9 10 52 8 10000 2
9 10 62 23 10000 2
9 10 60 38 10000 2
