8 9 33 46 2000 2
8 9 53 11 2000 2
8 9 56 21 2000 2
8 9 53 39 2000 2
8 9 13 57 2000 2
8 9 63 44 2000 2
8 9 46 33 2000 2
8 9 59 15 2000 2
8 9 20 2 2000 2
8 9 31 59 2000 2
8 9 39 34 2000 2
8 9 53 1 2000 2
8 9 8 61 2000 2
8 9 55 27 2000 2
8 9 5 58 2000 2
8 9 30 25 2000 2
8 9 52 57 2000 2
8 9 41 50 2000 2
8 9 62 61 2000 2
8 9 54 34 2000 2
8 9 14 35 2000 2
8 9 62 32 4000 2
8 9 23 56 4000 2
8 9 7 28 4000 2
8 9 37 58 4000 2
8 9 2 26 4000 2
8 9 28 15 4000 2
8 9 0 34 4000 2
8 9 1 40 4000 2
8 9 3 31 4000 2
8 9 11 23 4000 2
8 9 58 51 4000 2
8 9 7 46 4000 2
8 9 4 18 4000 2
8 9 30 32 4000 2
8 9 34 57 4000 2
8 9 51 28 4000 2
8 9 33 35 4000 2
8 9 54 52 6000 2
8 9 1 45 6000 2
8 9 63 12 6000 2
8 9 41 21 6000 2
8 9 8 34 6000 2
8 9 2 41 6000 2
8 9 33 8 6000 2
8 9 38 28 6000 2
8 9 30 19 6000 2
8 9 17 26 6000 2
8 9 26 56 6000 2
8 9 61 14 6000 2
8 9 38 24 8000 2
8 9 3 50 8000 2
8 9 12 44 8000 2
8 9 23 28 8000 2
8 9 42 34 8000 2
8 9 56 52 8000 2
8 9 54 1 8000 2
8 9 45 27 8000 2
8 9 4 0 8000 2
8 9 12 57 8000 2
8 9 39 42 8000 2
8 9 4 18 8000 2
8 9 32 20 8000 2
8 9 38 50 8000 2
8 9 3 33 8000 2
8 9 18 30 8000 2
8 9 30 25 8000 2
8 9 6 36 8000 2
8 9 54 41 8000 2
8 9 15 37 8000 2
8 9 17 0 8000 2
8 9 38 30 8000 2
8 9 7 30 8000 2
8 9 59 48 8000 2
8 9 57 23 10000 2
8 9 59 53 10000 2
8 9 55 20 10000 2
8 9 58 41 10000 2
8 9 12 48 10000 2
8 9 24 57 10000 2
8 9 16 0 10000 2
8 9 38 52 10000 2
8 9 34 14 10000 2
8 9 1 20 10000 2
8 9 56 46 10000 2
8 9 18 7 10000 2
8 9 29 50 10000 2
8 9 61 10 10000 2
8 9 18 37 10000 2
8 9 12 40 10000 2
8 9 25 36 10000 2
8 9 24 4 10000 2
8 9 2 19 10000 2
8 9 35 58 10000 2
