6 7 13 33 2000 2
6 7 34 12 2000 2
6 7 42 61 2000 2
6 7 2 40 2000 2
6 7 2 17 2000 2
6 7 12 31 2000 2
6 7 40 34 2000 2
6 7 34 26 2000 2
6 7 57 5 2000 2
6 7 20 49 2000 2
6 7 14 21 2000 2
6 7 39 62 2000 2
6 7 36 24 2000 2
6 7 39 59 2000 2
6 7 47 11 2000 2
6 7 58 15 4000 2
6 7 25 22 4000 2
6 7 49 26 4000 2
6 7 24 26 4000 2
6 7 19 63 4000 2
6 7 4 56 4000 2
6 7 18 27 4000 2
6 7 41 33 4000 2
6 7 61 57 4000 2
6 7 5 20 4000 2
6 7 62 47 4000 2
6 7 57 35 4000 2
6 7 36 0 4000 2
6 7 31 42 4000 2
6 7 52 21 4000 2
6 7 7 63 4000 2
6 7 18 43 4000 2
6 7 28 22 4000 2
6 7 4 12 4000 2
6 7 39 49 4000 2
6 7 10 13 4000 2
6 7 59 11 4000 2
6 7 33 13 4000 2
6 7 24 15 4000 2
6 7 35 7 6000 2
6 7 10 7 6000 2
6 7 12 25 6000 2
6 7 51 43 6000 2
6 7 16 40 6000 2
6 7 60 12 6000 2
6 7 35 23 6000 2
6 7 47 51 6000 2
6 7 47 9 6000 2
6 7 30 11 6000 2
6 7 16 50 6000 2
6 7 38 31 6000 2
6 7 29 22 6000 2
6 7 50 27 6000 2
6 7 5 31 6000 2
6 7 22 3 6000 2
6 7 5 56 6000 2
6 7 11 33 6000 2
6 7 4 21 6000 2
6 7 60 40 6000 2
6 7 23 57 6000 2
6 7 51 3 6000 2
6 7 34 48 6000 2
6 7 17 57 6000 2
6 7 17 44 8000 2
6 7 58 26 8000 2
6 7 49 32 8000 2
6 7 57 46 8000 2
6 7 15 52 8000 2
6 7 38 50 8000 2
6 7 50 53 8000 2
6 7 36 63 8000 2
6 7 38 58 8000 2
6 7 50 26 8000 2
6 7 39 60 8000 2
6 7 55 36 8000 2
6 7 40 26 8000 2
6 7 47 44 8000 2
6 7 48 57 8000 2
6 7 21 40 8000 2
6 7 29 26 8000 2
6 7 5 29 10000 2
6 7 6 13 10000 2
6 7 22 2 10000 2
6 7 29 61 10000 2
6 7 0 7 10000 2
6 7 25 9 10000 2
6 7 34 28 10000 2
6 7 56 5 10000 2
6 7 50 9 10000 2
6 7 42 32 10000 2
6 7 8 22 10000 2
6 7 15 9 10000 2
6 7 29 9 10000 2
6 7 31 35 10000 2
6 7 30 1 10000 2
6 7 33 61 10000 2
6 7 14 1 10000 2
6 7 24 14 10000 2
6 7 60 10 10000 2
6 7 47 4 10000 2
6 7 2 12 10000 2
6 7 32 15 10000 2
