5 6 51 31 2000 2
5 6 40 32 2000 2
5 6 40 21 2000 2
5 6 4 50 2000 2
5 6 36 9 2000 2
5 6 63 20 2000 2
5 6 39 54 2000 2
5 6 57 13 2000 2
5 6 12 32 2000 2
5 6 14 55 2000 2
5 6 37 56 4000 2
5 6 52 8 4000 2
5 6 48 23 4000 2
5 6 51 31 4000 2
5 6 11 29 4000 2
5 6 25 15 4000 2
5 6 9 56 4000 2
5 6 15 33 4000 2
5 6 7 27 4000 2
5 6 42 4 4000 2
5 6 32 49 4000 2
5 6 15 54 4000 2
5 6 60 59 4000 2
5 6 53 60 4000 2
5 6 44 45 4000 2
5 6 24 50 4000 2
5 6 30 42 6000 2
5 6 24 21 6000 2
5 6 54 27 6000 2
5 6 3 17 6000 2
5 6 15 34 6000 2
5 6 25 44 6000 2
5 6 30 45 6000 2
5 6 53 36 6000 2
5 6 6 53 6000 2
5 6 52 9 6000 2
5 6 45 61 6000 2
5 6 44 1 6000 2
5 6 28 57 6000 2
5 6 49 39 6000 2
5 6 49 37 6000 2
5 6 39 41 6000 2
5 6 62 52 6000 2
5 6 23 0 6000 2
5 6 35 4 6000 2
5 6 42 43 8000 2
5 6 53 5 8000 2
5 6 24 18 8000 2
5 6 55 15 8000 2
5 6 17 57 8000 2
5 6 49 11 8000 2
5 6 24 4 8000 2
5 6 59 13 8000 2
5 6 30 32 8000 2
5 6 29 2 8000 2
5 6 2 12 8000 2
5 6 38 27 8000 2
5 6 14 50 8000 2
5 6 39 21 8000 2
5 6 30 32 8000 2
5 6 35 53 8000 2
5 6 39 49 8000 2
5 6 39 47 10000 2
5 6 30 50 10000 2
5 6 56 39 10000 2
5 6 38 27 10000 2
5 6 29 12 10000 2
5 6 49 7 10000 2
5 6 49 33 10000 2
5 6 41 63 10000 2
5 6 28 6 10000 2
5 6 31 12 10000 2
5 6 40 25 10000 2
5 6 61 38 10000 2
5 6 43 17 10000 2
5 6 8 11 10000 2
5 6 3 33 10000 2
5 6 35 2 10000 2
5 6 44 45 10000 2
5 6 3 48 10000 2
5 6 36 9 10000 2
5 6 26 51 10000 2
5 6 1 47 10000 2
5 6 19 47 10000 2
5 6 41 23 10000 2
5 6 52 28 10000 2
5 6 3 10 10000 2
5 6 11 9 10000 2
5 6 9 54 10000 2
