11 12 18 51 2000 2
11 12 21 36 2000 2
11 12 11 3 2000 2
11 12 13 21 2000 2
11 12 57 55 2000 2
11 12 20 15 2000 2
11 12 10 27 2000 2
11 12 49 14 2000 2
11 12 16 56 2000 2
11 12 18 63 2000 2
11 12 11 16 2000 2
11 12 50 58 2000 2
11 12 60 49 2000 2
11 12 54 43 2000 2
11 12 39 13 2000 2
11 12 55 20 2000 2
11 12 53 0 2000 2
11 12 45 24 2000 2
11 12 51 58 2000 2
11 12 32 50 2000 2
11 12 42 32 2000 2
11 12 43 4 2000 2
11 12 62 24 4000 2
11 12 39 5 4000 2
11 12 17 40 4000 2
11 12 43 57 4000 2
11 12 63 47 4000 2
11 12 49 7 4000 2
11 12 61 25 4000 2
11 12 6 25 4000 2
11 12 45 39 4000 2
11 12 11 54 4000 2
11 12 12 14 4000 2
11 12 24 54 4000 2
11 12 7 62 4000 2
11 12 59 10 4000 2
11 12 54 61 4000 2
11 12 16 25 4000 2
11 12 58 31 4000 2
11 12 21 13 4000 2
11 12 6 55 6000 2
11 12 25 9 6000 2
11 12 29 63 6000 2
11 12 5 19 6000 2
11 12 53 52 6000 2
11 12 3 61 6000 2
11 12 48 47 6000 2
11 12 7 0 6000 2
11 12 25 30 6000 2
11 12 7 25 6000 2
11 12 61 37 6000 2
11 12 24 62 6000 2
11 12 9 3 6000 2
11 12 19 13 6000 2
11 12 6 54 6000 2
11 12 32 58 8000 2
11 12 47 52 8000 2
11 12 26 8 8000 2
11 12 12 10 8000 2
11 12 20 42 8000 2
11 12 20 34 8000 2
11 12 8 22 8000 2
11 12 21 2 8000 2
11 12 37 40 8000 2
11 12 1 10 8000 2
11 12 44 34 8000 2
11 12 60 48 8000 2
11 12 26 47 8000 2
11 12 31 10 8000 2
11 12 52 6 8000 2
11 12 53 52 8000 2
11 12 50 43 8000 2
11 12 37 43 10000 2
11 12 38 55 10000 2
11 12 5 36 10000 2
11 12 54 29 10000 2
11 12 44 61 10000 2
11 12 31 27 10000 2
11 12 23 7 10000 2
11 12 36 21 10000 2
11 12 45 50 10000 2
11 12 17 56 10000 2
11 12 38 0 10000 2
11 12 33 57 10000 2
