0 1 48 16 2000 2
0 1 29 11 2000 2
0 1 50 38 2000 2
0 1 25 44 2000 2
0 1 39 2 2000 2
0 1 24 19 2000 2
0 1 16 29 2000 2
0 1 62 53 2000 2
0 1 5 7 2000 2
0 1 7 21 2000 2
0 1 41 61 2000 2
0 1 56 54 2000 2
0 1 13 7 2000 2
0 1 28 55 2000 2
0 1 46 25 2000 2
0 1 13 26 2000 2
0 1 7 16 2000 2
0 1 16 6 2000 2
0 1 17 60 2000 2
0 1 63 28 2000 2
0 1 41 32 4000 2
0 1 21 55 4000 2
0 1 1 31 4000 2
0 1 38 13 4000 2
0 1 33 55 4000 2
0 1 56 48 4000 2
0 1 8 39 4000 2
0 1 27 4 4000 2
0 1 59 29 4000 2
0 1 49 29 4000 2
0 1 51 28 4000 2
0 1 52 17 4000 2
0 1 50 55 4000 2
0 1 44 52 4000 2
0 1 46 39 4000 2
0 1 4 53 4000 2
0 1 11 47 4000 2
0 1 41 29 4000 2
0 1 21 9 6000 2
0 1 12 43 6000 2
0 1 60 29 6000 2
0 1 31 3 6000 2
0 1 56 10 6000 2
0 1 8 49 6000 2
0 1 6 17 6000 2
0 1 29 13 6000 2
0 1 56 59 6000 2
0 1 36 14 6000 2
0 1 51 18 6000 2
0 1 50 39 6000 2
0 1 27 36 6000 2
0 1 44 45 6000 2
0 1 4 43 6000 2
0 1 31 7 6000 2
0 1 4 33 6000 2
0 1 62 40 8000 2
0 1 39 24 8000 2
0 1 48 18 8000 2
0 1 44 2 8000 2
0 1 44 57 8000 2
0 1 51 6 8000 2
0 1 62 43 8000 2
0 1 2 55 8000 2
0 1 20 47 8000 2
0 1 40 20 8000 2
0 1 61 3 8000 2
0 1 4 63 8000 2
0 1 58 45 8000 2
0 1 14 44 10000 2
0 1 28 24 10000 2
0 1 60 32 10000 2
0 1 19 7 10000 2
0 1 14 31 10000 2
0 1 12 45 10000 2
0 1 63 56 10000 2
0 1 13 32 10000 2
0 1 33 21 10000 2
0 1 32 4 10000 2
0 1 51 22 10000 2
0 1 51 17 10000 2
0 1 9 27 10000 2
0 1 12 46 10000 2
0 1 5 14 10000 2
0 1 48 47 10000 2
0 1 3 43 10000 2
0 1 61 24 10000 2
0 1 18 38 10000 2
0 1 54 28 10000 2
