1 2 2 18 2000 2
1 2 16 57 2000 2
1 2 20 24 2000 2
1 2 58 19 2000 2
1 2 38 0 2000 2
1 2 16 1 2000 2
1 2 36 13 2000 2
1 2 24 56 2000 2
1 2 30 2 2000 2
1 2 50 10 2000 2
1 2 3 63 2000 2
1 2 14 41 2000 2
1 2 39 17 2000 2
1 2 29 25 2000 2
1 2 36 19 2000 2
1 2 12 36 2000 2
1 2 7 8 2000 2
1 2 4 26 2000 2
1 2 14 28 2000 2
1 2 16 23 2000 2
1 2 44 58 2000 2
1 2 40 35 2000 2
1 2 26 32 4000 2
1 2 12 8 4000 2
1 2 31 9 4000 2
1 2 32 53 4000 2
1 2 31 43 4000 2
1 2 59 41 4000 2
1 2 27 19 4000 2
1 2 58 20 4000 2
1 2 13 54 4000 2
1 2 23 16 4000 2
1 2 48 28 4000 2
1 2 56 41 4000 2
1 2 52 24 4000 2
1 2 12 43 4000 2
1 2 50 41 4000 2
1 2 8 35 4000 2
1 2 9 43 4000 2
1 2 9 21 4000 2
1 2 1 20 4000 2
1 2 20 45 4000 2
1 2 25 15 4000 2
1 2 18 53 6000 2
1 2 1 55 6000 2
1 2 53 6 6000 2
1 2 49 54 6000 2
1 2 17 28 6000 2
1 2 5 7 6000 2
1 2 11 9 6000 2
1 2 2 10 6000 2
1 2 53 14 6000 2
1 2 60 48 6000 2
1 2 4 6 6000 2
1 2 61 6 6000 2
1 2 38 46 6000 2
1 2 44 60 8000 2
1 2 17 3 8000 2
1 2 5 30 8000 2
1 2 5 27 8000 2
1 2 33 49 8000 2
1 2 37 58 8000 2
1 2 15 58 8000 2
1 2 60 63 8000 2
1 2 26 58 8000 2
1 2 17 19 8000 2
1 2 40 62 8000 2
1 2 63 53 8000 2
1 2 49 56 8000 2
1 2 4 2 8000 2
1 2 2 5 8000 2
1 2 10 14 8000 2
1 2 50 61 8000 2
1 2 21 63 10000 2
1 2 7 35 10000 2
1 2 50 42 10000 2
1 2 16 10 10000 2
1 2 40 34 10000 2
1 2 37 45 10000 2
1 2 26 16 10000 2
1 2 1 42 10000 2
1 2 55 42 10000 2
1 2 20 30 10000 2
1 2 6 40 10000 2
1 2 40 3 10000 2
1 2 56 48 10000 2
1 2 63 11 10000 2
1 2 53 36 10000 2
1 2 14 41 10000 2
1 2 25 50 10000 2
1 2 6 33 10000 2
1 2 50 10 10000 2
1 2 43 13 10000 2
1 2 11 51 10000 2
