15 0 60 41 2000 2
15 0 38 44 2000 2
15 0 57 48 2000 2
15 0 42 21 2000 2
15 0 30 31 2000 2
15 0 46 4 2000 2
15 0 52 51 2000 2
15 0 63 15 2000 2
15 0 49 32 2000 2
15 0 33 5 2000 2
15 0 5 52 2000 2
15 0 26 53 2000 2
15 0 50 38 2000 2
15 0 10 3 2000 2
15 0 4 23 2000 2
15 0 32 56 2000 2
15 0 0 63 2000 2
15 0 32 2 2000 2
15 0 20 43 2000 2
15 0 61 34 2000 2
15 0 39 53 2000 2
15 0 32 47 2000 2
15 0 62 54 2000 2
15 0 53 7 2000 2
15 0 62 24 2000 2
15 0 10 60 2000 2
15 0 63 3 2000 2
15 0 0 48 4000 2
15 0 10 1 4000 2
15 0 60 49 4000 2
15 0 41 4 4000 2
15 0 36 20 4000 2
15 0 61 24 4000 2
15 0 15 6 4000 2
15 0 27 1 4000 2
15 0 24 43 4000 2
15 0 60 5 4000 2
15 0 15 51 4000 2
15 0 53 32 4000 2
15 0 23 33 4000 2
15 0 30 33 4000 2
15 0 1 57 4000 2
15 0 48 57 4000 2
15 0 28 49 4000 2
15 0 34 25 4000 2
15 0 6 49 4000 2
15 0 2 61 4000 2
15 0 54 3 4000 2
15 0 11 36 4000 2
15 0 42 46 4000 2
15 0 56 28 4000 2
15 0 22 34 6000 2
15 0 63 17 6000 2
15 0 18 40 6000 2
15 0 38 12 6000 2
15 0 7 35 6000 2
15 0 59 60 6000 2
15 0 63 51 6000 2
15 0 38 35 6000 2
15 0 39 40 6000 2
15 0 42 51 6000 2
15 0 51 59 6000 2
15 0 50 18 6000 2
15 0 48 18 6000 2
15 0 4 28 6000 2
15 0 28 13 6000 2
15 0 35 47 6000 2
15 0 29 4 6000 2
15 0 14 23 6000 2
15 0 23 37 6000 2
15 0 23 36 8000 2
15 0 10 25 8000 2
15 0 38 48 8000 2
15 0 55 32 8000 2
15 0 21 0 8000 2
15 0 51 61 8000 2
15 0 37 50 8000 2
15 0 18 47 8000 2
15 0 25 55 8000 2
15 0 1 35 8000 2
15 0 60 7 8000 2
15 0 52 18 8000 2
15 0 17 61 8000 2
15 0 39 16 8000 2
15 0 18 32 8000 2
15 0 29 57 8000 2
15 0 21 36 8000 2
15 0 15 18 8000 2
15 0 16 37 8000 2
15 0 54 6 8000 2
15 0 7 15 10000 2
15 0 61 49 10000 2
15 0 22 13 10000 2
15 0 15 19 10000 2
15 0 43 22 10000 2
15 0 41 50 10000 2
15 0 48 31 10000 2
15 0 19 16 10000 2
15 0 37 36 10000 2
15 0 0 2 10000 2
15 0 53 30 10000 2
15 0 63 14 10000 2
15 0 18 60 10000 2
15 0 19 27 10000 2
15 0 19 23 10000 2
15 0 17 38 10000 2
15 0 52 40 10000 2
15 0 20 1 10000 2
15 0 24 29 10000 2
15 0 27 0 10000 2
15 0 10 21 10000 2
15 0 26 37 10000 2
