4 5 44 61 2000 2
4 5 33 23 2000 2
4 5 22 14 2000 2
4 5 50 33 2000 2
4 5 25 0 2000 2
4 5 60 54 2000 2
4 5 44 21 2000 2
4 5 25 60 2000 2
4 5 20 9 2000 2
4 5 50 3 2000 2
4 5 49 50 2000 2
4 5 53 38 2000 2
4 5 1 13 2000 2
4 5 28 61 2000 2
4 5 61 24 2000 2
4 5 57 17 2000 2
4 5 25 3 2000 2
4 5 63 53 4000 2
4 5 36 20 4000 2
4 5 60 42 4000 2
4 5 24 2 4000 2
4 5 62 48 4000 2
4 5 58 39 4000 2
4 5 46 32 4000 2
4 5 29 27 4000 2
4 5 19 35 6000 2
4 5 50 10 6000 2
4 5 18 6 6000 2
4 5 0 48 6000 2
4 5 48 10 6000 2
4 5 55 6 6000 2
4 5 32 10 6000 2
4 5 18 2 6000 2
4 5 60 0 6000 2
4 5 25 50 6000 2
4 5 56 2 6000 2
4 5 10 50 6000 2
4 5 48 18 6000 2
4 5 10 9 6000 2
4 5 61 54 6000 2
4 5 5 32 8000 2
4 5 57 8 8000 2
4 5 25 29 8000 2
4 5 29 10 8000 2
4 5 37 16 8000 2
4 5 34 38 8000 2
4 5 39 15 8000 2
4 5 44 61 8000 2
4 5 52 47 8000 2
4 5 16 39 8000 2
4 5 35 52 8000 2
4 5 41 32 8000 2
4 5 43 4 8000 2
4 5 21 53 8000 2
4 5 43 26 8000 2
4 5 10 40 8000 2
4 5 40 38 8000 2
4 5 52 47 8000 2
4 5 47 28 8000 2
4 5 42 55 8000 2
4 5 11 24 10000 2
4 5 15 31 10000 2
4 5 27 24 10000 2
4 5 5 53 10000 2
4 5 1 40 10000 2
4 5 19 6 10000 2
4 5 62 54 10000 2
4 5 20 34 10000 2
4 5 3 62 10000 2
4 5 14 1 10000 2
4 5 20 9 10000 2
4 5 7 0 10000 2
4 5 59 2 10000 2
4 5 50 47 10000 2
4 5 30 62 10000 2
4 5 15 60 10000 2
4 5 58 15 10000 2
4 5 7 11 10000 2
4 5 7 58 10000 2
4 5 53 23 10000 2
4 5 58 43 10000 2
4 5 3 8 10000 2
4 5 9 23 10000 2
4 5 47 46 10000 2
4 5 59 27 10000 2
