7 8 45 24 2000 2
7 8 22 5 2000 2
7 8 23 46 2000 2
7 8 34 38 2000 2
7 8 37 1 2000 2
7 8 19 37 2000 2
7 8 47 33 2000 2
7 8 40 62 2000 2
7 8 26 42 2000 2
7 8 36 57 2000 2
7 8 50 61 2000 2
7 8 31 21 2000 2
7 8 48 41 2000 2
7 8 33 6 2000 2
7 8 27 36 2000 2
7 8 11 51 2000 2
7 8 33 27 2000 2
7 8 58 16 4000 2
7 8 7 13 4000 2
7 8 20 37 4000 2
7 8 57 39 4000 2
7 8 14 46 4000 2
7 8 49 7 4000 2
7 8 36 17 4000 2
7 8 30 20 4000 2
7 8 29 52 6000 2
7 8 55 22 6000 2
7 8 34 52 6000 2
7 8 15 5 6000 2
7 8 17 56 6000 2
7 8 56 3 6000 2
7 8 4 45 6000 2
7 8 41 54 6000 2
7 8 41 16 6000 2
7 8 11 18 6000 2
7 8 55 30 6000 2
7 8 11 56 6000 2
7 8 55 24 6000 2
7 8 8 14 6000 2
7 8 29 19 6000 2
7 8 7 0 6000 2
7 8 35 46 6000 2
7 8 30 63 8000 2
7 8 37 15 8000 2
7 8 49 42 8000 2
7 8 16 48 8000 2
7 8 14 3 8000 2
7 8 0 23 8000 2
7 8 5 28 8000 2
7 8 27 2 8000 2
7 8 11 15 8000 2
7 8 38 9 8000 2
7 8 25 44 8000 2
7 8 27 58 8000 2
7 8 60 51 8000 2
7 8 4 37 8000 2
7 8 61 24 8000 2
7 8 62 31 8000 2
7 8 4 18 10000 2
7 8 22 6 10000 2
7 8 5 33 10000 2
7 8 61 39 10000 2
7 8 40 3 10000 2
7 8 11 47 10000 2
7 8 48 57 10000 2
7 8 16 35 10000 2
7 8 54 15 10000 2
7 8 40 16 10000 2
7 8 54 36 10000 2
7 8 59 38 10000 2
7 8 55 54 10000 2
7 8 52 46 10000 2
7 8 0 12 10000 2
7 8 61 27 10000 2
7 8 1 54 10000 2
7 8 4 39 10000 2
7 8 14 0 10000 2
7 8 40 19 10000 2
7 8 61 45 10000 2
7 8 16 29 10000 2
