14 15 10 53 2000 2
14 15 26 32 2000 2
14 15 15 53 2000 2
14 15 18 56 2000 2
14 15 9 33 2000 2
14 15 28 0 2000 2
14 15 45 49 2000 2
14 15 37 10 2000 2
14 15 63 60 2000 2
14 15 26 35 2000 2
14 15 32 7 2000 2
14 15 43 60 2000 2
14 15 22 45 2000 2
14 15 36 53 2000 2
14 15 61 37 2000 2
14 15 9 51 2000 2
14 15 41 44 2000 2
14 15 54 24 2000 2
14 15 12 62 4000 2
14 15 30 47 4000 2
14 15 3 11 4000 2
14 15 56 29 4000 2
14 15 47 21 4000 2
14 15 50 5 4000 2
14 15 63 58 4000 2
14 15 56 32 4000 2
14 15 58 17 4000 2
14 15 0 43 4000 2
14 15 46 61 4000 2
14 15 12 39 4000 2
14 15 0 25 4000 2
14 15 28 50 4000 2
14 15 35 56 4000 2
14 15 11 56 4000 2
14 15 48 0 4000 2
14 15 44 33 4000 2
14 15 41 23 4000 2
14 15 4 43 4000 2
14 15 1 36 4000 2
14 15 10 30 4000 2
14 15 10 38 6000 2
14 15 27 42 6000 2
14 15 38 56 6000 2
14 15 21 29 6000 2
14 15 42 27 6000 2
14 15 8 14 6000 2
14 15 2 45 6000 2
14 15 42 32 6000 2
14 15 54 56 6000 2
14 15 42 23 6000 2
14 15 53 41 6000 2
14 15 58 27 6000 2
14 15 60 24 6000 2
14 15 62 32 6000 2
14 15 32 19 8000 2
14 15 25 61 8000 2
14 15 40 10 8000 2
14 15 18 0 8000 2
14 15 59 13 8000 2
14 15 2 43 8000 2
14 15 9 55 8000 2
14 15 54 34 8000 2
14 15 18 8 8000 2
14 15 47 18 8000 2
14 15 17 49 8000 2
14 15 4 0 8000 2
14 15 63 25 8000 2
14 15 15 27 8000 2
14 15 53 5 8000 2
14 15 33 49 8000 2
14 15 15 55 10000 2
14 15 37 40 10000 2
14 15 29 31 10000 2
14 15 21 3 10000 2
14 15 58 39 10000 2
14 15 33 9 10000 2
14 15 35 38 10000 2
14 15 33 8 10000 2
14 15 29 46 10000 2
14 15 7 10 10000 2
14 15 15 3 10000 2
14 15 40 51 10000 2
14 15 48 4 10000 2
14 15 9 53 10000 2
14 15 17 10 10000 2
14 15 49 59 10000 2
14 15 43 35 10000 2
14 15 41 35 10000 2
14 15 5 40 10000 2
14 15 26 57 10000 2
14 15 13 32 10000 2
14 15 21 12 10000 2
14 15 14 39 10000 2
