2 3 31 14 2000 2
2 3 37 18 2000 2
2 3 57 10 2000 2
2 3 10 3 2000 2
2 3 14 63 2000 2
2 3 27 38 2000 2
2 3 12 56 2000 2
2 3 9 0 2000 2
2 3 61 44 2000 2
2 3 7 38 2000 2
2 3 63 28 2000 2
2 3 21 40 2000 2
2 3 24 37 2000 2
2 3 3 45 2000 2
2 3 24 37 2000 2
2 3 22 60 2000 2
2 3 21 56 2000 2
2 3 39 8 2000 2
2 3 58 40 4000 2
2 3 23 31 4000 2
2 3 27 25 4000 2
2 3 42 18 4000 2
2 3 63 21 4000 2
2 3 54 46 4000 2
2 3 47 44 4000 2
2 3 41 53 4000 2
2 3 7 53 4000 2
2 3 63 24 4000 2
2 3 46 31 4000 2
2 3 39 60 4000 2
2 3 30 59 4000 2
2 3 27 18 4000 2
2 3 22 26 4000 2
2 3 4 49 4000 2
2 3 26 29 4000 2
2 3 36 18 4000 2
2 3 13 27 4000 2
2 3 13 41 4000 2
2 3 42 57 4000 2
2 3 6 15 4000 2
2 3 59 10 4000 2
2 3 10 22 4000 2
2 3 30 9 4000 2
2 3 25 44 4000 2
2 3 57 34 4000 2
2 3 54 13 4000 2
2 3 25 22 6000 2
2 3 32 61 6000 2
2 3 15 56 6000 2
2 3 19 42 6000 2
2 3 5 45 6000 2
2 3 58 51 6000 2
2 3 2 20 6000 2
2 3 27 0 6000 2
2 3 38 57 6000 2
2 3 61 48 6000 2
2 3 33 55 6000 2
2 3 23 30 6000 2
2 3 3 62 6000 2
2 3 0 6 6000 2
2 3 1 15 6000 2
2 3 7 30 6000 2
2 3 31 52 6000 2
2 3 39 19 6000 2
2 3 14 5 6000 2
2 3 62 55 6000 2
2 3 48 52 6000 2
2 3 20 56 8000 2
2 3 13 12 8000 2
2 3 20 50 8000 2
2 3 7 23 8000 2
2 3 63 40 8000 2
2 3 3 46 8000 2
2 3 2 8 8000 2
2 3 15 25 8000 2
2 3 9 63 8000 2
2 3 20 61 8000 2
2 3 43 51 8000 2
2 3 29 61 8000 2
2 3 58 34 8000 2
2 3 60 8 8000 2
2 3 7 29 8000 2
2 3 21 27 8000 2
2 3 62 49 8000 2
2 3 0 12 8000 2
2 3 25 59 8000 2
2 3 60 37 8000 2
2 3 35 50 8000 2
2 3 9 17 8000 2
2 3 11 49 8000 2
2 3 57 46 10000 2
2 3 25 20 10000 2
2 3 45 48 10000 2
2 3 51 28 10000 2
2 3 60 57 10000 2
2 3 46 57 10000 2
2 3 7 41 10000 2
2 3 7 19 10000 2
2 3 35 6 10000 2
2 3 52 19 10000 2
2 3 20 22 10000 2
2 3 39 14 10000 2
2 3 51 6 10000 2
2 3 8 20 10000 2
2 3 24 29 10000 2
2 3 18 16 10000 2
2 3 0 26 10000 2
2 3 25 57 10000 2
2 3 8 61 10000 2
2 3 62 54 10000 2
2 3 19 53 10000 2
2 3 25 31 10000 2
2 3 3 12 10000 2
2 3 44 26 10000 2
