12 13 10 55 2000 2
12 13 38 10 2000 2
12 13 28 62 2000 2
12 13 4 58 2000 2
12 13 38 19 2000 2
12 13 20 41 2000 2
12 13 46 37 2000 2
12 13 11 16 2000 2
12 13 38 4 2000 2
12 13 1 32 2000 2
12 13 60 52 2000 2
12 13 20 40 2000 2
12 13 45 25 2000 2
12 13 11 0 2000 2
12 13 35 41 2000 2
12 13 59 27 2000 2
12 13 17 22 2000 2
12 13 33 60 2000 2
12 13 53 24 2000 2
12 13 30 53 2000 2
12 13 18 25 4000 2
12 13 2 18 4000 2
12 13 43 1 4000 2
12 13 24 2 4000 2
12 13 30 34 4000 2
12 13 58 53 4000 2
12 13 52 59 4000 2
12 13 14 27 4000 2
12 13 44 43 4000 2
12 13 20 39 4000 2
12 13 44 11 4000 2
12 13 32 38 6000 2
12 13 3 21 6000 2
12 13 17 41 6000 2
12 13 3 26 6000 2
12 13 51 9 6000 2
12 13 35 16 6000 2
12 13 52 11 6000 2
12 13 54 59 6000 2
12 13 46 56 6000 2
12 13 60 37 6000 2
12 13 14 8 6000 2
12 13 1 44 6000 2
12 13 1 34 6000 2
12 13 31 53 6000 2
12 13 42 43 6000 2
12 13 54 19 6000 2
12 13 0 28 6000 2
12 13 25 0 6000 2
12 13 47 20 6000 2
12 13 21 22 6000 2
12 13 54 56 8000 2
12 13 1 26 8000 2
12 13 1 56 8000 2
12 13 16 13 8000 2
12 13 32 14 8000 2
12 13 53 3 8000 2
12 13 5 12 8000 2
12 13 45 23 8000 2
12 13 32 30 8000 2
12 13 56 57 8000 2
12 13 30 58 8000 2
12 13 55 26 8000 2
12 13 52 21 8000 2
12 13 49 62 8000 2
12 13 12 7 8000 2
12 13 47 50 8000 2
12 13 35 41 8000 2
12 13 12 1 8000 2
12 13 62 52 10000 2
12 13 45 60 10000 2
12 13 52 7 10000 2
12 13 8 5 10000 2
12 13 26 34 10000 2
12 13 45 26 10000 2
12 13 62 55 10000 2
12 13 14 44 10000 2
12 13 35 49 10000 2
12 13 46 32 10000 2
12 13 12 1 10000 2
12 13 61 25 10000 2
12 13 16 15 10000 2
12 13 61 32 10000 2
12 13 21 36 10000 2
12 13 20 37 10000 2
12 13 14 1 10000 2
12 13 53 22 10000 2
12 13 45 58 10000 2
12 13 38 51 10000 2
12 13 46 17 10000 2
12 13 10 3 10000 2
12 13 16 45 10000 2
