3 4 56 50 2000 2
3 4 45 46 2000 2
3 4 18 15 2000 2
3 4 29 15 2000 2
3 4 45 9 2000 2
3 4 28 45 2000 2
3 4 42 0 2000 2
3 4 6 40 2000 2
3 4 27 39 2000 2
3 4 32 3 2000 2
3 4 20 30 2000 2
3 4 61 2 2000 2
3 4 57 1 2000 2
3 4 57 10 2000 2
3 4 16 15 2000 2
3 4 63 4 2000 2
3 4 2 13 2000 2
3 4 24 27 2000 2
3 4 55 53 2000 2
3 4 58 33 2000 2
3 4 10 47 2000 2
3 4 42 16 2000 2
3 4 30 8 4000 2
3 4 22 5 4000 2
3 4 59 45 4000 2
3 4 43 8 4000 2
3 4 15 20 4000 2
3 4 24 52 4000 2
3 4 9 33 4000 2
3 4 27 3 4000 2
3 4 37 26 4000 2
3 4 7 45 4000 2
3 4 21 31 4000 2
3 4 0 50 4000 2
3 4 53 4 4000 2
3 4 5 46 4000 2
3 4 16 10 4000 2
3 4 1 63 4000 2
3 4 4 12 4000 2
3 4 16 7 4000 2
3 4 48 18 4000 2
3 4 29 55 4000 2
3 4 52 53 4000 2
3 4 56 54 4000 2
3 4 29 16 6000 2
3 4 7 14 6000 2
3 4 12 31 6000 2
3 4 58 46 6000 2
3 4 3 63 6000 2
3 4 41 60 6000 2
3 4 3 63 6000 2
3 4 41 57 6000 2
3 4 26 38 6000 2
3 4 34 15 6000 2
3 4 58 16 6000 2
3 4 15 49 6000 2
3 4 60 45 6000 2
3 4 8 37 6000 2
3 4 8 40 6000 2
3 4 41 11 6000 2
3 4 20 4 6000 2
3 4 12 41 6000 2
3 4 9 46 6000 2
3 4 16 35 6000 2
3 4 41 15 6000 2
3 4 56 5 6000 2
3 4 52 30 8000 2
3 4 62 13 8000 2
3 4 11 21 8000 2
3 4 57 45 8000 2
3 4 58 22 8000 2
3 4 39 8 8000 2
3 4 32 60 8000 2
3 4 61 56 8000 2
3 4 61 18 8000 2
3 4 34 1 8000 2
3 4 38 52 8000 2
3 4 48 30 8000 2
3 4 26 23 8000 2
3 4 27 39 8000 2
3 4 8 24 8000 2
3 4 3 32 8000 2
3 4 51 52 10000 2
3 4 54 25 10000 2
3 4 3 58 10000 2
3 4 52 11 10000 2
3 4 2 18 10000 2
3 4 14 46 10000 2
3 4 53 16 10000 2
3 4 14 61 10000 2
3 4 46 29 10000 2
3 4 36 25 10000 2
3 4 19 39 10000 2
3 4 55 31 10000 2
3 4 36 11 10000 2
3 4 46 0 10000 2
3 4 12 10 10000 2
3 4 23 59 10000 2
