10 11 63 9 2000 2
10 11 35 47 2000 2
10 11 61 5 2000 2
10 11 18 58 2000 2
10 11 29 56 2000 2
10 11 23 0 2000 2
10 11 52 31 2000 2
10 11 29 56 2000 2
10 11 19 2 2000 2
10 11 57 24 2000 2
10 11 14 33 2000 2
10 11 35 40 2000 2
10 11 39 1 2000 2
10 11 16 26 2000 2
10 11 42 44 2000 2
10 11 30 36 2000 2
10 11 54 51 2000 2
10 11 61 56 2000 2
10 11 13 15 2000 2
10 11 58 13 2000 2
10 11 35 21 2000 2
10 11 51 39 2000 2
10 11 60 43 2000 2
10 11 33 9 2000 2
10 11 17 59 2000 2
10 11 62 20 2000 2
10 11 51 14 2000 2
10 11 10 8 2000 2
10 11 35 10 4000 2
10 11 53 0 4000 2
10 11 60 15 4000 2
10 11 44 35 4000 2
10 11 60 35 4000 2
10 11 55 63 4000 2
10 11 61 43 4000 2
10 11 40 46 4000 2
10 11 16 22 4000 2
10 11 5 8 4000 2
10 11 62 61 4000 2
10 11 41 5 4000 2
10 11 5 22 4000 2
10 11 9 25 4000 2
10 11 38 16 4000 2
10 11 37 54 4000 2
10 11 7 6 4000 2
10 11 41 43 6000 2
10 11 53 46 6000 2
10 11 5 55 6000 2
10 11 34 4 6000 2
10 11 23 48 6000 2
10 11 56 54 6000 2
10 11 62 21 6000 2
10 11 45 29 6000 2
10 11 24 23 6000 2
10 11 52 48 6000 2
10 11 43 39 6000 2
10 11 52 42 6000 2
10 11 17 2 6000 2
10 11 36 53 6000 2
10 11 56 32 6000 2
10 11 44 7 6000 2
10 11 53 37 6000 2
10 11 30 40 6000 2
10 11 32 53 6000 2
10 11 44 6 6000 2
10 11 35 36 6000 2
10 11 9 20 8000 2
10 11 6 9 8000 2
10 11 45 63 8000 2
10 11 24 9 8000 2
10 11 4 3 8000 2
10 11 20 4 8000 2
10 11 32 17 8000 2
10 11 41 4 8000 2
10 11 62 48 8000 2
10 11 4 28 8000 2
10 11 58 38 8000 2
10 11 34 18 8000 2
10 11 3 39 8000 2
10 11 6 23 8000 2
10 11 47 59 8000 2
10 11 52 33 8000 2
10 11 31 62 8000 2
10 11 0 16 8000 2
10 11 30 20 8000 2
10 11 60 37 8000 2
10 11 43 63 8000 2
10 11 45 13 8000 2
10 11 3 62 10000 2
10 11 36 55 10000 2
10 11 22 11 10000 2
10 11 35 25 10000 2
10 11 50 18 10000 2
10 11 35 17 10000 2
10 11 35 60 10000 2
10 11 61 60 10000 2
10 11 11 41 10000 2
10 11 4 6 10000 2
10 11 20 45 10000 2
10 11 7 9 10000 2
10 11 13 29 10000 2
10 11 15 7 10000 2
10 11 39 5 10000 2
10 11 1 55 10000 2
10 11 26 28 10000 2
10 11 56 63 10000 2
