13 14 10 37 2000 2
13 14 49 26 2000 2
13 14 58 62 2000 2
13 14 26 58 2000 2
13 14 19 17 2000 2
13 14 39 60 2000 2
13 14 40 44 2000 2
13 14 53 38 2000 2
13 14 39 48 2000 2
13 14 39 44 2000 2
13 14 16 24 2000 2
13 14 57 52 2000 2
13 14 27 36 2000 2
13 14 27 1 2000 2
13 14 2 62 2000 2
13 14 22 51 2000 2
13 14 2 61 2000 2
13 14 29 10 2000 2
13 14 29 18 4000 2
13 14 45 7 4000 2
13 14 15 6 4000 2
13 14 47 43 4000 2
13 14 23 0 4000 2
13 14 59 54 4000 2
13 14 61 22 4000 2
13 14 3 46 4000 2
13 14 15 29 4000 2
13 14 11 33 4000 2
13 14 50 42 4000 2
13 14 31 56 4000 2
13 14 40 26 4000 2
13 14 51 13 4000 2
13 14 54 14 4000 2
13 14 41 4 4000 2
13 14 6 24 4000 2
13 14 21 63 4000 2
13 14 57 37 4000 2
13 14 23 43 4000 2
13 14 34 36 4000 2
13 14 52 28 4000 2
13 14 8 55 4000 2
13 14 49 59 4000 2
13 14 23 7 4000 2
13 14 16 57 4000 2
13 14 54 28 4000 2
13 14 8 27 4000 2
13 14 6 8 6000 2
13 14 43 38 6000 2
13 14 10 53 6000 2
13 14 14 26 6000 2
13 14 29 46 6000 2
13 14 42 29 6000 2
13 14 56 32 6000 2
13 14 20 2 6000 2
13 14 22 50 6000 2
13 14 1 6 6000 2
13 14 27 18 6000 2
13 14 56 6 6000 2
13 14 54 10 6000 2
13 14 48 54 6000 2
13 14 61 13 6000 2
13 14 42 2 6000 2
13 14 46 58 6000 2
13 14 23 3 6000 2
13 14 44 49 8000 2
13 14 46 55 8000 2
13 14 52 8 8000 2
13 14 13 38 8000 2
13 14 11 57 8000 2
13 14 23 31 8000 2
13 14 56 12 8000 2
13 14 22 38 8000 2
13 14 20 30 8000 2
13 14 63 31 8000 2
13 14 63 3 8000 2
13 14 34 17 8000 2
13 14 12 11 8000 2
13 14 62 14 8000 2
13 14 7 8 8000 2
13 14 27 45 8000 2
13 14 6 35 8000 2
13 14 8 13 8000 2
13 14 8 10 8000 2
13 14 16 53 8000 2
13 14 60 35 8000 2
13 14 31 24 8000 2
13 14 4 0 8000 2
13 14 34 60 10000 2
13 14 61 55 10000 2
13 14 46 7 10000 2
13 14 19 63 10000 2
13 14 54 59 10000 2
13 14 18 52 10000 2
13 14 18 42 10000 2
13 14 26 30 10000 2
13 14 45 51 10000 2
13 14 39 36 10000 2
13 14 28 60 10000 2
13 14 30 62 10000 2
13 14 60 42 10000 2
13 14 62 27 10000 2
13 14 40 48 10000 2
13 14 23 36 10000 2
13 14 62 45 10000 2
