# src_chip dst_chip src_pe dst_pe inject_cycle
# entries=1536 chips=4 pe_per_chip=256 timesteps=5 interval=2000 seed=60
3 1 170 250 2000
1 3 100 149 2000
2 1 187 96 2000
0 1 12 143 2000
0 3 246 250 2000
3 0 117 145 2000
1 3 177 68 2000
2 3 96 135 2000
0 3 74 63 2000
0 3 233 176 2000
1 3 88 123 2000
1 3 173 24 2000
3 1 32 5 2000
0 3 232 207 2000
0 2 22 27 2000
2 1 255 82 2000
3 0 7 187 2000
0 1 31 119 2000
1 3 55 124 2000
3 1 212 169 2000
2 0 18 77 2000
1 3 255 93 2000
3 1 135 84 2000
2 3 253 207 2000
1 2 127 237 2000
1 3 145 100 2000
3 1 98 70 2000
0 3 105 90 2000
0 3 108 15 2000
1 2 171 82 2000
3 2 201 173 2000
1 3 214 79 2000
3 2 229 197 2000
2 3 47 217 2000
1 0 210 58 2000
0 1 65 63 2000
2 3 180 48 2000
3 2 40 55 2000
3 1 80 210 2000
1 2 181 167 2000
2 0 20 148 2000
2 3 142 189 2000
3 1 30 26 2000
3 2 219 240 2000
1 0 54 133 2000
1 0 131 140 2000
0 3 176 201 2000
1 3 44 218 2000
2 3 165 187 2000
1 0 126 213 2000
2 3 97 111 2000
0 3 27 233 2000
2 1 28 151 2000
3 0 98 190 2000
2 0 36 172 2000
0 3 84 219 2000
0 1 243 104 2000
3 1 126 147 2000
3 1 81 108 2000
0 3 66 49 2000
2 0 148 24 2000
3 2 40 230 2000
2 0 99 172 2000
2 3 55 142 2000
2 0 23 11 2000
2 1 105 144 2000
2 3 5 234 2000
0 1 34 134 2000
2 1 121 145 2000
2 1 206 59 2000
2 1 204 55 2000
1 2 247 14 2000
1 3 159 169 2000
2 3 86 112 2000
1 0 213 194 2000
0 1 124 132 2000
3 1 171 159 2000
0 1 4 47 2000
0 3 240 172 2000
0 2 209 76 2000
1 0 159 5 2000
3 2 49 175 2000
1 2 154 59 2000
1 3 205 242 2000
3 1 199 173 2000
0 1 104 14 2000
3 2 207 122 2000
3 0 9 76 2000
0 3 63 37 2000
2 1 212 203 2000
1 0 106 91 2000
2 0 101 73 2000
0 3 54 119 2000
2 1 10 99 2000
1 0 167 218 2000
1 2 230 216 2000
3 1 192 105 2000
3 1 8 249 2000
2 3 86 193 2000
3 0 231 20 2000
3 1 75 58 2000
1 2 220 23 2000
3 0 232 41 2000
0 2 59 30 2000
1 3 77 213 2000
2 3 247 233 2000
2 0 5 170 2000
3 0 249 238 2000
3 1 153 197 2000
3 0 66 198 2000
1 2 130 214 2000
2 3 101 222 2000
3 1 231 206 2000
3 0 194 73 2000
0 2 167 103 2000
2 1 135 118 2000
3 2 198 202 2000
0 1 152 189 2000
3 0 69 48 2000
2 3 20 146 2000
0 3 172 0 2000
3 1 136 191 2000
2 3 122 151 2000
3 2 64 197 2000
3 2 215 84 2000
3 0 83 227 2000
3 2 246 108 2000
2 1 227 244 2000
0 1 98 67 2000
3 1 253 135 2000
2 0 119 161 2000
0 1 109 57 2000
1 2 18 79 2000
0 3 153 112 2000
3 2 46 94 2000
3 0 120 95 2000
2 0 236 232 2000
2 3 98 228 2000
3 2 148 133 2000
2 3 63 18 2000
3 2 128 139 2000
1 3 249 100 2000
0 3 214 192 2000
2 3 36 129 2000
3 0 84 232 2000
1 0 137 122 2000
1 2 51 54 2000
2 3 225 228 2000
1 0 59 241 2000
1 2 234 63 2000
1 2 248 229 2000
3 0 50 75 2000
1 3 113 6 2000
2 1 152 207 2000
2 3 126 101 2000
2 1 85 131 2000
0 1 130 196 2000
1 0 79 119 2000
3 0 6 132 2000
3 2 241 103 2000
0 1 80 121 2000
0 3 155 109 2000
2 1 245 91 2000
1 3 5 237 2000
2 3 172 218 2000
2 1 21 114 2000
3 2 231 212 2000
1 0 108 73 2000
2 3 230 77 2000
3 2 87 171 2000
1 0 40 25 2000
2 1 9 228 2000
0 3 32 180 2000
1 2 42 116 2000
1 0 134 92 2000
3 2 165 74 2000
1 2 254 138 2000
1 0 185 158 2000
3 1 107 12 2000
1 0 251 147 2000
0 2 244 238 2000
0 3 0 200 2000
0 1 5 99 2000
0 1 80 104 2000
3 0 126 133 2000
2 3 148 103 2000
1 2 215 132 2000
3 0 110 4 2000
2 1 155 68 2000
0 3 70 68 2000
2 3 26 226 2000
3 1 70 208 2000
3 2 116 18 2000
1 2 151 73 2000
2 0 214 232 2000
3 2 230 98 2000
1 0 202 16 2000
1 2 136 40 2000
1 0 0 201 2000
2 0 30 198 2000
2 1 248 190 2000
3 2 124 169 2000
2 0 93 224 2000
0 1 70 46 2000
3 0 24 244 2000
0 3 159 248 2000
3 2 74 33 2000
1 3 137 88 2000
2 1 125 200 2000
1 3 127 37 2000
3 0 80 60 2000
2 1 49 84 2000
1 3 98 89 2000
3 0 162 186 2000
3 2 112 224 2000
0 2 98 169 2000
2 1 177 105 2000
1 0 66 227 2000
1 3 165 112 2000
0 2 52 222 2000
1 0 110 144 2000
0 1 104 218 2000
2 1 217 214 2000
2 3 139 9 2000
0 3 29 92 2000
3 2 10 61 2000
2 1 157 98 2000
3 0 88 173 2000
0 2 9 255 2000
1 2 4 180 2000
2 0 185 246 2000
1 3 134 246 2000
2 3 169 17 2000
2 3 204 176 2000
3 0 204 247 2000
0 1 249 233 2000
2 3 209 224 2000
0 2 159 162 2000
1 2 169 48 2000
1 3 202 180 2000
0 3 153 78 2000
3 1 188 110 2000
1 2 162 185 2000
3 2 1 129 2000
3 0 215 208 2000
0 1 73 191 2000
0 2 45 155 2000
1 2 97 170 2000
0 2 204 180 2000
2 0 247 126 2000
0 1 247 255 2000
1 0 15 157 2000
0 1 217 169 2000
3 0 184 89 2000
0 3 26 230 2000
0 1 73 25 2000
2 0 161 151 2000
2 0 72 207 2000
3 1 124 132 2000
0 2 221 252 2000
3 1 222 159 2000
1 0 246 24 2000
1 0 163 228 2000
2 0 63 32 2000
1 0 255 144 2000
3 1 126 58 2000
1 3 80 37 2000
2 1 208 223 2000
3 1 20 239 2000
1 2 106 8 2000
2 3 111 156 2000
2 3 176 171 2000
2 3 241 174 2000
3 0 100 101 2000
1 3 225 34 2000
3 0 172 218 2000
1 0 229 98 2000
1 2 137 41 2000
3 1 130 56 2000
0 1 217 10 2000
1 0 112 154 2000
2 0 28 128 2000
1 0 232 146 2000
0 3 182 154 2000
2 3 89 2 2000
1 2 218 122 2000
1 0 240 194 2000
2 3 245 225 2000
0 2 13 57 2000
0 2 246 165 2000
3 1 238 35 2000
2 0 187 248 2000
0 1 59 170 2000
2 3 133 130 2000
2 1 46 153 2000
0 1 63 246 2000
1 2 78 94 2000
1 3 109 220 2000
1 0 238 239 2000
0 2 51 209 2000
2 3 115 12 2000
3 0 150 121 2000
2 3 169 163 2000
0 2 252 127 2000
0 2 66 104 2000
1 0 9 160 2000
3 1 220 155 2000
2 3 65 191 2000
2 1 78 67 4000
0 1 4 106 4000
1 0 112 75 4000
3 2 198 139 4000
2 3 68 28 4000
3 0 16 149 4000
2 1 173 21 4000
1 2 249 238 4000
1 3 123 107 4000
1 3 67 55 4000
0 3 22 192 4000
1 2 108 207 4000
1 2 101 121 4000
3 2 114 99 4000
0 1 248 54 4000
1 2 229 226 4000
1 3 15 50 4000
1 2 75 98 4000
2 1 75 48 4000
3 0 207 244 4000
0 1 202 147 4000
2 1 187 100 4000
1 2 44 59 4000
1 3 254 189 4000
3 0 80 1 4000
0 1 225 82 4000
0 1 10 166 4000
0 1 249 236 4000
1 2 9 40 4000
0 1 128 163 4000
1 0 128 174 4000
1 2 203 34 4000
3 2 148 7 4000
2 3 192 132 4000
2 1 245 224 4000
3 2 192 238 4000
3 0 210 95 4000
3 0 33 132 4000
1 2 226 127 4000
2 3 136 97 4000
0 1 103 47 4000
3 2 153 170 4000
3 0 152 30 4000
1 2 250 106 4000
2 0 170 28 4000
1 2 234 67 4000
0 1 115 159 4000
2 1 97 51 4000
3 0 130 131 4000
3 2 203 87 4000
1 0 30 88 4000
1 2 233 153 4000
2 3 245 26 4000
1 0 46 50 4000
0 1 204 48 4000
1 3 12 212 4000
2 0 254 181 4000
3 0 245 163 4000
3 2 213 70 4000
0 3 127 171 4000
3 1 66 24 4000
3 1 145 194 4000
3 1 44 110 4000
1 0 79 72 4000
3 2 94 88 4000
0 1 7 169 4000
2 0 162 87 4000
3 0 205 158 4000
0 1 111 240 4000
2 1 174 183 4000
3 1 16 241 4000
0 3 238 28 4000
0 3 120 219 4000
2 0 54 180 4000
2 0 249 211 4000
3 2 126 235 4000
3 1 1 173 4000
0 3 36 101 4000
2 0 169 187 4000
3 2 83 111 4000
1 2 1 218 4000
3 1 177 68 4000
0 3 197 97 4000
1 0 9 137 4000
3 0 168 175 4000
2 3 245 211 4000
2 0 42 237 4000
1 2 73 173 4000
3 1 56 40 4000
2 3 24 227 4000
1 0 58 210 4000
1 3 240 254 4000
1 3 187 232 4000
3 0 113 96 4000
0 2 19 128 4000
3 1 61 191 4000
0 2 38 62 4000
1 0 66 96 4000
1 2 168 64 4000
3 2 90 170 4000
1 2 139 56 4000
3 0 220 195 4000
0 3 199 207 4000
2 0 129 233 4000
3 2 52 21 4000
0 2 219 190 4000
0 2 21 143 4000
1 3 87 144 4000
3 0 77 10 4000
0 1 11 211 4000
1 0 144 86 4000
3 0 47 175 4000
2 1 219 253 4000
3 0 236 25 4000
2 3 45 251 4000
0 1 35 181 4000
0 2 78 125 4000
0 2 185 100 4000
1 2 236 16 4000
2 3 217 92 4000
3 0 229 183 4000
0 3 59 217 4000
2 0 153 250 4000
3 1 166 163 4000
0 3 43 228 4000
1 3 77 241 4000
0 1 151 104 4000
0 1 252 14 4000
2 3 254 49 4000
1 0 35 37 4000
2 3 93 90 4000
0 2 105 101 4000
0 2 230 145 4000
3 0 171 189 4000
0 2 22 182 4000
0 2 156 175 4000
1 2 90 158 4000
2 0 174 197 4000
3 0 101 151 4000
0 1 79 216 4000
0 3 212 35 4000
3 1 189 160 4000
0 1 151 221 4000
2 1 181 36 4000
0 3 17 73 4000
1 3 103 178 4000
2 0 250 64 4000
0 3 233 178 4000
3 0 148 6 4000
1 3 238 123 4000
2 1 225 37 4000
1 3 179 136 4000
3 1 199 153 4000
3 2 111 151 4000
3 0 175 83 4000
0 1 113 236 4000
3 1 146 117 4000
0 1 13 241 4000
0 1 101 27 4000
3 0 10 165 4000
2 0 170 59 4000
2 3 202 58 4000
2 3 104 29 4000
3 2 138 118 4000
0 3 240 118 4000
0 1 182 240 4000
0 3 94 107 4000
3 1 98 252 4000
3 2 128 17 4000
3 0 145 100 4000
1 0 204 190 4000
3 0 106 120 4000
3 2 247 29 4000
3 2 201 197 4000
0 1 57 192 4000
1 2 51 52 4000
0 2 185 69 4000
0 3 52 251 4000
2 1 91 110 4000
1 3 71 247 4000
3 1 141 40 4000
3 2 194 255 4000
3 1 105 86 4000
0 1 31 237 4000
0 3 145 150 4000
3 2 227 72 4000
2 1 219 104 4000
3 2 6 171 4000
2 0 224 81 4000
3 0 4 137 4000
1 2 40 89 4000
3 1 64 153 4000
2 3 250 135 4000
3 1 55 183 4000
0 1 129 124 4000
2 3 30 2 4000
2 1 27 123 4000
3 1 229 87 4000
0 3 191 241 4000
3 2 128 109 4000
1 2 42 80 4000
2 0 122 3 4000
2 0 150 122 4000
1 0 126 70 4000
0 3 50 116 4000
3 1 202 17 4000
2 0 255 224 4000
2 1 129 234 4000
0 3 253 25 4000
1 0 10 197 4000
0 1 99 7 4000
1 0 232 251 4000
0 1 253 143 4000
2 0 252 229 4000
3 1 251 52 4000
2 3 165 249 4000
1 3 12 11 4000
3 0 133 32 4000
2 1 211 67 4000
3 0 17 142 4000
3 0 239 205 4000
1 3 64 20 4000
2 0 43 116 4000
0 2 159 153 4000
3 2 99 110 4000
2 0 177 107 4000
1 3 43 15 4000
2 0 120 22 4000
0 2 195 121 4000
2 3 249 163 4000
0 1 203 142 4000
2 1 225 118 4000
0 1 35 82 4000
0 3 184 110 4000
3 1 40 227 4000
2 3 94 118 4000
3 2 96 171 4000
2 1 7 184 4000
0 1 134 173 4000
3 1 171 31 4000
1 0 249 44 4000
1 0 42 254 4000
0 1 81 5 4000
1 3 2 42 4000
1 3 195 53 4000
3 0 117 152 4000
0 2 60 181 4000
1 2 51 34 4000
3 2 167 158 4000
2 3 95 76 4000
0 3 252 125 4000
1 3 166 67 4000
3 2 56 169 4000
1 3 66 239 4000
1 2 198 103 4000
0 1 220 27 4000
3 1 165 107 4000
1 2 112 238 4000
2 3 73 97 4000
1 2 201 134 4000
0 2 186 11 4000
0 1 15 53 4000
2 1 187 122 4000
2 3 230 26 4000
3 2 33 214 4000
1 3 12 16 4000
2 3 20 146 4000
0 2 73 19 4000
1 2 135 242 4000
3 1 113 61 4000
3 2 248 38 4000
2 1 62 16 4000
2 3 154 19 4000
2 0 46 218 4000
3 0 210 80 4000
2 1 102 44 4000
2 0 156 87 4000
2 0 27 234 4000
2 3 67 208 4000
2 3 220 177 4000
2 1 96 64 4000
0 2 215 51 4000
3 0 108 58 4000
2 1 51 8 4000
0 1 60 187 4000
2 1 61 245 4000
0 1 220 182 4000
2 1 213 32 4000
0 1 29 0 4000
3 0 176 64 4000
1 0 30 216 4000
1 0 199 45 4000
2 3 106 1 4000
0 1 125 114 4000
3 2 238 160 4000
1 0 73 113 4000
1 3 141 4 4000
0 2 15 9 4000
3 1 37 52 4000
3 0 59 178 4000
2 1 60 144 4000
3 2 53 173 4000
0 1 172 61 4000
0 1 173 222 4000
3 1 167 52 4000
3 1 52 144 4000
2 0 249 2 4000
1 3 203 2 4000
0 2 40 65 4000
1 3 194 204 4000
1 0 139 173 4000
3 2 68 103 4000
2 0 58 114 4000
1 0 143 89 4000
3 2 93 153 4000
1 0 195 250 4000
2 0 184 47 4000
1 2 7 243 4000
0 1 80 132 4000
1 0 225 252 4000
2 3 7 203 4000
0 1 65 181 4000
2 3 126 127 4000
1 0 157 199 4000
0 3 55 253 6000
2 0 113 32 6000
0 1 199 176 6000
3 1 125 3 6000
3 0 1 200 6000
1 3 87 139 6000
3 0 104 41 6000
3 1 181 199 6000
3 0 250 184 6000
1 3 54 72 6000
0 1 106 202 6000
2 3 64 147 6000
0 1 107 111 6000
3 1 227 220 6000
0 3 44 205 6000
0 3 140 24 6000
1 0 180 189 6000
0 2 170 147 6000
1 3 91 19 6000
2 1 194 59 6000
1 3 240 51 6000
1 2 138 201 6000
1 2 149 203 6000
0 2 248 65 6000
0 3 225 219 6000
3 2 73 47 6000
0 2 28 236 6000
1 3 182 223 6000
2 3 111 234 6000
0 3 139 178 6000
3 2 165 228 6000
3 2 192 227 6000
1 0 237 62 6000
2 3 208 29 6000
2 0 136 205 6000
2 3 88 198 6000
1 2 224 143 6000
2 0 7 177 6000
1 0 112 46 6000
2 3 51 198 6000
1 3 23 117 6000
2 0 7 137 6000
3 2 225 53 6000
1 0 40 32 6000
0 2 69 56 6000
3 1 176 219 6000
1 0 91 252 6000
1 2 172 196 6000
2 3 246 141 6000
0 2 206 96 6000
1 0 217 114 6000
3 0 12 113 6000
1 0 68 50 6000
0 1 18 118 6000
1 0 29 41 6000
3 1 168 202 6000
2 1 58 211 6000
3 2 182 243 6000
1 0 54 140 6000
2 1 87 62 6000
3 0 164 213 6000
3 0 38 98 6000
1 0 247 131 6000
0 1 50 250 6000
3 0 114 199 6000
1 3 154 58 6000
3 0 102 5 6000
0 1 197 196 6000
1 2 5 153 6000
0 2 160 254 6000
3 0 141 192 6000
3 2 46 244 6000
2 0 254 169 6000
2 0 31 113 6000
1 0 215 189 6000
0 1 126 48 6000
3 0 37 10 6000
2 1 99 6 6000
0 1 177 95 6000
2 1 55 254 6000
0 1 108 3 6000
2 3 91 79 6000
2 1 63 71 6000
1 2 246 190 6000
1 3 223 79 6000
3 1 46 38 6000
0 1 199 112 6000
3 0 221 10 6000
2 3 194 129 6000
1 2 226 121 6000
3 0 162 128 6000
1 2 72 185 6000
2 1 253 105 6000
2 3 190 199 6000
3 0 120 89 6000
2 3 131 50 6000
3 1 236 33 6000
0 1 174 220 6000
2 3 96 158 6000
1 0 154 155 6000
1 0 64 125 6000
1 3 126 236 6000
2 0 122 140 6000
0 3 125 130 6000
3 0 148 99 6000
1 3 5 114 6000
1 2 116 7 6000
3 1 214 224 6000
2 1 248 104 6000
1 0 90 248 6000
1 2 112 138 6000
3 1 188 99 6000
0 1 51 166 6000
2 0 199 4 6000
2 1 249 19 6000
0 1 121 183 6000
1 2 63 160 6000
0 1 120 28 6000
3 2 176 233 6000
1 2 39 245 6000
3 2 170 149 6000
3 2 103 62 6000
3 1 41 0 6000
2 3 162 50 6000
1 0 227 29 6000
3 2 161 213 6000
1 2 22 200 6000
2 1 162 170 6000
0 1 50 190 6000
0 1 235 229 6000
3 0 47 128 6000
3 2 217 28 6000
3 0 46 168 6000
3 2 183 89 6000
2 0 220 49 6000
1 2 251 162 6000
2 0 241 208 6000
1 2 200 38 6000
0 3 83 112 6000
1 3 129 36 6000
3 2 231 249 6000
0 3 142 243 6000
2 1 221 113 6000
2 3 92 161 6000
2 1 100 220 6000
2 0 59 244 6000
3 0 101 68 6000
2 0 132 197 6000
3 1 246 11 6000
2 1 67 175 6000
2 0 208 144 6000
2 0 232 184 6000
1 3 127 174 6000
0 1 3 161 6000
3 2 12 235 6000
1 2 182 234 6000
0 1 115 24 6000
3 0 34 153 6000
1 3 102 150 6000
3 1 231 74 6000
2 1 231 108 6000
0 3 228 17 6000
3 0 108 19 6000
3 0 66 245 6000
2 3 189 3 6000
3 1 109 218 6000
0 1 189 64 6000
1 2 238 82 6000
1 0 51 239 6000
2 0 82 7 6000
0 2 3 59 6000
2 3 153 84 6000
2 0 199 242 6000
0 3 249 181 6000
3 2 196 169 6000
2 0 214 68 6000
0 2 95 236 6000
3 2 2 241 6000
3 1 71 162 6000
0 3 208 157 6000
0 2 163 212 6000
2 3 54 85 6000
2 1 163 167 6000
0 1 226 78 6000
0 1 109 197 6000
1 3 184 32 6000
0 3 249 241 6000
2 3 76 22 6000
1 0 233 7 6000
3 0 100 245 6000
1 3 104 42 6000
0 2 60 190 6000
1 2 115 174 6000
1 3 149 43 6000
3 1 11 27 6000
3 1 250 191 6000
3 2 214 116 6000
1 0 47 104 6000
3 1 138 25 6000
0 3 40 159 6000
2 1 190 156 6000
1 0 124 207 6000
1 2 70 170 6000
3 0 210 198 6000
1 0 9 71 6000
1 2 120 31 6000
1 3 18 249 6000
2 0 193 13 6000
3 1 210 161 6000
1 2 181 122 6000
3 0 82 85 6000
1 0 16 232 6000
1 3 237 67 6000
3 0 194 34 6000
0 2 10 154 6000
2 0 67 203 6000
1 3 50 128 6000
2 3 167 102 6000
2 3 238 176 6000
1 0 162 95 6000
2 3 67 115 6000
2 1 7 156 6000
3 1 173 143 6000
1 2 42 145 6000
3 1 252 175 6000
0 3 216 172 6000
0 2 154 179 6000
1 0 52 57 6000
3 2 220 96 6000
3 2 254 185 6000
3 0 185 160 6000
2 3 57 64 6000
1 3 57 208 6000
1 3 64 165 6000
1 3 171 47 6000
0 1 108 233 6000
3 0 21 58 6000
3 0 0 244 6000
1 3 173 90 6000
3 0 94 9 6000
0 1 210 26 6000
2 3 94 38 6000
1 3 15 9 6000
2 0 155 57 6000
2 1 149 36 6000
0 1 233 26 6000
3 0 173 128 6000
2 0 231 104 6000
3 0 229 113 6000
3 1 251 19 6000
0 2 164 171 6000
3 0 39 244 6000
0 3 109 176 6000
0 1 157 191 6000
3 2 196 59 6000
2 1 58 248 6000
2 3 107 25 6000
0 3 60 85 6000
2 1 36 149 6000
0 1 171 106 6000
1 0 176 20 6000
3 1 206 32 6000
2 1 80 81 6000
0 1 168 63 6000
1 2 175 124 6000
0 3 154 99 6000
1 0 188 224 6000
2 0 109 165 6000
1 2 59 19 6000
2 0 95 221 6000
2 0 95 100 6000
2 0 201 97 6000
2 0 208 228 6000
3 1 92 31 6000
0 3 18 97 6000
0 1 251 252 6000
0 1 116 102 6000
0 3 200 183 6000
2 0 47 185 6000
1 3 154 170 6000
2 3 52 146 6000
3 1 62 115 6000
1 2 253 188 6000
2 1 103 69 6000
2 1 71 135 6000
0 1 116 184 6000
1 2 193 44 6000
0 1 127 196 6000
1 3 149 242 6000
3 0 219 11 6000
2 1 164 154 6000
3 0 191 137 6000
0 3 78 56 6000
2 3 43 191 6000
3 2 243 138 6000
2 3 61 138 6000
3 1 156 165 6000
1 0 249 238 6000
1 2 94 59 6000
2 3 121 31 6000
2 1 190 223 6000
0 2 235 185 6000
3 1 183 10 6000
2 1 25 121 6000
0 3 94 39 8000
2 3 171 249 8000
0 3 196 6 8000
3 2 45 141 8000
0 1 191 171 8000
2 1 229 108 8000
1 3 35 139 8000
1 3 31 47 8000
1 0 14 217 8000
2 3 164 4 8000
3 1 133 53 8000
1 3 100 17 8000
2 1 123 229 8000
2 1 150 137 8000
1 0 26 22 8000
3 2 149 84 8000
1 2 85 24 8000
1 0 140 113 8000
1 2 38 208 8000
2 3 95 178 8000
2 1 114 1 8000
2 1 0 255 8000
0 2 87 94 8000
3 2 36 2 8000
1 0 99 220 8000
0 2 195 197 8000
0 1 240 45 8000
2 3 21 80 8000
2 1 111 175 8000
3 0 131 159 8000
3 1 205 255 8000
1 2 25 178 8000
2 3 45 92 8000
3 1 57 22 8000
1 0 24 122 8000
0 3 225 212 8000
0 1 173 214 8000
2 0 8 168 8000
2 0 148 99 8000
1 3 178 132 8000
1 2 23 180 8000
2 1 94 103 8000
0 3 203 209 8000
1 3 163 176 8000
3 0 118 57 8000
3 0 44 142 8000
0 2 84 77 8000
0 2 226 215 8000
0 1 178 112 8000
0 1 83 58 8000
3 0 201 244 8000
1 3 100 255 8000
3 1 70 99 8000
0 2 32 211 8000
3 2 2 94 8000
3 1 144 77 8000
3 1 203 78 8000
2 0 110 14 8000
3 2 30 213 8000
3 0 234 92 8000
2 3 165 35 8000
2 0 205 41 8000
0 3 154 121 8000
1 2 148 207 8000
3 0 198 50 8000
3 0 209 116 8000
3 0 8 7 8000
2 0 195 2 8000
3 0 31 64 8000
0 2 160 148 8000
2 0 111 248 8000
1 2 53 91 8000
1 2 122 232 8000
3 2 100 188 8000
2 3 72 55 8000
1 2 6 184 8000
0 3 204 73 8000
0 3 43 48 8000
0 1 113 12 8000
3 2 159 125 8000
3 0 148 78 8000
3 1 198 136 8000
2 0 191 116 8000
3 1 102 79 8000
2 3 247 135 8000
3 2 73 54 8000
2 0 165 218 8000
1 2 5 95 8000
1 3 90 12 8000
2 3 114 75 8000
1 3 61 7 8000
2 0 144 239 8000
2 3 157 4 8000
3 2 184 240 8000
2 0 254 223 8000
2 3 139 252 8000
1 3 221 197 8000
0 2 7 100 8000
3 0 101 210 8000
0 1 87 160 8000
2 1 68 233 8000
2 0 140 109 8000
2 3 103 216 8000
0 1 33 114 8000
3 1 92 106 8000
0 2 239 106 8000
3 1 247 209 8000
3 1 253 54 8000
1 0 34 238 8000
1 0 193 72 8000
1 3 129 13 8000
2 0 142 58 8000
1 2 119 21 8000
0 3 37 182 8000
3 0 77 9 8000
1 2 113 229 8000
0 1 179 71 8000
3 1 31 131 8000
3 1 19 28 8000
0 1 144 119 8000
3 1 156 65 8000
3 1 224 163 8000
1 2 236 134 8000
1 0 137 90 8000
2 0 99 216 8000
0 2 134 128 8000
3 1 59 43 8000
2 3 197 239 8000
0 2 24 59 8000
0 2 144 100 8000
2 3 46 79 8000
1 0 103 46 8000
2 1 63 54 8000
0 1 79 196 8000
3 0 237 51 8000
0 1 51 169 8000
0 2 170 240 8000
0 3 103 4 8000
3 0 28 134 8000
0 2 5 110 8000
1 0 87 53 8000
1 2 23 63 8000
2 0 12 91 8000
0 2 217 9 8000
1 2 102 168 8000
3 1 15 9 8000
2 0 107 203 8000
0 1 30 203 8000
2 1 42 157 8000
1 2 48 85 8000
0 3 41 128 8000
2 1 149 255 8000
1 3 208 104 8000
1 3 52 40 8000
3 1 151 3 8000
1 3 40 184 8000
2 1 113 50 8000
0 3 121 207 8000
3 2 203 139 8000
2 0 40 140 8000
1 2 207 157 8000
1 2 251 233 8000
1 0 239 166 8000
0 3 81 31 8000
1 2 103 71 8000
2 0 171 20 8000
2 3 140 83 8000
3 2 20 30 8000
1 0 129 79 8000
0 3 73 17 8000
1 2 171 27 8000
0 1 142 17 8000
3 0 150 33 8000
0 3 162 231 8000
3 0 93 110 8000
0 1 178 187 8000
0 2 78 37 8000
3 2 67 84 8000
3 2 23 82 8000
1 0 98 163 8000
3 0 138 69 8000
1 3 71 206 8000
0 1 64 6 8000
2 3 111 29 8000
3 0 156 248 8000
0 2 16 27 8000
0 3 0 66 8000
3 2 11 177 8000
0 1 94 28 8000
2 1 13 32 8000
1 2 208 172 8000
1 3 98 32 8000
3 0 59 1 8000
1 2 70 31 8000
1 3 32 64 8000
0 1 48 244 8000
0 2 142 8 8000
1 3 182 75 8000
2 3 161 89 8000
2 1 31 223 8000
2 0 193 17 8000
2 1 197 242 8000
0 2 45 169 8000
1 3 74 106 8000
1 2 207 79 8000
1 0 68 211 8000
1 0 87 77 8000
2 3 62 81 8000
3 2 49 66 8000
3 1 212 69 8000
1 2 120 48 8000
1 3 31 80 8000
1 0 2 206 8000
2 1 91 224 8000
3 2 229 201 8000
3 0 158 78 8000
2 3 22 34 8000
1 0 61 95 8000
3 0 134 215 8000
2 0 150 157 8000
1 3 69 10 8000
0 2 141 203 8000
2 3 167 39 8000
2 0 17 63 8000
2 3 187 182 8000
0 1 244 234 8000
2 0 81 117 8000
2 1 37 234 8000
0 2 116 53 8000
0 3 56 48 8000
2 1 249 167 8000
1 3 0 197 8000
3 1 17 239 8000
3 2 133 114 8000
3 1 163 199 8000
0 1 189 37 8000
0 2 205 72 8000
3 2 110 143 8000
0 2 154 41 8000
3 0 188 204 8000
0 1 45 84 8000
0 2 197 55 8000
1 0 111 118 8000
2 3 167 246 8000
0 3 233 206 8000
1 2 158 104 8000
2 1 164 83 8000
0 1 206 33 8000
0 3 196 57 8000
1 2 181 24 8000
3 1 169 213 8000
2 3 231 111 8000
1 2 252 191 8000
1 2 163 88 8000
3 1 48 182 8000
3 1 235 47 8000
2 1 123 163 8000
1 0 27 243 8000
2 3 55 218 8000
2 1 224 231 8000
2 3 242 163 8000
3 2 142 69 8000
0 3 246 160 8000
3 0 94 52 8000
0 1 173 225 8000
3 2 33 50 8000
3 0 156 251 8000
1 3 40 2 8000
1 3 182 224 8000
0 2 216 142 8000
1 2 226 68 8000
0 3 105 231 8000
1 0 60 187 8000
1 3 7 121 8000
0 3 37 5 8000
2 3 175 147 8000
0 2 82 197 8000
0 3 233 183 8000
2 3 202 167 8000
3 1 35 100 8000
2 3 210 18 8000
1 2 51 233 8000
0 1 50 121 8000
1 2 106 28 8000
1 0 207 238 8000
1 2 156 190 8000
2 3 42 106 8000
2 3 160 237 8000
0 3 93 158 8000
0 3 65 55 8000
1 0 91 79 8000
3 1 119 242 8000
1 2 216 101 8000
3 0 234 220 8000
1 3 190 181 8000
0 1 43 29 8000
3 0 136 173 8000
3 0 108 222 8000
3 2 83 169 8000
2 3 34 77 8000
1 2 76 132 10000
2 1 118 191 10000
3 2 205 143 10000
2 0 148 46 10000
1 3 25 102 10000
3 0 154 112 10000
0 1 31 154 10000
3 1 57 152 10000
3 0 113 141 10000
0 1 251 205 10000
1 0 232 251 10000
0 3 196 18 10000
1 2 139 13 10000
0 3 187 204 10000
2 0 37 247 10000
1 3 41 23 10000
2 3 254 168 10000
3 0 178 254 10000
1 0 72 109 10000
1 0 8 34 10000
2 1 213 201 10000
2 1 177 209 10000
0 2 190 121 10000
1 3 147 88 10000
0 2 24 22 10000
3 0 4 173 10000
3 1 85 250 10000
3 1 180 197 10000
2 0 44 28 10000
1 0 125 103 10000
3 2 230 142 10000
1 2 91 37 10000
3 2 56 30 10000
3 0 173 40 10000
3 0 176 45 10000
3 0 101 154 10000
0 3 43 244 10000
0 3 166 222 10000
2 3 170 144 10000
2 1 211 255 10000
1 3 204 151 10000
0 3 81 9 10000
1 2 49 161 10000
0 3 171 200 10000
1 0 71 77 10000
2 1 183 132 10000
3 2 206 58 10000
0 2 108 171 10000
2 1 19 156 10000
0 3 42 161 10000
2 3 209 18 10000
2 0 60 30 10000
3 1 175 136 10000
3 2 40 186 10000
3 1 191 3 10000
1 3 18 223 10000
1 3 133 117 10000
0 2 67 38 10000
0 1 229 134 10000
0 1 121 28 10000
2 0 20 188 10000
3 2 39 10 10000
3 1 208 190 10000
2 1 67 247 10000
2 0 40 33 10000
3 0 67 232 10000
1 2 39 167 10000
2 1 15 37 10000
2 1 85 182 10000
0 3 0 69 10000
1 2 54 14 10000
2 3 0 41 10000
1 3 210 98 10000
3 1 121 170 10000
2 1 205 251 10000
3 0 118 147 10000
2 3 130 97 10000
2 3 146 240 10000
2 0 13 174 10000
3 2 226 37 10000
1 3 5 145 10000
2 3 189 108 10000
0 1 205 118 10000
1 2 221 235 10000
3 1 184 28 10000
2 1 211 220 10000
2 0 29 154 10000
2 1 162 117 10000
2 1 194 98 10000
1 0 118 166 10000
1 0 38 68 10000
3 0 190 25 10000
2 3 202 53 10000
3 1 53 121 10000
2 3 187 177 10000
0 2 161 253 10000
3 2 102 64 10000
1 0 86 169 10000
0 3 12 74 10000
3 1 105 248 10000
1 2 67 249 10000
3 2 13 246 10000
1 0 11 109 10000
3 2 42 143 10000
1 2 124 89 10000
2 1 91 82 10000
3 2 10 90 10000
3 2 131 87 10000
3 1 157 206 10000
0 1 218 66 10000
0 1 12 0 10000
0 3 89 10 10000
1 3 116 92 10000
3 2 249 5 10000
3 0 136 236 10000
2 1 66 217 10000
0 2 99 88 10000
3 0 22 167 10000
1 0 251 185 10000
2 3 231 214 10000
3 1 159 183 10000
2 0 192 226 10000
1 0 246 109 10000
1 2 134 104 10000
0 1 76 100 10000
1 0 100 3 10000
3 0 160 224 10000
1 0 194 131 10000
1 2 157 4 10000
0 1 138 200 10000
2 1 81 36 10000
3 0 168 19 10000
2 1 229 189 10000
3 2 170 124 10000
1 3 59 52 10000
2 3 16 191 10000
1 3 84 155 10000
2 3 6 52 10000
0 1 51 179 10000
2 3 31 197 10000
0 2 17 60 10000
2 1 233 184 10000
3 0 124 0 10000
3 0 0 62 10000
3 2 253 45 10000
2 0 126 79 10000
1 3 91 195 10000
3 2 57 50 10000
3 1 74 40 10000
2 1 231 33 10000
1 2 183 31 10000
2 1 242 144 10000
3 0 21 116 10000
2 1 131 45 10000
0 3 143 84 10000
2 1 202 197 10000
3 2 210 124 10000
0 1 45 186 10000
3 1 202 1 10000
0 3 129 9 10000
2 1 9 52 10000
2 1 192 33 10000
0 1 163 223 10000
1 3 87 62 10000
1 2 209 133 10000
3 2 231 41 10000
0 3 4 247 10000
3 2 142 78 10000
3 0 123 204 10000
1 0 247 159 10000
3 2 155 102 10000
1 0 247 219 10000
3 0 129 113 10000
2 0 128 105 10000
2 0 2 95 10000
2 0 145 83 10000
3 0 95 233 10000
1 2 126 193 10000
1 3 221 186 10000
3 2 184 178 10000
3 2 113 73 10000
2 1 21 44 10000
1 3 213 82 10000
0 3 35 38 10000
0 2 244 37 10000
1 0 184 61 10000
1 3 121 140 10000
0 2 147 124 10000
0 1 255 236 10000
1 3 59 168 10000
1 3 160 184 10000
2 3 95 82 10000
3 1 10 122 10000
2 1 228 204 10000
1 2 169 243 10000
3 1 192 134 10000
3 2 121 226 10000
3 0 94 17 10000
2 0 190 223 10000
0 2 220 27 10000
1 0 90 199 10000
2 3 30 12 10000
1 2 218 20 10000
2 0 132 30 10000
0 2 232 225 10000
3 2 209 166 10000
0 1 90 176 10000
0 2 156 102 10000
0 1 90 110 10000
1 0 6 31 10000
3 2 70 91 10000
1 0 225 91 10000
0 2 113 104 10000
0 1 88 20 10000
3 2 4 14 10000
2 1 10 9 10000
3 1 152 191 10000
1 3 30 185 10000
0 1 165 97 10000
0 2 140 178 10000
3 1 162 80 10000
2 1 70 76 10000
2 0 71 6 10000
0 2 210 63 10000
2 3 189 143 10000
3 0 81 24 10000
1 0 224 236 10000
0 3 187 137 10000
1 0 244 180 10000
3 2 8 43 10000
2 0 101 48 10000
3 2 236 171 10000
0 3 197 55 10000
3 1 94 44 10000
2 0 63 132 10000
0 2 7 162 10000
0 3 118 5 10000
1 2 242 192 10000
1 0 86 49 10000
0 1 10 48 10000
0 2 104 246 10000
1 2 155 222 10000
3 0 68 192 10000
0 2 212 42 10000
1 3 254 204 10000
0 2 248 92 10000
2 0 38 55 10000
0 3 88 62 10000
3 1 201 205 10000
2 0 211 231 10000
0 1 74 32 10000
1 0 93 221 10000
1 3 177 218 10000
3 1 101 138 10000
3 0 68 249 10000
1 3 219 95 10000
0 3 11 204 10000
2 1 70 27 10000
0 2 196 84 10000
1 2 14 115 10000
3 1 215 69 10000
1 3 167 56 10000
2 1 12 242 10000
3 2 29 154 10000
2 0 243 133 10000
1 2 188 91 10000
2 1 212 238 10000
0 2 61 160 10000
0 3 49 40 10000
1 0 34 193 10000
0 3 173 141 10000
2 1 22 213 10000
3 2 165 197 10000
0 1 242 145 10000
0 3 140 164 10000
1 0 88 19 10000
2 1 115 70 10000
2 0 39 75 10000
0 1 255 20 10000
1 3 163 33 10000
3 2 88 12 10000
2 0 142 113 10000
0 3 177 105 10000
0 3 24 250 10000
1 3 27 191 10000
3 1 120 38 10000
3 0 220 182 10000
2 1 53 209 10000
1 0 161 66 10000
2 0 90 73 10000
1 0 60 245 10000
0 1 176 0 10000
2 1 52 13 10000
0 3 115 137 10000
3 2 122 123 10000
0 1 151 138 10000
1 2 211 33 10000
1 0 45 92 10000
2 1 177 85 10000
3 1 48 217 10000
