# src_chip dst_chip src_pe dst_pe inject_cycle
# entries=768 chips=16 pe_per_chip=64 timesteps=5 interval=2000 seed=65
7 6 57 30 2000
12 10 47 34 2000
15 11 2 63 2000
5 9 44 34 2000
11 9 26 55 2000
15 7 23 52 2000
1 14 5 42 2000
2 6 3 34 2000
7 13 62 38 2000
2 5 53 52 2000
14 11 36 4 2000
3 10 6 35 2000
7 11 18 58 2000
5 3 30 10 2000
12 14 38 50 2000
11 7 2 32 2000
2 9 25 42 2000
4 0 32 12 2000
2 6 54 2 2000
4 0 10 2 2000
11 6 43 50 2000
9 11 18 54 2000
3 12 19 34 2000
5 14 44 36 2000
9 10 45 61 2000
13 2 30 25 2000
0 1 37 29 2000
6 12 53 17 2000
7 15 10 0 2000
2 9 8 34 2000
1 10 27 12 2000
0 9 44 49 2000
11 4 3 49 2000
15 9 10 16 2000
8 11 2 1 2000
15 12 22 20 2000
15 2 57 42 2000
11 7 9 26 2000
1 11 51 12 2000
4 6 63 15 2000
8 4 47 17 2000
15 2 53 20 2000
4 10 62 31 2000
10 14 7 42 2000
4 11 30 23 2000
0 14 10 22 2000
0 3 3 61 2000
1 13 41 49 2000
3 10 6 19 2000
3 5 6 45 2000
14 13 37 43 2000
12 1 46 29 2000
15 14 20 32 2000
13 7 47 20 2000
2 3 2 47 2000
9 0 39 14 2000
6 10 45 10 2000
7 1 12 44 2000
12 5 21 16 2000
12 3 6 58 2000
7 6 47 9 2000
7 12 15 47 2000
6 11 13 2 2000
14 0 28 47 2000
10 8 26 3 2000
8 3 34 13 2000
14 8 11 38 2000
10 3 23 26 2000
3 9 14 25 2000
14 2 10 15 2000
9 6 26 33 2000
0 11 19 51 2000
3 8 3 34 2000
12 9 7 37 2000
6 10 10 44 2000
1 8 16 44 2000
8 5 42 13 2000
1 12 3 45 2000
2 0 56 41 2000
5 1 21 46 2000
6 3 26 33 2000
10 8 31 61 2000
13 14 39 23 2000
13 8 48 0 2000
14 1 36 35 2000
2 15 50 1 2000
11 12 63 33 2000
14 6 24 52 2000
11 9 27 31 2000
8 6 63 52 2000
3 6 37 25 2000
8 14 51 15 2000
12 11 27 31 2000
0 11 36 10 2000
9 7 4 53 2000
14 5 23 43 2000
0 2 17 27 2000
7 2 60 55 2000
3 2 30 2 2000
8 0 26 10 2000
3 14 33 52 2000
14 5 18 58 2000
0 3 56 27 2000
11 6 33 56 2000
4 9 54 38 2000
9 8 35 45 2000
10 12 20 14 2000
1 7 25 59 2000
11 6 12 26 2000
4 3 44 28 2000
13 11 15 48 2000
0 9 26 44 2000
11 12 12 43 2000
2 6 3 8 2000
8 3 11 58 2000
6 13 42 9 2000
6 14 1 8 2000
3 13 35 56 2000
13 5 40 43 2000
9 0 18 7 2000
6 5 56 26 2000
2 12 45 30 2000
5 8 14 15 2000
9 2 48 57 2000
14 10 2 33 2000
2 5 55 53 2000
0 13 55 47 2000
9 3 8 63 2000
5 8 20 46 2000
1 0 44 15 2000
0 15 56 16 2000
11 3 54 4 2000
2 15 62 21 2000
13 2 13 32 2000
14 10 61 27 2000
6 9 1 33 2000
14 3 14 50 2000
12 10 21 51 2000
13 12 35 31 2000
15 2 14 38 2000
15 14 44 13 2000
0 2 26 51 2000
9 12 35 44 2000
1 15 8 13 2000
15 5 32 54 2000
9 13 26 62 2000
11 6 43 26 2000
11 6 2 28 2000
9 0 52 8 2000
12 11 7 20 2000
1 14 2 42 2000
14 5 8 18 2000
12 3 57 35 2000
6 11 52 32 2000
2 8 9 48 2000
14 8 62 21 2000
3 14 56 14 2000
5 7 21 57 2000
4 6 47 17 2000
7 6 8 57 2000
14 2 35 36 2000
12 15 48 37 2000
13 4 36 32 4000
11 9 46 39 4000
8 5 34 0 4000
14 12 20 56 4000
15 4 28 14 4000
12 11 33 16 4000
6 2 14 43 4000
15 10 46 54 4000
8 3 56 39 4000
2 1 14 3 4000
8 10 37 3 4000
2 10 5 63 4000
0 15 19 29 4000
5 12 19 4 4000
10 7 34 43 4000
10 0 5 27 4000
11 0 36 9 4000
5 9 48 37 4000
3 11 30 4 4000
1 12 5 42 4000
14 7 43 61 4000
13 6 46 32 4000
1 5 7 13 4000
13 14 7 46 4000
8 9 63 14 4000
14 1 42 1 4000
12 9 58 16 4000
5 15 22 6 4000
12 5 1 24 4000
2 12 26 45 4000
4 7 52 39 4000
9 15 58 20 4000
2 15 33 12 4000
3 5 9 12 4000
3 1 31 62 4000
3 2 30 41 4000
12 3 12 42 4000
12 1 47 10 4000
14 1 14 59 4000
1 3 59 60 4000
15 6 35 46 4000
9 2 14 4 4000
11 7 38 1 4000
13 0 11 35 4000
15 11 0 24 4000
12 15 4 21 4000
2 13 33 23 4000
14 10 57 2 4000
4 10 46 17 4000
11 0 9 40 4000
14 4 8 7 4000
10 14 51 33 4000
2 6 32 45 4000
7 9 3 25 4000
14 5 39 34 4000
5 11 36 52 4000
6 5 15 38 4000
12 8 30 32 4000
7 4 8 26 4000
0 4 14 12 4000
8 0 8 20 4000
8 14 63 49 4000
6 15 29 32 4000
14 8 35 7 4000
4 5 11 36 4000
0 15 40 24 4000
11 1 28 35 4000
11 10 59 57 4000
15 13 24 23 4000
5 2 12 6 4000
14 6 13 7 4000
8 14 24 34 4000
15 5 10 1 4000
3 6 46 59 4000
7 4 45 36 4000
0 7 50 58 4000
3 15 31 21 4000
9 15 19 16 4000
15 11 57 19 4000
0 8 45 59 4000
2 13 62 63 4000
5 9 39 43 4000
1 7 4 39 4000
2 6 45 61 4000
2 5 7 22 4000
3 5 41 14 4000
5 15 59 22 4000
8 0 46 4 4000
5 10 16 42 4000
11 13 36 57 4000
7 9 16 50 4000
9 15 0 58 4000
5 2 61 21 4000
14 0 13 50 4000
12 5 32 29 4000
13 5 49 48 4000
15 4 9 56 4000
15 3 24 50 4000
0 2 23 31 4000
14 7 2 5 4000
12 7 25 46 4000
7 15 34 2 4000
0 9 17 0 4000
9 15 16 28 4000
10 4 38 5 4000
15 4 34 46 4000
13 12 42 37 4000
4 11 60 18 4000
2 10 34 51 4000
9 11 2 26 4000
1 11 42 22 4000
14 9 14 13 4000
1 15 44 10 4000
6 11 45 56 4000
4 2 11 36 4000
5 3 13 37 4000
10 9 15 3 4000
3 15 17 47 4000
8 4 0 40 4000
12 6 52 20 4000
14 13 55 42 4000
7 3 25 20 4000
15 9 41 19 4000
11 15 29 1 4000
10 11 19 60 4000
0 14 28 36 4000
11 15 44 24 4000
11 8 23 11 4000
13 12 0 46 4000
13 2 40 53 4000
11 10 57 56 4000
7 4 9 21 4000
13 14 49 3 4000
3 5 53 42 4000
8 9 19 7 4000
0 12 60 46 4000
4 2 11 12 4000
11 2 48 23 4000
8 5 21 61 4000
10 1 57 41 4000
1 10 6 42 4000
3 6 26 34 4000
9 11 49 52 4000
5 14 51 43 4000
12 8 60 1 4000
0 14 2 10 4000
2 11 60 31 4000
8 15 52 13 4000
5 9 14 36 4000
8 12 10 56 4000
4 12 55 27 4000
0 14 52 3 4000
3 0 23 21 4000
15 5 38 30 4000
8 1 46 29 4000
11 7 15 7 4000
3 13 30 3 4000
10 0 9 25 4000
3 15 34 24 4000
5 11 60 20 4000
13 14 12 38 4000
3 9 9 28 4000
15 10 16 55 4000
14 7 56 35 6000
4 13 15 8 6000
4 13 2 50 6000
0 5 8 18 6000
15 10 37 30 6000
5 4 27 8 6000
7 12 43 0 6000
3 11 34 4 6000
4 7 1 38 6000
8 1 13 7 6000
3 0 34 27 6000
9 12 0 8 6000
10 7 22 29 6000
9 2 16 40 6000
4 9 46 37 6000
0 2 58 2 6000
12 10 44 31 6000
5 11 24 3 6000
10 7 42 5 6000
14 13 14 16 6000
0 14 22 37 6000
10 4 44 36 6000
6 4 32 37 6000
4 12 61 26 6000
10 3 47 0 6000
12 14 8 5 6000
6 7 6 17 6000
9 1 7 34 6000
1 5 14 46 6000
8 6 42 48 6000
10 1 47 39 6000
2 1 8 53 6000
10 13 27 43 6000
3 15 12 25 6000
10 0 44 62 6000
0 15 46 43 6000
6 5 29 38 6000
0 12 38 48 6000
13 7 32 27 6000
2 12 21 5 6000
15 14 38 39 6000
9 3 16 14 6000
2 5 29 30 6000
6 9 17 58 6000
6 3 45 47 6000
11 6 56 11 6000
1 10 45 44 6000
15 2 18 27 6000
13 4 20 22 6000
7 12 28 58 6000
13 9 39 27 6000
0 9 54 46 6000
2 4 50 19 6000
0 6 55 35 6000
13 2 29 1 6000
0 8 23 6 6000
9 7 60 51 6000
3 9 47 19 6000
6 1 30 37 6000
5 9 24 2 6000
13 4 9 13 6000
7 8 10 26 6000
6 14 61 38 6000
14 15 59 42 6000
8 6 51 12 6000
9 6 7 55 6000
10 12 36 6 6000
2 13 7 42 6000
5 0 15 61 6000
13 9 46 4 6000
4 8 41 42 6000
4 1 32 26 6000
10 7 37 46 6000
0 13 62 45 6000
13 15 3 5 6000
14 13 20 29 6000
9 5 26 46 6000
14 4 49 40 6000
14 6 52 5 6000
0 3 17 20 6000
6 5 57 45 6000
7 12 14 60 6000
10 2 46 8 6000
5 1 35 33 6000
9 4 6 2 6000
12 7 29 38 6000
14 2 46 28 6000
8 3 49 61 6000
2 5 3 57 6000
11 13 51 31 6000
5 4 5 4 6000
3 8 9 18 6000
2 10 33 32 6000
1 6 44 12 6000
15 0 28 59 6000
14 6 22 33 6000
10 8 55 61 6000
12 0 13 4 6000
9 7 2 58 6000
12 9 40 49 6000
10 11 15 44 6000
1 3 56 62 6000
10 5 32 35 6000
15 0 47 44 6000
4 6 9 17 6000
10 9 13 48 6000
3 15 52 19 6000
7 4 45 34 6000
11 2 7 63 6000
10 3 10 53 6000
10 1 61 5 6000
3 5 25 3 6000
12 9 46 40 6000
0 11 50 53 6000
1 12 6 59 6000
4 12 2 59 6000
5 7 33 49 6000
1 13 23 56 6000
11 1 42 18 6000
1 2 54 19 6000
3 10 29 7 6000
11 6 36 11 6000
2 9 62 4 6000
15 7 26 4 6000
15 14 37 7 6000
7 2 35 49 6000
0 13 53 8 6000
10 6 63 22 6000
9 4 46 33 6000
1 12 5 49 6000
14 11 24 55 6000
13 5 16 42 6000
11 14 16 52 6000
11 13 0 55 6000
7 11 56 8 6000
0 2 58 63 6000
15 8 3 52 6000
14 1 24 39 6000
9 2 51 54 6000
12 15 62 26 6000
13 5 63 18 6000
6 7 59 37 6000
11 0 49 13 6000
5 14 6 23 6000
9 2 59 5 6000
11 13 20 3 6000
14 4 25 42 8000
13 6 16 34 8000
4 1 35 49 8000
13 2 20 54 8000
9 3 39 54 8000
11 4 20 26 8000
8 4 5 11 8000
13 11 54 38 8000
3 8 9 50 8000
8 7 37 47 8000
4 5 33 2 8000
3 1 44 25 8000
0 2 14 8 8000
14 6 8 22 8000
15 11 25 44 8000
8 15 31 45 8000
13 8 18 8 8000
9 1 33 47 8000
2 5 6 43 8000
6 8 45 60 8000
9 15 25 27 8000
14 3 1 38 8000
13 12 22 46 8000
3 9 18 57 8000
2 9 43 59 8000
2 10 22 40 8000
6 0 23 31 8000
3 12 53 13 8000
14 7 26 35 8000
0 4 7 9 8000
12 15 35 59 8000
6 2 19 47 8000
1 5 18 40 8000
14 12 6 48 8000
8 9 47 16 8000
5 14 9 40 8000
5 6 34 23 8000
6 8 6 49 8000
14 8 28 32 8000
12 0 48 17 8000
5 0 2 9 8000
2 13 41 11 8000
12 13 5 18 8000
8 11 4 9 8000
5 12 5 13 8000
15 0 21 2 8000
12 13 20 30 8000
4 2 47 30 8000
4 2 58 1 8000
11 13 46 3 8000
0 4 42 30 8000
7 2 23 4 8000
15 13 1 30 8000
13 3 49 55 8000
10 1 16 0 8000
7 5 33 61 8000
12 9 23 63 8000
5 4 61 50 8000
4 8 12 23 8000
11 6 29 11 8000
13 9 21 27 8000
9 5 44 59 8000
2 13 32 35 8000
10 11 54 36 8000
15 7 21 22 8000
7 2 5 25 8000
11 15 63 32 8000
13 11 33 0 8000
2 1 37 27 8000
11 14 16 15 8000
13 6 61 30 8000
4 10 25 41 8000
13 14 21 62 8000
2 8 16 15 8000
2 7 25 43 8000
15 7 57 58 8000
15 3 54 9 8000
15 9 41 28 8000
14 7 7 19 8000
3 4 55 49 8000
12 8 12 16 8000
14 3 47 30 8000
1 5 38 62 8000
2 0 48 59 8000
13 14 22 56 8000
15 14 14 33 8000
8 1 39 25 8000
6 9 5 38 8000
7 11 14 5 8000
13 7 36 32 8000
2 3 4 20 8000
0 9 22 43 8000
6 10 61 8 8000
8 0 1 47 8000
2 8 13 17 8000
10 3 0 5 8000
5 8 7 27 8000
14 11 59 60 8000
9 14 63 33 8000
2 11 35 6 8000
0 7 21 6 8000
15 0 35 55 8000
7 3 21 53 8000
4 1 44 38 8000
2 3 59 28 8000
14 9 52 53 8000
11 10 20 4 8000
9 5 49 17 8000
9 13 35 61 8000
3 0 31 45 8000
7 10 25 57 8000
9 15 7 5 8000
10 0 25 1 8000
14 1 38 63 8000
3 6 24 52 8000
11 7 41 11 8000
10 14 54 6 8000
0 1 41 35 8000
9 1 45 26 8000
14 8 36 11 8000
3 2 9 4 8000
5 4 47 44 8000
0 3 39 44 8000
1 0 8 56 8000
15 6 0 42 8000
9 15 34 23 8000
0 8 7 30 8000
2 1 15 11 8000
4 7 4 57 8000
10 11 37 31 8000
0 1 30 50 8000
8 3 6 37 8000
8 0 49 0 8000
13 9 38 4 8000
10 3 61 28 8000
14 2 12 61 8000
14 3 8 61 8000
0 3 52 17 8000
5 9 38 26 8000
14 2 37 23 8000
7 6 21 58 8000
13 15 28 4 10000
1 5 14 10 10000
13 1 33 62 10000
0 3 20 37 10000
10 3 30 19 10000
11 3 47 36 10000
9 15 19 54 10000
4 7 17 40 10000
8 11 11 37 10000
5 7 61 23 10000
15 11 32 60 10000
10 6 37 9 10000
5 9 29 7 10000
0 5 48 32 10000
6 9 10 24 10000
6 7 30 13 10000
13 6 4 21 10000
11 12 29 22 10000
14 0 61 56 10000
14 13 60 12 10000
11 15 0 29 10000
9 2 20 26 10000
11 1 56 38 10000
0 10 25 54 10000
0 5 44 30 10000
12 15 22 45 10000
12 8 16 6 10000
14 15 27 41 10000
12 15 34 63 10000
2 11 20 15 10000
5 2 16 9 10000
12 10 15 42 10000
1 11 41 5 10000
9 7 45 41 10000
2 15 34 54 10000
15 0 49 16 10000
13 4 59 61 10000
6 3 24 45 10000
2 8 45 48 10000
0 5 31 11 10000
11 9 37 36 10000
8 6 46 39 10000
2 10 21 4 10000
1 15 12 41 10000
13 12 12 41 10000
4 0 51 6 10000
3 9 33 9 10000
15 11 36 10 10000
10 1 13 57 10000
1 8 56 2 10000
10 12 34 5 10000
9 1 31 1 10000
10 14 33 0 10000
10 6 9 0 10000
1 12 51 24 10000
2 15 41 5 10000
0 11 35 18 10000
15 9 18 6 10000
9 6 48 12 10000
6 5 42 26 10000
2 5 59 55 10000
10 12 38 3 10000
15 2 13 17 10000
6 15 13 43 10000
15 8 0 33 10000
8 10 28 48 10000
5 0 38 26 10000
11 5 25 34 10000
2 1 45 40 10000
6 4 7 12 10000
0 14 14 50 10000
0 10 7 55 10000
5 3 51 35 10000
15 13 3 43 10000
8 10 62 34 10000
6 2 33 15 10000
0 12 56 61 10000
1 0 27 28 10000
15 2 11 2 10000
15 6 37 8 10000
1 7 58 13 10000
11 13 32 26 10000
15 7 63 26 10000
15 14 11 33 10000
0 14 17 18 10000
1 11 0 50 10000
3 12 52 56 10000
11 12 7 2 10000
10 6 2 14 10000
15 2 0 15 10000
13 0 57 54 10000
5 14 18 23 10000
3 2 18 5 10000
15 10 13 19 10000
15 4 35 13 10000
3 1 4 0 10000
3 13 44 13 10000
0 14 28 43 10000
6 14 52 22 10000
10 4 28 50 10000
10 9 16 36 10000
1 15 50 3 10000
0 12 8 25 10000
3 8 6 2 10000
1 12 27 55 10000
6 9 23 12 10000
7 13 49 63 10000
6 3 30 51 10000
10 15 3 42 10000
2 9 46 50 10000
3 5 20 3 10000
1 2 61 42 10000
14 12 12 8 10000
13 12 42 54 10000
13 4 6 60 10000
0 6 22 60 10000
12 1 41 21 10000
8 3 55 33 10000
2 6 56 22 10000
14 3 40 10 10000
11 10 0 24 10000
15 11 43 8 10000
1 13 63 28 10000
8 10 30 63 10000
15 5 14 62 10000
0 10 40 11 10000
12 13 55 43 10000
10 4 6 11 10000
0 4 40 39 10000
1 15 29 43 10000
7 10 44 2 10000
10 7 61 50 10000
14 4 34 55 10000
0 9 58 3 10000
13 2 63 50 10000
9 3 47 62 10000
11 14 14 12 10000
0 10 1 14 10000
15 10 25 20 10000
10 4 29 5 10000
10 4 20 15 10000
8 9 8 14 10000
1 3 10 63 10000
12 0 50 39 10000
15 10 8 43 10000
7 4 18 38 10000
7 10 15 51 10000
13 12 49 14 10000
7 8 47 37 10000
15 9 7 51 10000
10 13 2 26 10000
8 11 21 34 10000
7 14 13 31 10000
12 6 8 58 10000
1 14 32 19 10000
9 2 20 49 10000
