# src_chip dst_chip src_pe dst_pe inject_cycle
# entries=768 chips=4 pe_per_chip=256 timesteps=5 interval=2000 seed=57
2 1 203 251 2000
0 3 234 114 2000
0 3 58 249 2000
1 2 69 184 2000
0 1 73 7 2000
0 1 39 170 2000
1 3 121 100 2000
3 2 71 251 2000
3 1 181 164 2000
3 1 130 173 2000
1 3 227 253 2000
1 2 5 4 2000
0 3 71 231 2000
2 1 78 76 2000
0 1 127 110 2000
3 1 9 4 2000
0 3 250 69 2000
2 3 228 105 2000
0 2 248 18 2000
0 3 143 67 2000
1 3 82 146 2000
2 0 163 88 2000
3 1 164 22 2000
3 0 50 203 2000
3 0 112 127 2000
3 2 129 86 2000
2 3 147 240 2000
3 0 247 178 2000
0 3 44 109 2000
3 2 237 96 2000
0 3 224 34 2000
2 0 107 179 2000
1 3 34 47 2000
2 0 140 217 2000
1 2 134 158 2000
1 3 137 238 2000
2 1 8 248 2000
1 3 216 110 2000
2 3 249 124 2000
3 1 46 76 2000
0 3 213 138 2000
1 3 155 199 2000
0 1 90 31 2000
2 3 197 90 2000
0 1 172 206 2000
3 0 170 83 2000
3 0 30 215 2000
0 1 228 238 2000
3 1 182 117 2000
0 1 203 87 2000
0 2 128 127 2000
3 2 43 139 2000
0 1 127 149 2000
0 2 251 159 2000
0 1 65 33 2000
3 2 126 77 2000
1 3 3 79 2000
2 0 74 34 2000
1 3 153 210 2000
1 3 119 255 2000
1 3 52 3 2000
0 2 6 248 2000
1 0 102 208 2000
1 3 146 226 2000
3 1 162 239 2000
0 2 220 115 2000
0 3 27 13 2000
0 2 84 112 2000
0 3 136 209 2000
2 0 54 225 2000
2 0 146 86 2000
3 1 125 87 2000
3 1 37 166 2000
3 0 58 127 2000
3 1 247 159 2000
2 1 46 109 2000
0 2 233 211 2000
0 1 31 18 2000
2 1 90 251 2000
0 3 137 240 2000
1 0 107 25 2000
2 3 28 54 2000
1 3 90 141 2000
1 2 187 49 2000
3 0 115 133 2000
0 2 254 146 2000
3 0 244 164 2000
3 1 122 131 2000
0 2 228 43 2000
3 1 157 123 2000
1 0 55 98 2000
1 3 181 16 2000
3 0 141 7 2000
1 2 201 80 2000
2 3 41 82 2000
0 3 38 101 2000
2 0 18 99 2000
1 2 196 235 2000
2 0 158 255 2000
2 3 226 130 2000
1 2 238 196 2000
0 2 95 116 2000
3 1 223 2 2000
1 0 237 47 2000
2 1 54 226 2000
0 2 71 144 2000
0 2 14 183 2000
3 1 200 184 2000
3 0 218 160 2000
1 3 222 115 2000
0 2 180 177 2000
3 2 233 29 2000
1 2 172 40 2000
0 2 197 198 2000
2 0 228 195 2000
0 1 129 180 2000
2 1 222 249 2000
2 0 122 57 2000
2 3 98 38 2000
3 0 85 100 2000
2 0 249 153 2000
3 1 210 133 2000
1 3 6 22 2000
1 0 12 100 2000
2 3 252 117 2000
3 1 221 125 2000
2 3 139 167 2000
3 2 19 136 2000
2 1 216 255 2000
2 1 29 225 2000
3 0 48 242 2000
0 1 40 74 2000
1 2 29 203 2000
1 2 203 167 2000
2 1 133 250 2000
2 3 129 192 2000
1 2 236 211 2000
3 1 25 4 2000
0 3 65 23 2000
3 1 56 68 2000
0 3 162 182 2000
0 2 58 95 2000
1 2 44 120 2000
2 0 124 249 2000
0 2 228 155 2000
3 1 243 9 2000
3 2 255 160 2000
1 3 204 37 2000
0 3 82 148 2000
2 3 177 112 2000
3 2 239 36 2000
0 1 215 17 2000
1 2 65 138 2000
2 3 92 249 2000
2 1 10 110 2000
2 3 212 165 2000
0 3 65 88 2000
2 3 245 129 2000
1 0 184 70 2000
3 0 92 218 2000
3 0 135 219 2000
2 3 137 143 2000
1 2 24 169 2000
2 1 220 2 2000
0 3 86 68 2000
1 2 180 166 2000
1 2 210 15 2000
1 3 218 130 4000
2 0 241 172 4000
1 0 223 71 4000
0 2 213 63 4000
2 1 105 173 4000
1 3 229 161 4000
0 3 21 103 4000
2 1 245 213 4000
2 0 247 248 4000
3 1 228 82 4000
0 2 97 58 4000
1 2 135 46 4000
1 2 244 224 4000
3 2 66 181 4000
0 2 177 25 4000
0 3 84 44 4000
3 2 70 224 4000
1 0 69 94 4000
1 0 63 4 4000
3 1 227 205 4000
1 3 224 98 4000
0 3 41 241 4000
1 0 204 46 4000
3 1 54 87 4000
3 0 37 16 4000
2 3 173 1 4000
2 0 76 32 4000
2 1 58 179 4000
3 1 245 66 4000
2 1 31 139 4000
3 1 195 27 4000
2 0 37 138 4000
1 3 115 213 4000
1 0 97 129 4000
3 2 94 19 4000
1 3 48 100 4000
3 1 115 220 4000
0 1 68 174 4000
0 3 32 231 4000
3 0 67 38 4000
2 0 206 235 4000
1 0 124 82 4000
0 1 38 1 4000
2 1 85 170 4000
2 3 114 139 4000
0 3 138 247 4000
3 2 41 176 4000
1 3 62 33 4000
3 1 177 238 4000
2 0 62 126 4000
2 3 155 227 4000
0 3 242 170 4000
2 0 46 98 4000
0 2 154 5 4000
3 1 244 62 4000
0 1 23 98 4000
0 3 13 149 4000
1 0 132 101 4000
0 1 201 186 4000
1 3 10 2 4000
3 0 137 199 4000
1 0 232 227 4000
2 1 175 215 4000
1 0 206 153 4000
3 1 244 215 4000
3 2 87 35 4000
3 2 227 118 4000
1 2 54 101 4000
1 0 252 79 4000
2 0 186 122 4000
0 3 161 96 4000
2 1 144 127 4000
3 1 244 114 4000
1 0 149 139 4000
0 1 134 26 4000
2 0 205 140 4000
1 3 147 35 4000
3 0 250 238 4000
3 2 91 131 4000
0 1 48 233 4000
0 3 179 46 4000
0 3 214 146 4000
2 3 214 156 4000
1 3 140 58 4000
1 3 125 98 4000
2 3 223 150 4000
1 2 222 143 4000
2 1 253 205 4000
2 3 19 114 4000
2 3 185 70 4000
1 3 203 89 4000
1 0 226 241 4000
0 1 104 172 4000
2 0 167 63 4000
3 2 19 137 4000
2 1 155 96 4000
3 1 75 65 4000
0 2 4 239 4000
3 2 49 94 4000
0 1 139 9 4000
3 1 185 130 4000
3 1 185 238 4000
2 1 229 145 4000
0 2 200 105 4000
0 3 14 0 4000
0 1 42 94 4000
1 2 79 172 4000
3 0 170 98 4000
3 2 89 107 4000
1 0 186 239 4000
0 2 34 94 4000
1 3 22 169 4000
1 2 171 227 4000
1 2 26 209 4000
1 0 108 144 4000
2 3 169 42 4000
0 1 231 80 4000
1 3 13 150 4000
2 1 90 232 4000
1 0 68 126 4000
3 1 234 208 4000
1 3 103 183 4000
0 1 132 196 4000
2 1 36 199 4000
1 2 175 50 4000
1 0 46 42 4000
1 3 8 119 4000
2 3 175 120 4000
1 3 252 81 4000
3 0 217 220 4000
2 1 254 16 4000
0 2 101 170 4000
2 0 127 251 4000
3 2 239 162 4000
3 2 234 185 4000
2 1 246 98 4000
2 1 9 234 4000
1 0 169 251 4000
2 1 224 199 4000
1 2 79 54 4000
3 0 207 97 4000
3 1 6 114 4000
2 1 94 218 4000
0 1 122 158 4000
1 2 182 74 4000
1 2 60 75 4000
3 0 17 97 4000
2 0 120 42 4000
2 3 107 139 4000
3 1 55 22 4000
2 0 83 80 4000
3 2 57 175 4000
3 1 112 60 6000
0 2 0 255 6000
3 0 10 148 6000
0 1 17 195 6000
1 3 62 234 6000
1 0 111 201 6000
2 1 204 176 6000
2 0 171 85 6000
2 3 36 76 6000
3 0 55 152 6000
3 2 46 191 6000
3 2 148 162 6000
0 3 174 158 6000
0 2 72 175 6000
2 0 34 192 6000
3 2 158 221 6000
0 3 187 210 6000
1 0 6 130 6000
3 1 216 115 6000
1 3 219 59 6000
2 1 82 22 6000
2 3 213 56 6000
2 0 172 86 6000
2 0 154 68 6000
3 0 113 206 6000
0 1 166 86 6000
1 2 70 104 6000
1 0 155 240 6000
3 0 9 225 6000
0 2 196 175 6000
1 3 140 227 6000
2 0 201 19 6000
1 2 23 50 6000
2 3 182 130 6000
2 1 32 180 6000
1 2 148 184 6000
2 1 158 162 6000
0 3 225 224 6000
0 2 55 180 6000
2 1 106 36 6000
2 1 5 49 6000
2 1 13 237 6000
1 2 25 80 6000
1 3 226 153 6000
1 3 181 255 6000
2 1 134 33 6000
3 0 153 99 6000
1 0 211 45 6000
3 1 136 211 6000
2 1 134 49 6000
0 1 11 232 6000
3 0 157 222 6000
0 3 19 189 6000
0 1 125 242 6000
2 0 134 30 6000
2 0 253 32 6000
3 2 35 138 6000
3 2 243 20 6000
0 3 23 40 6000
2 0 250 153 6000
3 1 58 10 6000
0 2 240 251 6000
2 3 0 51 6000
3 1 96 156 6000
3 1 162 2 6000
0 3 16 143 6000
3 2 82 18 6000
1 3 176 47 6000
1 3 216 49 6000
0 2 192 255 6000
1 3 16 208 6000
2 0 29 132 6000
2 3 152 117 6000
2 3 114 170 6000
3 2 172 71 6000
1 3 176 28 6000
3 2 252 162 6000
2 1 16 211 6000
1 2 183 178 6000
2 3 221 77 6000
3 1 34 166 6000
0 2 239 218 6000
2 3 117 120 6000
0 1 235 106 6000
2 3 36 115 6000
3 2 25 219 6000
3 1 146 188 6000
2 1 253 175 6000
1 2 8 144 6000
1 2 80 139 6000
2 1 191 42 6000
0 1 29 177 6000
2 3 252 211 6000
1 2 50 159 6000
3 2 89 139 6000
0 3 59 115 6000
1 3 88 144 6000
2 0 5 226 6000
3 2 57 149 6000
0 2 119 99 6000
0 3 130 98 6000
1 2 78 25 6000
3 2 24 200 6000
2 1 182 198 6000
3 1 126 117 6000
0 3 65 175 6000
1 0 67 167 6000
0 1 82 26 6000
3 2 129 158 6000
1 3 153 124 6000
2 1 50 168 6000
3 2 82 159 6000
2 0 13 188 6000
1 3 206 113 6000
1 3 41 70 6000
3 2 236 85 6000
3 1 159 147 6000
3 0 180 156 6000
1 0 124 43 6000
2 3 101 4 6000
2 3 216 27 6000
0 1 145 1 6000
2 3 150 167 6000
3 1 67 64 6000
3 0 92 87 6000
2 3 216 218 6000
2 1 217 98 6000
3 2 190 82 6000
3 1 10 123 6000
0 1 109 79 6000
1 3 82 226 6000
0 2 201 57 6000
1 2 193 195 6000
1 0 99 124 6000
2 1 197 29 6000
0 2 213 123 6000
3 2 61 9 6000
1 3 71 78 6000
1 3 247 125 6000
2 0 132 227 6000
2 3 21 217 6000
3 2 200 73 6000
2 0 206 237 6000
0 3 143 6 6000
1 2 58 223 6000
3 2 103 178 6000
3 0 69 196 6000
2 3 44 241 6000
1 0 120 193 6000
1 2 205 186 6000
2 1 148 252 8000
1 3 72 35 8000
3 2 111 106 8000
1 0 54 40 8000
3 0 214 128 8000
1 2 163 122 8000
3 2 201 47 8000
2 1 203 52 8000
0 3 247 132 8000
0 2 38 169 8000
1 3 9 34 8000
1 3 87 126 8000
1 0 59 162 8000
1 3 129 156 8000
1 3 254 36 8000
3 0 80 56 8000
2 3 77 42 8000
1 3 134 39 8000
1 0 148 215 8000
2 1 5 115 8000
2 1 231 142 8000
1 3 15 174 8000
3 2 43 80 8000
3 0 47 35 8000
1 2 215 22 8000
2 0 93 48 8000
0 2 101 27 8000
2 3 228 115 8000
3 2 161 143 8000
3 1 37 44 8000
3 1 171 215 8000
3 1 135 133 8000
1 2 0 193 8000
2 3 41 82 8000
2 3 69 84 8000
0 3 8 118 8000
0 3 107 223 8000
0 2 35 40 8000
1 3 118 151 8000
3 2 46 35 8000
2 1 57 18 8000
1 2 125 51 8000
1 3 30 199 8000
3 1 91 145 8000
3 2 17 131 8000
0 1 150 204 8000
3 2 185 23 8000
3 1 245 171 8000
2 1 14 253 8000
2 0 230 50 8000
1 0 140 219 8000
1 2 58 66 8000
3 2 113 165 8000
2 0 34 80 8000
1 0 177 72 8000
1 3 2 65 8000
0 1 76 36 8000
0 2 88 39 8000
0 3 168 126 8000
1 0 195 60 8000
0 1 206 209 8000
1 3 7 65 8000
2 1 2 124 8000
0 1 185 215 8000
3 2 106 115 8000
0 3 251 75 8000
1 3 145 56 8000
0 2 69 131 8000
1 3 88 92 8000
0 3 205 216 8000
2 0 202 194 8000
1 0 5 70 8000
0 1 192 180 8000
0 2 209 185 8000
3 0 229 233 8000
3 0 130 173 8000
1 0 132 68 8000
0 2 137 198 8000
2 1 145 180 8000
1 0 236 177 8000
0 2 255 22 8000
3 2 100 141 8000
1 0 108 169 8000
2 3 12 246 8000
3 0 215 10 8000
3 0 111 91 8000
2 1 77 145 8000
0 3 196 140 8000
3 0 239 130 8000
0 1 10 217 8000
2 3 241 140 8000
1 3 131 191 8000
0 1 63 217 8000
3 0 175 82 8000
2 1 87 166 8000
3 1 252 181 8000
1 0 29 255 8000
0 3 11 222 8000
1 3 158 244 8000
0 1 156 174 8000
0 3 116 46 8000
3 1 210 141 8000
2 0 223 9 8000
1 3 31 94 8000
0 3 242 122 8000
2 0 9 206 8000
2 1 55 196 8000
0 2 213 32 8000
0 1 129 214 8000
1 3 169 167 8000
3 0 110 61 8000
3 1 5 102 8000
1 3 161 234 8000
1 2 251 213 8000
2 1 141 129 8000
3 0 145 110 8000
0 2 169 37 8000
3 0 93 46 8000
0 1 54 206 8000
0 1 33 110 8000
0 2 55 115 8000
0 3 10 33 8000
2 1 50 124 8000
0 1 191 28 8000
3 2 166 102 8000
3 0 22 76 8000
2 3 76 91 8000
2 0 84 137 8000
1 0 255 102 8000
2 1 181 139 8000
2 1 210 61 8000
0 2 232 63 8000
3 0 40 90 8000
3 2 29 99 8000
0 2 136 139 8000
1 2 236 106 8000
3 2 214 86 8000
0 2 56 180 8000
2 3 198 24 8000
0 1 237 93 8000
3 2 249 37 8000
0 3 246 203 8000
2 0 159 243 8000
2 1 209 190 8000
0 2 0 16 8000
2 3 252 196 8000
1 0 49 113 8000
0 2 9 58 10000
3 0 84 133 10000
3 2 130 209 10000
3 0 174 112 10000
0 3 238 140 10000
2 1 188 165 10000
1 3 21 148 10000
1 0 228 43 10000
0 1 138 182 10000
2 1 154 57 10000
1 3 113 170 10000
0 3 174 136 10000
3 2 3 187 10000
1 0 167 93 10000
2 1 216 100 10000
2 0 200 22 10000
2 0 170 81 10000
2 3 48 107 10000
1 2 38 191 10000
3 2 175 179 10000
1 3 194 55 10000
3 2 188 78 10000
1 2 240 241 10000
2 1 188 171 10000
3 0 189 150 10000
3 0 159 203 10000
1 0 123 128 10000
3 0 70 18 10000
0 2 58 220 10000
3 1 136 108 10000
2 1 163 89 10000
3 1 68 75 10000
1 3 245 36 10000
3 0 139 68 10000
2 1 110 146 10000
1 0 43 120 10000
3 1 189 123 10000
2 0 94 182 10000
2 0 254 204 10000
3 0 233 93 10000
0 3 38 165 10000
3 1 74 20 10000
0 3 96 184 10000
1 2 196 79 10000
3 1 36 233 10000
1 3 90 225 10000
0 3 142 193 10000
2 1 61 171 10000
1 0 78 220 10000
0 1 27 222 10000
1 0 149 213 10000
3 2 155 98 10000
2 0 218 58 10000
0 2 112 187 10000
0 3 190 149 10000
1 2 93 235 10000
2 3 213 138 10000
1 2 120 146 10000
0 1 81 185 10000
2 0 156 222 10000
3 1 162 26 10000
3 1 244 93 10000
1 2 142 248 10000
0 2 186 141 10000
1 0 175 35 10000
1 3 85 72 10000
2 1 7 103 10000
0 2 226 92 10000
2 3 8 205 10000
0 2 113 182 10000
0 3 15 167 10000
2 3 98 50 10000
3 0 83 148 10000
0 1 100 70 10000
0 1 198 79 10000
0 1 247 228 10000
1 3 139 94 10000
3 0 140 90 10000
2 1 248 61 10000
1 3 220 198 10000
3 2 226 195 10000
0 3 101 197 10000
3 0 5 137 10000
3 1 30 79 10000
1 2 138 249 10000
0 2 124 117 10000
0 2 12 98 10000
1 3 5 254 10000
0 3 236 182 10000
1 3 112 95 10000
3 0 154 62 10000
0 3 199 173 10000
2 0 208 109 10000
1 0 77 1 10000
3 1 184 30 10000
2 0 23 124 10000
0 2 225 131 10000
0 2 169 192 10000
0 2 221 182 10000
2 0 59 89 10000
0 2 156 7 10000
2 3 159 81 10000
1 3 234 211 10000
0 2 60 150 10000
1 0 221 200 10000
3 1 70 99 10000
1 3 232 216 10000
2 0 190 249 10000
0 3 14 207 10000
1 0 95 237 10000
3 1 124 67 10000
3 0 247 1 10000
3 0 170 159 10000
0 3 204 107 10000
2 0 212 254 10000
1 3 186 250 10000
1 0 41 44 10000
1 0 19 99 10000
3 2 79 231 10000
2 3 234 224 10000
2 0 241 189 10000
0 1 218 130 10000
0 1 9 228 10000
2 1 234 29 10000
1 3 167 145 10000
3 0 177 234 10000
2 1 73 44 10000
0 3 92 21 10000
2 3 90 131 10000
0 1 107 1 10000
3 1 14 217 10000
3 1 69 8 10000
2 0 245 230 10000
3 2 191 93 10000
1 0 200 221 10000
1 2 254 90 10000
3 1 43 232 10000
1 2 24 20 10000
1 2 164 89 10000
2 3 46 28 10000
1 3 98 78 10000
2 1 221 125 10000
2 3 225 34 10000
3 2 204 195 10000
0 1 3 203 10000
2 3 172 67 10000
2 1 179 219 10000
3 2 158 16 10000
3 0 64 115 10000
2 1 73 207 10000
1 3 220 95 10000
0 2 232 85 10000
