# src_chip dst_chip src_pe dst_pe inject_cycle
# entries=1536 chips=4 pe_per_chip=256 timesteps=5 interval=2000 seed=59
0 1 190 164 2000
1 3 207 3 2000
2 3 24 95 2000
0 1 232 207 2000
0 2 247 190 2000
1 0 127 2 2000
1 0 52 199 2000
1 3 244 162 2000
1 2 253 189 2000
3 1 76 58 2000
1 3 117 225 2000
0 3 132 112 2000
2 3 42 6 2000
0 1 11 176 2000
0 2 103 161 2000
3 2 87 27 2000
1 0 90 251 2000
0 3 128 238 2000
3 1 114 194 2000
2 0 103 190 2000
3 1 176 192 2000
0 1 27 180 2000
3 1 31 137 2000
1 0 59 67 2000
2 3 85 164 2000
0 3 208 42 2000
0 2 126 19 2000
0 3 220 25 2000
3 1 193 156 2000
0 1 4 46 2000
3 2 194 187 2000
2 3 181 167 2000
1 2 138 130 2000
3 1 192 29 2000
1 3 191 59 2000
3 1 150 20 2000
3 0 40 136 2000
0 2 65 146 2000
3 2 99 32 2000
0 1 154 192 2000
2 0 247 107 2000
0 1 236 108 2000
1 2 167 93 2000
0 3 52 96 2000
0 3 68 183 2000
0 1 150 12 2000
1 0 76 237 2000
2 1 239 0 2000
2 0 34 120 2000
1 3 62 2 2000
1 0 38 112 2000
2 1 151 129 2000
3 0 53 249 2000
1 3 245 56 2000
3 2 11 84 2000
3 2 37 99 2000
2 1 7 157 2000
0 3 185 192 2000
1 2 163 58 2000
0 3 227 19 2000
2 0 46 128 2000
2 3 21 62 2000
1 3 144 255 2000
0 2 106 113 2000
1 3 151 115 2000
2 1 96 251 2000
1 0 96 58 2000
1 2 177 220 2000
1 3 222 175 2000
0 2 168 54 2000
1 3 114 195 2000
3 0 136 126 2000
1 0 190 77 2000
0 3 85 221 2000
3 1 157 69 2000
1 3 255 78 2000
0 3 60 128 2000
0 1 124 135 2000
1 0 200 149 2000
1 0 76 46 2000
1 3 130 117 2000
2 0 48 61 2000
3 2 108 216 2000
3 0 132 58 2000
3 2 214 90 2000
0 3 3 101 2000
3 1 39 154 2000
2 3 139 192 2000
3 2 209 25 2000
2 0 79 31 2000
1 0 224 49 2000
0 1 97 175 2000
0 1 240 223 2000
1 0 146 87 2000
3 2 215 148 2000
0 1 70 122 2000
2 3 104 248 2000
2 3 23 62 2000
3 2 238 234 2000
0 2 117 165 2000
0 3 189 12 2000
2 1 238 140 2000
3 1 185 253 2000
3 1 35 45 2000
0 3 5 222 2000
2 1 44 204 2000
2 0 98 70 2000
2 0 31 234 2000
2 0 88 162 2000
2 3 61 86 2000
1 0 84 58 2000
0 1 42 156 2000
1 2 242 66 2000
2 3 121 74 2000
2 3 62 203 2000
1 0 221 142 2000
2 0 182 180 2000
1 3 100 12 2000
1 3 31 161 2000
3 0 30 182 2000
2 1 160 182 2000
0 3 46 186 2000
1 3 70 128 2000
3 1 6 33 2000
1 0 63 82 2000
1 2 160 46 2000
0 1 99 241 2000
3 0 195 50 2000
1 0 186 67 2000
3 2 187 191 2000
2 1 89 70 2000
2 0 134 239 2000
3 2 136 121 2000
2 0 244 31 2000
1 0 108 8 2000
0 1 167 170 2000
3 1 71 68 2000
3 2 120 170 2000
1 3 52 51 2000
0 3 132 22 2000
3 2 252 91 2000
0 1 24 33 2000
2 1 4 114 2000
2 1 65 129 2000
1 3 130 198 2000
1 3 226 90 2000
2 3 69 216 2000
1 0 150 215 2000
2 3 242 237 2000
3 2 218 190 2000
2 1 147 243 2000
1 3 50 0 2000
0 3 48 44 2000
2 1 160 225 2000
0 2 20 204 2000
0 3 136 47 2000
0 3 158 97 2000
0 2 129 58 2000
3 2 193 101 2000
1 3 174 253 2000
0 1 123 45 2000
2 1 226 9 2000
2 3 126 80 2000
2 1 162 220 2000
0 1 237 90 2000
3 2 104 72 2000
0 1 110 240 2000
0 1 129 87 2000
3 1 208 118 2000
0 1 151 47 2000
3 1 145 20 2000
3 1 210 39 2000
1 2 202 181 2000
1 0 80 231 2000
3 0 110 92 2000
1 3 67 243 2000
0 2 157 208 2000
0 2 64 224 2000
1 2 112 86 2000
0 1 192 35 2000
1 0 201 248 2000
2 3 110 104 2000
3 2 168 150 2000
0 2 210 43 2000
2 3 255 102 2000
0 2 246 95 2000
3 2 195 169 2000
0 3 196 37 2000
1 2 89 37 2000
0 3 191 136 2000
2 3 27 234 2000
1 0 58 143 2000
3 1 215 111 2000
2 3 60 229 2000
2 1 229 132 2000
3 0 147 44 2000
3 0 76 171 2000
1 0 128 112 2000
3 1 206 50 2000
0 3 247 31 2000
0 2 93 139 2000
3 0 125 203 2000
0 3 134 196 2000
0 1 26 121 2000
2 1 188 170 2000
2 0 98 36 2000
3 2 50 158 2000
2 1 239 58 2000
1 0 73 167 2000
3 1 136 235 2000
3 2 222 144 2000
0 3 45 97 2000
1 2 180 251 2000
1 2 160 233 2000
2 1 150 73 2000
3 2 249 58 2000
2 1 235 45 2000
2 0 60 117 2000
2 1 178 118 2000
0 2 46 94 2000
0 1 167 68 2000
1 3 247 31 2000
3 1 226 46 2000
0 2 219 177 2000
1 2 28 16 2000
2 0 168 225 2000
1 3 203 41 2000
3 1 95 27 2000
0 1 96 83 2000
0 1 26 55 2000
1 3 86 109 2000
1 0 32 65 2000
1 2 98 175 2000
3 1 89 207 2000
3 0 70 161 2000
1 3 71 248 2000
3 2 65 93 2000
0 2 81 206 2000
3 0 120 148 2000
3 2 98 8 2000
3 2 73 129 2000
0 2 166 209 2000
3 2 185 99 2000
2 1 22 159 2000
0 2 46 55 2000
2 0 201 86 2000
0 3 161 217 2000
3 0 91 237 2000
3 0 235 215 2000
0 3 66 108 2000
3 1 103 35 2000
0 1 196 228 2000
3 0 138 134 2000
1 2 164 29 2000
0 3 102 123 2000
1 0 188 215 2000
3 0 242 186 2000
2 3 12 174 2000
0 3 183 152 2000
3 1 208 176 2000
1 2 45 188 2000
2 3 70 15 2000
3 2 177 244 2000
1 2 185 92 2000
3 1 216 101 2000
0 3 4 83 2000
0 2 14 156 2000
2 0 102 239 2000
3 1 4 205 2000
2 1 172 4 2000
2 3 34 139 2000
1 3 184 45 2000
1 3 8 97 2000
0 2 86 2 2000
3 1 149 24 2000
0 2 183 66 2000
1 3 176 153 2000
3 1 214 239 2000
2 0 130 74 2000
1 2 28 229 2000
3 1 4 84 2000
3 0 238 122 2000
3 1 238 178 2000
2 3 17 241 2000
0 2 218 149 2000
3 1 237 36 2000
2 1 104 144 2000
2 0 47 203 2000
3 2 12 234 2000
1 0 235 5 4000
2 0 173 253 4000
2 1 45 11 4000
3 2 156 152 4000
2 3 130 90 4000
2 0 129 159 4000
1 3 157 13 4000
1 3 223 46 4000
2 1 242 78 4000
2 0 249 72 4000
2 3 55 203 4000
3 2 141 195 4000
1 2 27 86 4000
3 2 15 159 4000
0 2 213 178 4000
1 0 153 50 4000
1 2 156 231 4000
2 1 143 223 4000
1 2 169 83 4000
1 2 240 11 4000
3 1 131 11 4000
0 3 4 27 4000
3 1 71 50 4000
0 2 126 220 4000
0 1 95 94 4000
1 2 115 198 4000
3 0 215 36 4000
2 3 44 127 4000
0 2 5 134 4000
0 1 139 201 4000
1 2 210 97 4000
1 2 175 151 4000
2 0 237 57 4000
2 3 42 134 4000
1 3 112 232 4000
2 0 165 53 4000
0 3 20 195 4000
0 3 243 222 4000
3 1 99 38 4000
0 2 215 121 4000
0 3 243 206 4000
2 0 85 125 4000
3 1 7 246 4000
1 0 97 28 4000
2 3 69 90 4000
2 0 118 206 4000
0 2 2 10 4000
2 0 51 202 4000
3 2 129 159 4000
0 3 21 164 4000
0 3 145 86 4000
1 3 116 252 4000
1 2 0 36 4000
1 2 179 143 4000
3 0 212 182 4000
3 2 88 75 4000
0 1 155 194 4000
0 3 141 29 4000
1 3 134 63 4000
1 0 91 127 4000
0 3 215 155 4000
1 0 124 88 4000
1 3 120 194 4000
2 3 93 155 4000
1 3 25 226 4000
2 3 138 155 4000
3 0 111 223 4000
3 0 162 199 4000
2 3 195 70 4000
0 1 115 125 4000
2 1 221 188 4000
0 1 255 47 4000
2 3 71 156 4000
3 2 223 193 4000
2 3 245 84 4000
3 0 231 54 4000
3 0 79 85 4000
1 0 23 212 4000
3 1 117 186 4000
1 3 110 157 4000
1 2 125 116 4000
1 3 50 243 4000
3 2 219 176 4000
2 0 179 254 4000
2 3 234 253 4000
3 2 227 151 4000
3 2 228 49 4000
1 2 57 250 4000
3 0 8 167 4000
3 1 91 113 4000
0 1 189 114 4000
2 1 90 37 4000
2 0 157 244 4000
3 2 227 246 4000
2 3 235 136 4000
0 3 33 58 4000
2 3 114 182 4000
1 3 112 47 4000
1 3 153 82 4000
0 3 234 156 4000
1 3 96 243 4000
2 3 200 246 4000
2 3 113 250 4000
1 0 124 28 4000
3 2 107 225 4000
0 2 172 196 4000
1 2 155 131 4000
2 0 224 3 4000
3 2 83 174 4000
0 3 176 220 4000
2 0 32 194 4000
1 0 139 65 4000
2 1 199 82 4000
1 2 108 250 4000
1 2 26 13 4000
3 2 120 180 4000
1 2 157 57 4000
3 2 142 196 4000
0 1 32 213 4000
3 2 239 137 4000
3 1 252 56 4000
0 1 28 61 4000
0 2 168 217 4000
1 2 25 139 4000
1 0 66 171 4000
1 0 0 158 4000
0 1 201 249 4000
3 1 168 184 4000
3 2 182 43 4000
0 3 231 232 4000
0 1 110 177 4000
2 3 176 251 4000
3 2 214 81 4000
3 0 202 192 4000
1 2 55 172 4000
3 1 130 118 4000
3 0 230 175 4000
0 3 102 36 4000
3 1 150 77 4000
1 0 127 195 4000
0 3 186 170 4000
2 0 222 2 4000
1 3 22 141 4000
2 0 236 124 4000
3 0 221 46 4000
1 0 207 10 4000
2 1 187 62 4000
2 1 10 175 4000
2 3 40 115 4000
1 0 198 13 4000
1 0 95 98 4000
0 2 43 150 4000
2 0 220 83 4000
1 2 29 93 4000
0 1 15 31 4000
1 0 80 241 4000
3 1 243 72 4000
0 1 15 39 4000
1 3 80 19 4000
2 0 199 221 4000
0 1 90 223 4000
0 1 58 140 4000
0 3 169 71 4000
1 0 85 55 4000
2 1 117 207 4000
3 1 24 207 4000
3 1 46 214 4000
1 0 111 148 4000
2 0 203 212 4000
1 3 93 105 4000
1 2 160 49 4000
3 1 82 253 4000
2 1 143 100 4000
0 2 242 19 4000
2 3 206 245 4000
2 3 55 61 4000
3 1 109 179 4000
2 3 3 239 4000
1 2 95 178 4000
2 3 169 110 4000
3 0 229 52 4000
2 0 25 201 4000
3 1 115 162 4000
0 1 218 168 4000
1 2 1 249 4000
3 2 242 248 4000
3 1 52 121 4000
1 2 249 47 4000
2 1 177 59 4000
0 1 170 188 4000
2 1 91 60 4000
1 2 165 99 4000
2 1 47 252 4000
1 2 31 9 4000
2 0 210 235 4000
2 3 217 41 4000
3 2 168 251 4000
0 3 129 14 4000
0 1 204 253 4000
2 3 121 57 4000
0 2 155 160 4000
2 0 203 111 4000
3 0 202 120 4000
0 3 55 196 4000
3 0 158 191 4000
2 0 86 146 4000
1 3 169 249 4000
3 2 46 155 4000
3 1 152 240 4000
1 0 41 72 4000
2 3 182 53 4000
1 0 48 20 4000
1 0 28 37 4000
2 0 122 120 4000
1 2 253 205 4000
1 3 107 99 4000
0 3 157 202 4000
0 2 128 219 4000
2 0 148 117 4000
0 2 244 165 4000
2 3 216 18 4000
3 0 48 176 4000
2 3 20 103 4000
3 2 80 156 4000
2 1 108 109 4000
0 1 161 74 4000
2 1 239 219 4000
3 1 45 30 4000
1 0 139 133 4000
1 2 219 119 4000
0 2 120 250 4000
2 1 217 116 4000
3 1 112 235 4000
0 1 200 106 4000
2 3 59 241 4000
0 3 4 116 4000
0 1 117 125 4000
1 2 111 190 4000
0 3 176 35 4000
3 2 102 246 4000
0 3 25 101 4000
1 0 214 202 4000
2 3 117 64 4000
2 1 114 59 4000
3 1 148 97 4000
0 2 223 171 4000
1 2 188 129 4000
3 2 55 134 4000
3 0 66 8 4000
2 0 194 100 4000
0 2 0 215 4000
1 2 232 105 4000
2 3 4 124 4000
1 2 175 164 4000
1 0 108 48 4000
0 1 225 53 4000
1 0 149 219 4000
1 3 63 127 4000
0 1 79 128 4000
3 1 208 70 4000
3 1 2 58 4000
0 1 238 11 4000
1 2 37 136 4000
2 0 18 35 4000
1 3 164 236 4000
2 1 205 1 4000
2 3 60 103 4000
1 3 118 229 4000
2 1 209 64 4000
0 3 156 172 4000
2 3 191 65 4000
0 3 0 56 4000
0 2 107 183 4000
1 3 213 254 4000
1 2 34 45 4000
1 0 116 164 4000
3 1 8 199 4000
2 0 242 178 4000
0 3 164 8 4000
1 3 52 207 4000
3 1 45 86 4000
1 2 35 139 4000
3 0 133 254 4000
2 1 72 32 4000
1 3 208 214 4000
1 0 156 96 4000
0 2 169 219 4000
1 2 145 233 4000
0 3 177 77 4000
1 3 109 40 4000
3 1 93 111 4000
2 3 60 176 4000
0 1 203 170 4000
0 1 232 63 4000
0 2 75 45 4000
2 0 84 229 4000
0 1 110 105 4000
1 0 84 230 4000
0 3 123 148 4000
2 1 98 245 4000
3 1 243 3 4000
3 1 170 106 4000
2 1 137 12 4000
2 1 118 255 4000
0 2 221 238 4000
0 2 161 151 4000
2 1 90 226 4000
3 0 61 79 4000
0 1 110 47 4000
2 0 229 73 4000
0 2 50 226 4000
2 0 139 34 4000
1 0 220 251 4000
0 3 147 38 4000
3 1 183 167 4000
1 3 195 138 4000
1 3 222 232 4000
0 1 104 204 4000
0 3 118 6 4000
0 2 90 7 4000
0 2 37 103 4000
1 2 168 122 4000
1 3 244 104 4000
3 0 241 149 4000
1 3 81 89 4000
0 3 44 65 6000
0 3 54 223 6000
3 0 150 187 6000
2 1 51 208 6000
0 1 162 104 6000
0 1 62 245 6000
0 1 17 86 6000
3 0 10 68 6000
2 0 98 198 6000
1 3 16 230 6000
2 0 78 74 6000
0 1 84 134 6000
2 3 225 6 6000
3 2 97 94 6000
0 1 114 1 6000
0 1 84 231 6000
2 0 191 28 6000
2 3 39 144 6000
1 2 149 148 6000
2 1 75 184 6000
3 2 36 218 6000
2 1 29 54 6000
0 3 9 31 6000
3 2 251 196 6000
3 2 94 6 6000
0 3 90 175 6000
1 0 4 157 6000
3 0 189 44 6000
0 1 218 55 6000
1 3 180 188 6000
2 3 217 177 6000
1 2 23 139 6000
2 0 87 0 6000
3 1 159 135 6000
0 3 2 238 6000
0 1 106 26 6000
1 2 200 123 6000
1 0 189 193 6000
1 0 173 191 6000
2 3 8 86 6000
0 3 89 111 6000
2 1 241 89 6000
2 1 96 224 6000
0 1 238 37 6000
2 0 204 129 6000
2 3 187 144 6000
3 0 111 101 6000
3 2 183 1 6000
0 1 84 127 6000
0 3 197 211 6000
2 1 198 150 6000
0 1 93 9 6000
1 3 200 115 6000
0 3 234 222 6000
0 3 112 224 6000
1 3 10 189 6000
2 1 233 227 6000
0 2 8 157 6000
1 2 109 83 6000
3 0 201 103 6000
0 1 37 219 6000
3 0 221 171 6000
1 2 66 91 6000
2 3 71 217 6000
0 2 112 16 6000
2 3 43 135 6000
1 2 166 48 6000
1 3 31 195 6000
3 2 186 157 6000
3 2 77 43 6000
3 2 31 253 6000
2 0 188 132 6000
3 2 116 39 6000
2 1 175 90 6000
1 0 56 25 6000
3 2 138 234 6000
1 0 241 38 6000
2 1 218 186 6000
3 0 230 48 6000
3 2 196 88 6000
3 2 120 249 6000
3 0 243 150 6000
1 0 142 168 6000
1 0 240 13 6000
0 1 158 243 6000
0 3 99 66 6000
3 2 191 123 6000
3 1 90 210 6000
1 2 97 129 6000
2 1 82 177 6000
0 3 32 111 6000
0 3 212 112 6000
2 3 103 240 6000
0 2 111 152 6000
3 2 178 65 6000
2 1 75 221 6000
1 0 71 221 6000
1 3 151 9 6000
1 2 37 107 6000
2 3 6 111 6000
2 1 57 207 6000
2 0 111 205 6000
3 0 249 214 6000
3 1 136 109 6000
0 3 108 75 6000
0 1 198 245 6000
3 1 103 84 6000
1 3 10 67 6000
0 1 226 231 6000
1 2 89 109 6000
3 1 189 248 6000
2 1 136 57 6000
1 2 243 77 6000
3 0 239 178 6000
2 1 33 145 6000
3 1 84 255 6000
3 1 137 180 6000
1 2 95 78 6000
3 2 146 63 6000
3 1 162 49 6000
2 0 209 172 6000
2 1 6 224 6000
0 3 171 238 6000
3 1 53 99 6000
1 0 12 11 6000
2 1 24 188 6000
1 0 153 176 6000
1 0 251 47 6000
2 0 123 74 6000
1 2 211 225 6000
0 2 217 82 6000
1 2 188 155 6000
3 1 136 72 6000
1 2 26 186 6000
1 3 174 46 6000
0 1 116 12 6000
3 2 92 229 6000
2 3 251 136 6000
1 2 246 64 6000
0 3 190 113 6000
0 3 122 161 6000
0 2 214 17 6000
3 2 115 10 6000
2 3 32 8 6000
1 2 238 4 6000
0 3 106 219 6000
2 0 44 9 6000
3 0 67 115 6000
0 3 209 228 6000
1 2 139 9 6000
0 2 149 208 6000
1 3 234 12 6000
0 2 151 66 6000
0 1 4 49 6000
2 3 179 244 6000
2 0 168 244 6000
1 3 213 17 6000
2 0 12 94 6000
3 0 138 207 6000
3 1 96 151 6000
3 1 61 69 6000
2 1 196 124 6000
2 1 94 11 6000
2 1 3 86 6000
2 1 220 206 6000
0 2 183 20 6000
0 2 45 14 6000
3 2 168 106 6000
0 2 49 157 6000
3 2 197 38 6000
1 0 64 142 6000
1 0 218 62 6000
0 1 45 140 6000
0 2 100 253 6000
2 0 250 87 6000
0 2 241 75 6000
0 3 82 219 6000
0 2 218 174 6000
3 2 207 171 6000
2 1 248 11 6000
2 0 161 172 6000
2 3 233 214 6000
0 1 215 42 6000
2 1 187 168 6000
2 1 28 221 6000
2 0 56 226 6000
2 0 237 56 6000
0 3 103 15 6000
3 2 176 163 6000
3 2 19 199 6000
3 1 228 206 6000
0 2 228 76 6000
3 2 28 138 6000
3 1 52 63 6000
2 1 74 128 6000
3 0 23 135 6000
0 2 16 166 6000
3 2 28 213 6000
2 0 92 1 6000
2 0 238 249 6000
3 0 114 237 6000
1 2 72 121 6000
1 2 31 97 6000
0 3 142 16 6000
0 3 35 29 6000
2 3 26 142 6000
3 0 20 174 6000
3 2 161 139 6000
1 2 246 195 6000
3 2 188 10 6000
2 1 105 76 6000
2 1 121 4 6000
3 2 150 201 6000
1 0 63 122 6000
0 2 239 161 6000
3 2 46 47 6000
2 0 140 113 6000
3 2 189 246 6000
1 2 219 10 6000
3 2 94 115 6000
2 1 3 137 6000
2 3 63 155 6000
2 1 3 75 6000
2 1 237 110 6000
3 2 148 176 6000
2 3 89 196 6000
1 3 54 146 6000
0 2 154 49 6000
0 3 30 213 6000
3 2 71 87 6000
1 3 181 183 6000
1 2 112 60 6000
3 0 240 165 6000
2 1 30 113 6000
1 3 90 223 6000
2 0 136 48 6000
3 1 65 107 6000
0 3 45 229 6000
1 3 79 108 6000
2 1 69 235 6000
1 2 169 156 6000
1 0 120 116 6000
2 1 49 183 6000
2 3 253 247 6000
2 3 93 216 6000
3 1 32 144 6000
1 3 185 175 6000
0 1 79 205 6000
2 0 208 205 6000
3 2 42 15 6000
0 3 59 145 6000
1 2 45 154 6000
3 1 177 140 6000
1 2 220 183 6000
3 1 170 244 6000
0 2 75 62 6000
0 2 131 12 6000
1 2 153 224 6000
0 3 144 206 6000
1 2 242 198 6000
1 3 88 50 6000
2 3 97 67 6000
0 3 212 181 6000
1 2 106 21 6000
1 2 110 147 6000
3 1 224 168 6000
2 3 188 175 6000
0 3 242 154 6000
2 1 82 88 6000
3 0 129 20 6000
1 2 246 67 6000
3 0 228 35 6000
0 1 227 14 6000
1 2 223 117 6000
2 1 251 124 6000
3 1 194 255 6000
3 1 148 99 6000
3 2 104 26 6000
3 0 42 2 6000
2 1 34 128 6000
3 0 5 228 6000
3 1 38 241 6000
3 0 19 24 6000
3 0 63 65 6000
3 0 108 179 6000
1 2 172 151 6000
0 3 131 1 6000
1 3 125 182 6000
1 0 81 55 6000
3 1 224 77 6000
3 0 250 203 6000
1 0 32 199 6000
3 1 17 239 6000
1 0 187 25 6000
1 0 216 76 6000
2 3 44 50 6000
2 0 137 148 6000
2 3 254 135 6000
2 0 64 213 6000
1 3 222 24 6000
2 3 88 148 6000
3 1 101 224 6000
2 0 75 229 6000
3 0 3 178 6000
3 0 50 55 6000
1 2 163 126 6000
1 3 28 245 6000
2 1 38 244 6000
1 3 4 225 6000
2 1 147 223 6000
2 3 254 25 6000
3 1 109 124 6000
3 2 173 149 6000
0 2 176 123 6000
2 3 164 69 6000
3 1 54 140 6000
0 1 193 122 6000
3 2 21 116 6000
2 0 42 108 6000
0 2 38 59 6000
2 1 239 193 6000
1 2 45 23 6000
0 3 118 246 6000
0 1 132 62 6000
0 1 57 5 6000
3 0 71 239 6000
2 0 124 129 6000
2 3 27 32 6000
0 1 57 106 6000
3 2 81 178 6000
3 1 186 19 6000
0 1 39 184 6000
3 1 154 219 6000
0 3 197 154 8000
1 2 109 62 8000
2 3 183 151 8000
1 3 214 11 8000
3 0 116 59 8000
0 3 204 60 8000
3 0 228 100 8000
0 1 215 79 8000
1 2 80 165 8000
3 2 229 2 8000
0 1 202 67 8000
2 0 147 110 8000
2 0 247 142 8000
2 1 238 99 8000
0 3 55 2 8000
0 3 37 159 8000
1 2 122 12 8000
3 1 19 206 8000
3 0 255 125 8000
3 1 180 57 8000
2 0 253 236 8000
2 1 198 230 8000
3 2 91 226 8000
2 1 122 214 8000
3 1 113 50 8000
3 1 228 190 8000
1 3 183 82 8000
0 2 159 185 8000
1 0 216 173 8000
3 1 108 214 8000
0 3 121 218 8000
0 1 244 8 8000
1 3 55 47 8000
2 1 141 235 8000
0 1 177 207 8000
1 0 115 42 8000
0 3 254 124 8000
2 0 245 43 8000
2 0 10 219 8000
2 3 50 61 8000
1 0 243 110 8000
2 0 4 41 8000
2 0 206 180 8000
1 2 144 242 8000
1 3 10 124 8000
1 0 82 211 8000
1 0 77 254 8000
0 1 2 252 8000
0 3 53 108 8000
3 2 188 72 8000
3 1 208 241 8000
0 2 177 97 8000
1 2 32 188 8000
0 3 179 37 8000
3 1 4 20 8000
0 2 161 253 8000
1 0 154 15 8000
0 2 74 252 8000
0 2 178 186 8000
0 3 109 183 8000
1 2 226 75 8000
2 3 198 82 8000
3 1 174 224 8000
3 2 42 19 8000
3 0 229 95 8000
0 2 17 65 8000
0 2 52 137 8000
2 0 61 116 8000
1 0 25 63 8000
1 3 166 172 8000
3 1 212 53 8000
3 1 104 133 8000
3 0 236 98 8000
0 1 210 174 8000
0 2 68 99 8000
3 0 241 165 8000
1 2 243 100 8000
1 2 47 83 8000
1 0 120 180 8000
3 1 171 31 8000
0 3 40 152 8000
1 2 139 41 8000
2 1 202 253 8000
0 2 17 73 8000
1 2 52 89 8000
1 0 201 168 8000
2 3 147 81 8000
2 1 61 179 8000
0 3 7 52 8000
1 0 53 187 8000
3 1 192 153 8000
0 3 203 119 8000
2 1 189 137 8000
1 0 227 214 8000
2 1 230 113 8000
0 3 152 158 8000
0 1 158 215 8000
3 0 175 135 8000
3 2 107 10 8000
3 2 24 69 8000
3 0 163 129 8000
0 3 223 80 8000
1 2 185 115 8000
2 3 17 225 8000
3 2 84 199 8000
0 1 224 234 8000
2 0 220 235 8000
2 1 97 37 8000
3 2 42 176 8000
3 0 89 67 8000
0 1 73 35 8000
0 3 155 86 8000
1 2 26 172 8000
1 2 141 53 8000
3 2 110 25 8000
3 2 241 83 8000
2 1 18 241 8000
0 3 118 216 8000
2 0 8 29 8000
3 2 217 221 8000
3 1 16 136 8000
1 3 83 213 8000
3 1 246 78 8000
2 0 130 151 8000
2 1 181 112 8000
0 2 174 147 8000
3 1 221 228 8000
1 2 234 47 8000
1 3 118 57 8000
0 2 22 117 8000
0 2 24 13 8000
3 0 20 8 8000
0 1 11 110 8000
2 1 236 90 8000
3 1 170 152 8000
0 1 46 56 8000
1 2 108 73 8000
2 3 72 124 8000
2 1 88 212 8000
1 0 23 1 8000
0 1 115 64 8000
2 3 192 18 8000
1 2 175 154 8000
0 2 223 144 8000
3 1 42 53 8000
2 1 255 116 8000
3 2 55 105 8000
3 2 21 51 8000
3 0 171 203 8000
0 1 113 240 8000
3 2 82 140 8000
0 3 177 134 8000
2 0 110 137 8000
2 3 78 63 8000
3 1 218 76 8000
0 3 117 206 8000
1 2 245 49 8000
1 2 163 77 8000
2 3 228 133 8000
1 3 121 248 8000
0 2 108 198 8000
3 2 163 58 8000
0 2 80 235 8000
2 3 53 193 8000
2 3 253 38 8000
1 0 12 179 8000
2 3 72 225 8000
1 0 241 249 8000
2 3 67 150 8000
1 2 249 166 8000
0 1 123 157 8000
2 3 10 54 8000
1 2 9 31 8000
0 2 182 220 8000
1 3 191 174 8000
1 0 153 23 8000
3 2 91 243 8000
1 2 201 232 8000
2 0 195 233 8000
2 1 239 118 8000
0 2 154 72 8000
2 0 41 203 8000
3 0 68 92 8000
3 2 48 95 8000
2 1 4 255 8000
0 3 64 54 8000
1 2 222 240 8000
3 0 189 20 8000
1 2 65 230 8000
2 3 36 20 8000
2 1 16 152 8000
3 0 89 80 8000
2 0 21 149 8000
0 2 238 90 8000
2 0 227 129 8000
3 2 9 38 8000
3 1 164 115 8000
1 3 188 127 8000
3 0 94 26 8000
1 2 15 40 8000
3 0 1 28 8000
3 0 205 221 8000
2 1 13 226 8000
0 1 221 88 8000
3 2 127 194 8000
1 2 181 124 8000
1 2 254 194 8000
2 0 16 27 8000
1 3 123 108 8000
0 1 139 104 8000
0 3 125 97 8000
0 3 10 43 8000
2 1 198 105 8000
1 3 32 82 8000
0 3 66 35 8000
3 2 198 187 8000
2 0 70 200 8000
2 1 221 71 8000
0 3 217 12 8000
2 3 236 109 8000
0 2 119 93 8000
2 3 78 153 8000
1 0 102 154 8000
0 2 133 52 8000
2 1 105 43 8000
1 0 37 127 8000
0 2 240 66 8000
3 0 74 62 8000
0 2 245 118 8000
3 2 237 167 8000
1 2 164 86 8000
0 1 227 149 8000
1 0 171 92 8000
1 2 139 35 8000
2 3 195 249 8000
0 3 122 69 8000
1 0 171 253 8000
3 0 51 88 8000
1 0 116 9 8000
2 0 187 170 8000
3 1 10 216 8000
1 2 59 3 8000
1 3 89 80 8000
3 2 57 75 8000
0 3 113 159 8000
0 2 154 253 8000
1 3 65 56 8000
3 2 200 132 8000
2 0 196 232 8000
1 3 165 45 8000
0 1 148 75 8000
2 3 219 68 8000
0 3 76 160 8000
2 1 148 16 8000
3 0 192 171 8000
3 1 49 180 8000
2 3 138 241 8000
2 0 186 75 8000
2 0 202 17 8000
0 1 203 90 8000
2 1 7 121 8000
2 3 93 173 8000
1 3 26 213 8000
2 1 251 82 8000
2 3 117 175 8000
1 3 235 211 8000
2 0 18 223 8000
3 1 133 160 8000
1 3 242 100 8000
2 3 134 181 8000
1 0 136 238 8000
2 3 139 241 8000
2 0 215 230 8000
3 0 115 217 8000
1 0 105 90 8000
0 2 129 150 8000
2 3 226 214 8000
3 1 221 217 8000
0 2 196 170 8000
0 3 215 67 8000
2 1 34 117 8000
3 0 102 158 8000
0 2 202 178 8000
3 1 215 228 8000
1 2 113 24 8000
3 1 198 209 8000
0 3 219 62 8000
3 0 208 140 8000
0 1 229 134 8000
3 2 151 196 8000
1 0 159 130 8000
2 0 232 40 8000
1 0 84 52 8000
2 3 11 175 10000
0 2 193 124 10000
3 1 115 87 10000
1 3 223 59 10000
3 1 211 0 10000
3 2 83 102 10000
1 3 192 169 10000
1 3 43 125 10000
0 2 217 86 10000
2 3 244 48 10000
0 1 71 221 10000
3 1 238 153 10000
1 3 131 216 10000
3 2 253 140 10000
0 2 143 236 10000
2 3 212 43 10000
0 1 100 45 10000
3 1 223 72 10000
1 3 58 69 10000
2 0 232 72 10000
3 1 124 211 10000
1 2 27 229 10000
2 1 249 63 10000
2 0 62 39 10000
2 3 201 216 10000
0 3 28 82 10000
1 0 129 78 10000
0 3 185 102 10000
3 1 128 122 10000
1 0 120 57 10000
2 3 74 120 10000
0 1 215 209 10000
3 0 192 8 10000
3 1 132 103 10000
0 3 27 233 10000
3 2 29 147 10000
3 1 199 1 10000
3 2 98 168 10000
0 1 133 48 10000
2 3 244 1 10000
1 3 115 223 10000
3 2 195 176 10000
2 1 221 168 10000
1 0 232 122 10000
3 1 115 250 10000
0 2 72 145 10000
1 2 168 58 10000
0 3 51 202 10000
2 1 120 45 10000
3 1 90 146 10000
1 2 101 131 10000
1 3 133 142 10000
0 1 150 16 10000
0 1 7 239 10000
0 2 152 113 10000
3 1 145 142 10000
2 1 232 229 10000
3 2 146 148 10000
3 2 188 136 10000
1 3 203 174 10000
1 0 49 1 10000
2 3 174 34 10000
0 3 232 1 10000
1 3 147 78 10000
1 0 38 89 10000
0 3 140 221 10000
2 1 188 135 10000
1 3 194 92 10000
2 3 196 181 10000
0 3 39 22 10000
3 0 230 81 10000
0 2 198 17 10000
2 1 195 5 10000
3 2 131 109 10000
2 1 224 120 10000
0 1 225 138 10000
2 1 162 10 10000
1 2 119 118 10000
2 3 218 111 10000
3 1 92 249 10000
0 3 49 252 10000
2 0 239 143 10000
1 3 218 43 10000
2 3 153 39 10000
1 0 154 161 10000
1 0 174 114 10000
0 3 146 19 10000
2 3 189 230 10000
3 0 19 85 10000
0 3 192 232 10000
0 2 70 95 10000
0 3 60 252 10000
3 1 220 200 10000
0 2 104 67 10000
0 2 110 164 10000
2 0 194 18 10000
0 3 116 223 10000
3 0 216 87 10000
2 3 79 179 10000
1 3 98 224 10000
1 3 253 190 10000
0 3 165 153 10000
2 1 5 181 10000
3 1 31 186 10000
3 1 29 203 10000
0 1 4 89 10000
2 0 172 243 10000
1 0 35 161 10000
1 2 152 166 10000
3 2 44 110 10000
2 0 29 188 10000
3 1 75 227 10000
3 0 112 165 10000
2 3 213 62 10000
0 1 227 16 10000
2 3 1 97 10000
2 1 65 167 10000
0 3 54 240 10000
3 1 79 246 10000
2 0 169 186 10000
1 0 13 49 10000
3 1 90 242 10000
1 3 254 123 10000
1 2 215 83 10000
2 1 147 246 10000
1 0 138 21 10000
3 1 205 163 10000
0 2 133 108 10000
2 1 163 49 10000
2 0 186 147 10000
1 0 115 240 10000
1 3 176 201 10000
3 1 15 130 10000
1 3 87 85 10000
3 2 85 148 10000
1 0 161 246 10000
3 1 87 244 10000
3 1 211 236 10000
2 0 8 131 10000
1 0 22 14 10000
0 1 85 110 10000
1 0 206 187 10000
1 0 176 8 10000
1 0 15 124 10000
3 1 56 97 10000
1 0 234 206 10000
3 0 107 49 10000
3 2 128 25 10000
3 0 54 23 10000
3 0 52 206 10000
0 3 132 114 10000
0 1 244 214 10000
0 2 63 117 10000
1 3 84 132 10000
3 1 246 109 10000
0 1 251 106 10000
1 2 54 136 10000
0 1 253 246 10000
1 3 149 118 10000
3 1 137 143 10000
3 2 130 4 10000
3 1 154 158 10000
3 1 10 16 10000
2 3 32 199 10000
0 3 194 240 10000
0 1 121 185 10000
0 3 237 10 10000
0 1 239 201 10000
3 0 97 237 10000
0 3 52 107 10000
0 2 51 159 10000
3 1 54 53 10000
3 2 230 17 10000
2 3 77 239 10000
1 0 229 210 10000
3 0 246 89 10000
1 0 229 209 10000
3 2 237 196 10000
1 3 2 226 10000
3 1 83 72 10000
2 3 234 217 10000
0 3 55 108 10000
3 0 184 189 10000
1 3 156 0 10000
0 1 71 30 10000
3 1 107 215 10000
0 1 251 120 10000
0 1 7 207 10000
0 2 149 9 10000
2 0 91 186 10000
0 2 79 237 10000
2 0 26 161 10000
3 0 225 203 10000
2 3 101 239 10000
3 0 38 21 10000
1 3 203 175 10000
3 1 18 216 10000
1 0 87 70 10000
0 1 60 2 10000
2 0 195 112 10000
3 2 53 99 10000
0 1 166 134 10000
2 1 109 213 10000
1 3 29 232 10000
0 3 59 135 10000
0 3 237 198 10000
0 2 118 111 10000
1 2 133 228 10000
1 0 185 44 10000
0 2 215 207 10000
3 2 24 77 10000
2 1 86 157 10000
1 0 218 102 10000
1 3 83 206 10000
3 2 213 60 10000
1 3 177 60 10000
3 2 23 144 10000
0 3 251 109 10000
1 0 101 32 10000
3 1 53 121 10000
0 2 246 215 10000
0 2 219 171 10000
1 2 27 187 10000
0 2 67 235 10000
0 1 127 16 10000
2 1 226 103 10000
3 2 251 40 10000
2 1 19 92 10000
2 1 120 152 10000
2 3 227 172 10000
3 1 121 165 10000
3 0 128 129 10000
1 2 89 207 10000
2 1 38 150 10000
1 0 5 25 10000
3 2 202 160 10000
0 1 190 172 10000
0 3 81 108 10000
0 2 19 195 10000
0 1 57 215 10000
3 2 237 145 10000
2 1 71 78 10000
1 2 192 160 10000
1 2 151 145 10000
1 0 255 144 10000
0 1 220 47 10000
0 1 169 85 10000
1 2 231 46 10000
3 2 144 135 10000
3 0 119 115 10000
2 3 14 171 10000
0 3 38 1 10000
1 3 43 13 10000
0 2 28 103 10000
3 2 62 225 10000
0 3 246 77 10000
1 0 78 235 10000
0 1 142 144 10000
3 1 123 87 10000
1 3 94 52 10000
0 3 211 132 10000
2 3 85 153 10000
2 1 114 75 10000
1 2 102 234 10000
2 1 62 83 10000
3 1 65 241 10000
3 0 255 145 10000
3 2 88 49 10000
3 0 152 177 10000
3 0 186 115 10000
0 2 122 230 10000
2 3 100 125 10000
1 2 150 61 10000
0 3 94 20 10000
0 1 141 147 10000
0 2 217 154 10000
3 0 1 185 10000
3 1 92 110 10000
0 2 71 54 10000
0 1 100 227 10000
3 1 39 14 10000
1 3 21 90 10000
0 2 214 34 10000
1 2 215 58 10000
2 1 159 148 10000
1 0 155 234 10000
0 2 38 23 10000
0 2 110 244 10000
3 2 75 132 10000
2 3 74 5 10000
1 2 229 237 10000
1 2 106 189 10000
1 0 63 101 10000
0 2 62 176 10000
0 2 207 136 10000
2 1 25 37 10000
