# src_chip dst_chip src_pe dst_pe inject_cycle
# entries=256 chips=16 pe_per_chip=64 timesteps=5 interval=2000 seed=63
15 10 11 25 2000
2 11 25 18 2000
10 3 35 39 2000
9 0 63 15 2000
0 13 50 30 2000
9 6 9 49 2000
6 3 10 60 2000
14 4 48 13 2000
9 14 32 41 2000
10 12 55 7 2000
13 6 38 41 2000
6 15 41 26 2000
0 8 14 36 2000
2 12 56 4 2000
13 1 59 37 2000
2 5 50 7 2000
4 7 46 21 2000
7 5 6 40 2000
8 9 39 61 2000
11 14 45 54 2000
6 9 57 49 2000
8 11 62 10 2000
0 1 57 32 2000
9 2 13 8 2000
15 1 2 28 2000
14 2 33 61 2000
7 6 45 58 2000
1 7 10 62 2000
6 14 46 16 2000
8 15 43 19 2000
14 8 40 20 2000
2 7 19 31 2000
13 4 44 60 2000
10 14 52 46 2000
6 15 49 36 2000
10 9 61 58 2000
7 9 43 61 2000
2 7 1 17 2000
7 2 39 14 2000
2 1 46 11 2000
6 5 16 12 2000
9 10 11 47 2000
14 12 14 33 2000
3 13 47 49 2000
10 11 35 15 2000
0 15 36 55 2000
12 4 50 56 2000
11 12 55 17 2000
4 15 53 31 2000
15 8 25 12 2000
8 4 18 5 2000
9 14 7 15 4000
13 6 46 31 4000
4 13 46 8 4000
5 3 61 16 4000
2 15 53 19 4000
0 8 40 15 4000
9 1 54 41 4000
15 7 58 39 4000
13 0 40 32 4000
10 8 18 17 4000
15 8 48 42 4000
1 8 13 40 4000
13 0 10 21 4000
7 13 61 47 4000
11 2 14 24 4000
9 3 23 20 4000
1 7 35 6 4000
15 2 63 48 4000
1 9 42 17 4000
7 10 42 46 4000
15 9 33 1 4000
10 4 42 49 4000
8 0 21 12 4000
10 9 42 49 4000
10 0 6 27 4000
15 8 59 30 4000
13 4 45 34 4000
14 3 58 5 4000
9 4 60 1 4000
7 8 18 34 4000
14 15 48 16 4000
7 12 27 61 4000
14 4 41 34 4000
14 1 51 63 4000
0 4 10 12 4000
11 9 4 60 4000
5 6 44 51 4000
4 7 33 21 4000
7 2 7 17 4000
13 14 23 52 4000
2 15 17 45 4000
11 15 9 2 4000
14 4 14 53 4000
14 4 4 39 4000
8 7 32 6 4000
0 5 9 48 4000
14 9 12 42 4000
5 4 11 7 4000
12 2 55 0 4000
2 8 33 29 4000
9 11 49 38 4000
7 1 61 51 4000
5 15 34 56 4000
1 4 53 26 4000
6 15 57 2 4000
14 7 37 60 6000
3 15 4 2 6000
14 0 47 3 6000
1 6 54 4 6000
14 2 5 52 6000
7 13 52 2 6000
5 4 44 53 6000
13 9 56 53 6000
2 14 28 18 6000
9 10 44 18 6000
3 10 43 42 6000
11 7 43 5 6000
3 2 40 43 6000
6 8 54 18 6000
3 2 32 0 6000
14 1 48 40 6000
4 8 52 56 6000
4 13 52 19 6000
9 13 33 39 6000
5 8 6 14 6000
3 0 19 13 6000
6 15 58 47 6000
8 11 16 9 6000
14 1 6 15 6000
3 14 20 13 6000
6 8 12 15 6000
7 13 29 13 6000
15 2 3 49 6000
9 15 24 42 6000
11 8 36 29 6000
13 7 59 58 6000
7 6 14 42 6000
0 5 55 48 6000
0 10 6 41 6000
13 0 44 56 6000
14 15 42 8 6000
2 12 56 37 6000
11 2 14 11 6000
15 13 17 62 6000
4 11 44 52 6000
4 13 59 8 6000
1 9 43 1 6000
14 4 29 11 6000
13 15 7 58 6000
5 8 3 12 6000
10 14 38 20 6000
15 0 51 17 6000
2 14 47 25 6000
0 9 8 24 6000
0 10 5 26 6000
13 0 22 50 6000
5 1 13 8 6000
1 6 8 41 6000
9 7 56 1 6000
10 6 41 0 6000
5 7 15 1 6000
12 6 63 10 6000
3 7 38 8 6000
5 10 1 60 8000
2 4 28 37 8000
4 5 61 7 8000
3 7 22 52 8000
2 12 60 23 8000
8 6 7 50 8000
11 5 52 23 8000
14 6 10 9 8000
11 7 40 32 8000
5 8 43 55 8000
2 14 13 20 8000
13 14 22 48 8000
4 0 21 53 8000
15 1 8 61 8000
5 7 5 32 8000
0 14 24 19 8000
8 0 53 16 8000
15 13 19 54 8000
12 2 1 15 8000
4 13 21 3 8000
11 5 52 10 8000
8 14 28 38 8000
10 14 60 6 8000
13 5 52 27 8000
13 1 11 29 8000
12 0 6 19 8000
6 1 39 8 8000
11 1 31 19 8000
4 11 48 25 8000
11 6 37 4 8000
8 4 52 60 8000
13 1 52 6 8000
9 11 15 58 8000
2 11 23 16 8000
15 6 18 54 8000
10 1 37 36 8000
15 1 16 44 8000
7 1 35 49 8000
12 13 57 49 8000
13 7 1 53 8000
1 15 20 14 10000
10 13 15 1 10000
6 7 43 44 10000
9 13 32 6 10000
15 0 28 22 10000
11 14 47 37 10000
13 7 6 36 10000
0 9 12 25 10000
6 9 48 27 10000
5 7 34 39 10000
13 1 37 31 10000
6 2 1 19 10000
6 11 60 12 10000
3 7 42 37 10000
10 7 29 35 10000
8 11 46 38 10000
7 2 25 56 10000
2 1 46 5 10000
1 8 61 28 10000
4 13 63 26 10000
13 9 4 0 10000
5 3 8 54 10000
5 9 22 31 10000
9 15 42 55 10000
4 0 17 55 10000
5 13 47 58 10000
3 9 58 48 10000
8 13 28 4 10000
13 3 23 41 10000
0 5 46 28 10000
1 15 27 26 10000
8 2 21 18 10000
5 15 45 38 10000
3 10 2 47 10000
8 3 60 54 10000
13 11 7 29 10000
5 11 26 28 10000
15 7 59 0 10000
9 0 7 45 10000
0 6 0 2 10000
2 13 25 31 10000
6 13 13 34 10000
7 10 41 30 10000
8 0 24 20 10000
8 15 1 44 10000
14 1 60 21 10000
15 5 7 35 10000
13 1 10 49 10000
3 9 35 25 10000
1 2 21 35 10000
12 0 46 0 10000
8 2 5 2 10000
