# src_chip dst_chip src_pe dst_pe inject_cycle
# entries=768 chips=16 pe_per_chip=64 timesteps=5 interval=2000 seed=66
4 6 3 57 2000
13 0 50 35 2000
11 15 27 11 2000
10 13 39 53 2000
10 14 13 22 2000
7 1 7 32 2000
7 1 1 54 2000
12 6 29 45 2000
12 3 9 28 2000
14 9 53 47 2000
15 8 25 49 2000
6 14 24 8 2000
14 15 3 56 2000
0 9 37 51 2000
13 9 27 23 2000
3 1 7 26 2000
11 8 49 33 2000
11 7 10 2 2000
15 3 16 51 2000
10 13 8 21 2000
1 3 48 45 2000
10 12 23 1 2000
8 9 55 40 2000
9 2 11 45 2000
9 11 28 2 2000
6 8 4 41 2000
15 13 42 6 2000
11 2 60 47 2000
14 4 51 5 2000
14 12 32 4 2000
7 4 54 25 2000
10 14 22 48 2000
11 4 30 53 2000
2 7 8 59 2000
4 14 41 44 2000
6 8 53 17 2000
15 7 8 16 2000
2 13 5 7 2000
9 7 3 21 2000
4 13 28 8 2000
0 5 60 37 2000
13 9 31 17 2000
5 0 7 52 2000
7 4 47 5 2000
5 8 55 29 2000
2 0 46 38 2000
4 13 7 2 2000
13 6 51 33 2000
9 4 61 52 2000
15 6 57 33 2000
3 13 63 37 2000
13 9 4 45 2000
2 13 49 45 2000
13 5 28 8 2000
5 2 47 4 2000
2 11 6 22 2000
7 3 57 54 2000
14 1 4 10 2000
14 3 41 52 2000
7 10 33 6 2000
9 14 58 61 2000
1 11 2 51 2000
15 4 53 0 2000
7 8 13 16 2000
5 2 44 49 2000
1 11 13 31 2000
0 5 20 46 2000
1 11 55 8 2000
5 10 34 49 2000
12 10 14 25 2000
11 7 22 51 2000
0 10 8 5 2000
8 7 34 4 2000
7 15 34 7 2000
2 13 46 51 2000
15 14 11 26 2000
12 2 50 11 2000
15 7 10 51 2000
11 5 5 8 2000
12 15 45 36 2000
1 11 36 6 2000
10 8 20 2 2000
15 4 27 16 2000
13 11 32 18 2000
8 6 60 51 2000
15 2 41 20 2000
7 9 9 24 2000
10 14 3 36 2000
1 2 61 27 2000
13 6 7 52 2000
9 2 41 3 2000
2 8 51 27 2000
14 5 20 49 2000
4 15 10 61 2000
13 12 38 15 2000
0 13 16 40 2000
6 14 62 46 2000
9 5 38 17 2000
4 15 17 9 2000
9 8 26 57 2000
7 10 42 23 2000
5 10 3 12 2000
2 3 45 48 2000
11 1 8 9 2000
12 6 30 17 2000
6 10 43 14 2000
10 14 26 42 2000
3 0 31 3 2000
2 5 49 43 2000
7 4 1 18 2000
1 2 45 60 2000
10 11 63 31 2000
9 0 46 61 2000
7 15 8 32 2000
14 13 24 28 2000
3 11 21 55 2000
11 6 55 37 2000
2 5 47 38 2000
8 10 44 19 2000
13 6 48 0 2000
3 13 63 62 2000
11 0 34 45 2000
3 1 14 2 2000
15 12 61 14 2000
0 5 63 32 2000
12 3 39 2 2000
14 15 56 61 2000
14 8 20 17 2000
0 7 5 38 2000
0 3 48 52 2000
6 4 24 8 2000
5 9 19 52 2000
1 15 50 16 2000
6 8 41 48 2000
5 2 58 54 2000
6 5 48 5 2000
12 8 39 60 2000
4 13 44 59 2000
9 0 28 18 2000
0 9 55 45 2000
11 3 13 7 2000
11 4 9 35 2000
10 4 19 56 2000
2 15 1 3 2000
12 6 20 27 2000
15 11 20 61 2000
3 7 14 31 2000
3 14 49 33 2000
5 4 44 62 2000
11 5 35 13 2000
4 2 37 3 2000
13 2 16 45 2000
14 7 33 54 2000
0 8 25 57 2000
3 15 0 41 2000
15 5 1 61 2000
2 9 59 51 2000
1 14 51 39 2000
1 7 38 30 2000
6 9 14 43 2000
2 5 55 60 4000
9 3 37 4 4000
0 3 19 36 4000
5 9 61 23 4000
3 14 33 27 4000
8 6 10 23 4000
12 2 27 47 4000
11 8 12 13 4000
9 12 37 47 4000
14 9 4 42 4000
5 6 50 9 4000
15 0 44 37 4000
3 2 7 32 4000
12 9 58 35 4000
2 3 40 5 4000
0 7 10 19 4000
12 6 54 60 4000
12 10 50 33 4000
10 8 36 43 4000
3 7 52 55 4000
11 5 48 53 4000
6 8 47 10 4000
10 0 51 41 4000
9 4 60 39 4000
12 4 33 8 4000
8 5 50 60 4000
3 0 35 51 4000
6 15 25 7 4000
15 11 30 46 4000
2 8 25 5 4000
13 2 34 29 4000
2 5 26 61 4000
3 11 59 37 4000
10 1 62 0 4000
9 3 42 33 4000
0 7 17 5 4000
8 15 55 22 4000
14 0 4 58 4000
9 13 50 51 4000
5 9 38 40 4000
7 5 25 34 4000
13 5 17 57 4000
2 10 51 35 4000
3 15 58 22 4000
15 6 60 35 4000
3 14 29 16 4000
10 11 44 1 4000
6 10 45 61 4000
11 0 40 36 4000
1 15 49 47 4000
6 14 35 19 4000
4 12 62 35 4000
0 5 6 34 4000
15 4 20 50 4000
4 10 49 1 4000
12 4 23 62 4000
0 5 20 63 4000
12 13 35 20 4000
14 2 61 4 4000
11 4 46 44 4000
3 9 17 31 4000
12 8 0 63 4000
12 10 48 62 4000
11 7 59 49 4000
11 13 2 54 4000
10 15 3 2 4000
9 13 52 1 4000
10 1 7 16 4000
9 2 36 60 4000
5 4 47 53 4000
3 15 2 60 4000
3 9 48 20 4000
7 6 60 40 4000
7 1 55 7 4000
14 9 32 38 4000
2 14 17 29 4000
11 1 3 36 4000
15 10 9 2 4000
11 1 2 41 4000
12 11 42 15 4000
6 12 63 11 4000
0 10 3 26 4000
10 4 38 62 4000
3 8 59 44 4000
10 1 4 13 4000
10 6 31 45 4000
9 4 45 57 4000
15 3 27 46 4000
3 5 39 22 4000
8 7 61 18 4000
14 13 21 20 4000
6 13 25 7 4000
7 9 48 50 4000
12 4 43 33 4000
11 7 11 10 4000
9 11 26 43 4000
8 15 57 43 4000
10 11 34 31 4000
2 15 2 63 4000
5 13 61 58 4000
13 1 26 53 4000
11 9 18 49 4000
5 9 21 62 4000
11 3 15 8 4000
0 7 5 21 4000
2 3 39 29 4000
13 0 42 61 4000
3 13 48 54 4000
5 9 58 42 4000
9 0 52 58 4000
5 10 6 15 4000
10 9 63 13 4000
10 13 34 52 4000
8 12 60 17 4000
11 8 11 35 4000
5 8 12 52 4000
3 9 44 46 4000
8 2 45 11 4000
2 5 13 42 4000
14 4 41 21 4000
15 3 13 53 4000
11 1 40 13 4000
7 13 9 62 4000
8 1 62 42 4000
11 13 18 25 4000
1 8 21 18 4000
4 14 60 11 4000
13 0 17 22 4000
7 1 17 33 4000
12 0 5 40 4000
5 11 43 53 4000
1 7 63 60 4000
3 6 46 58 4000
1 4 16 63 4000
13 3 28 2 4000
13 3 34 26 4000
5 12 22 29 4000
11 12 46 7 4000
12 9 44 35 4000
2 13 60 33 4000
8 7 32 48 4000
12 6 32 20 4000
7 0 2 10 4000
4 15 3 22 4000
8 11 38 49 4000
9 12 16 30 4000
11 2 36 31 4000
1 14 29 4 4000
15 14 48 28 4000
1 7 23 44 4000
14 8 39 10 4000
1 11 0 32 4000
15 13 24 14 4000
13 0 16 14 4000
10 12 31 25 4000
4 15 8 46 6000
2 5 11 26 6000
13 5 61 52 6000
10 0 22 48 6000
10 5 39 45 6000
10 15 21 49 6000
5 7 40 17 6000
2 14 40 30 6000
9 0 41 42 6000
1 11 31 2 6000
8 5 26 15 6000
2 11 55 7 6000
7 4 56 28 6000
6 12 53 9 6000
5 11 6 1 6000
12 14 51 7 6000
5 0 23 26 6000
4 3 33 11 6000
12 5 47 2 6000
7 10 5 7 6000
8 10 24 44 6000
9 2 0 54 6000
8 15 56 20 6000
9 8 30 19 6000
11 7 39 23 6000
13 14 54 3 6000
15 3 20 22 6000
15 4 36 6 6000
7 3 54 45 6000
10 15 59 49 6000
7 5 54 57 6000
14 4 56 57 6000
5 11 9 49 6000
10 5 3 51 6000
15 12 46 44 6000
13 3 8 2 6000
10 4 8 40 6000
14 3 30 42 6000
9 5 5 11 6000
15 0 62 45 6000
9 1 30 8 6000
9 10 44 58 6000
7 15 61 39 6000
4 12 36 1 6000
5 8 54 43 6000
10 11 7 49 6000
15 1 53 29 6000
0 6 21 53 6000
11 2 23 11 6000
6 5 53 30 6000
3 9 31 30 6000
5 4 8 52 6000
7 1 2 30 6000
1 15 49 21 6000
4 5 31 11 6000
2 13 56 52 6000
13 4 18 56 6000
14 3 38 18 6000
5 10 49 31 6000
12 0 5 51 6000
15 7 45 47 6000
13 9 60 15 6000
7 14 24 54 6000
1 10 47 8 6000
5 9 40 48 6000
5 11 18 50 6000
4 0 6 41 6000
4 10 47 55 6000
2 3 56 10 6000
9 13 30 5 6000
2 15 15 7 6000
14 10 35 36 6000
14 6 60 43 6000
9 2 6 60 6000
7 9 40 60 6000
3 8 53 15 6000
5 2 47 20 6000
14 12 60 21 6000
5 14 18 10 6000
12 3 48 16 6000
6 3 41 1 6000
10 9 13 59 6000
5 1 5 59 6000
9 8 56 1 6000
3 0 51 40 6000
14 8 28 0 6000
9 11 21 12 6000
2 7 16 23 6000
11 5 2 34 6000
1 14 31 5 6000
0 10 21 53 6000
3 2 0 58 6000
3 2 55 3 6000
11 7 29 4 6000
5 3 51 30 6000
3 6 24 39 6000
9 0 47 58 6000
4 0 45 40 6000
8 10 63 48 6000
3 13 50 59 6000
2 4 63 55 6000
9 6 45 41 6000
11 7 14 34 6000
0 11 43 3 6000
4 13 24 3 6000
14 3 52 49 6000
3 4 48 62 6000
7 3 63 1 6000
11 2 14 4 6000
13 3 44 49 6000
11 8 60 57 6000
14 15 43 58 6000
4 15 15 16 6000
1 14 62 46 6000
8 5 45 47 6000
3 13 10 5 6000
8 15 54 1 6000
1 13 24 14 6000
9 8 43 32 6000
2 3 16 0 6000
9 0 40 56 6000
7 8 0 16 6000
10 11 47 27 6000
8 5 52 3 6000
11 6 14 6 6000
5 0 25 57 6000
12 2 16 22 6000
7 4 41 45 6000
4 2 41 54 6000
6 2 15 21 6000
7 8 34 46 6000
12 11 0 32 6000
1 5 27 25 6000
7 12 41 61 6000
2 7 45 12 6000
3 1 56 49 6000
4 10 4 21 6000
3 0 20 30 6000
12 2 17 29 6000
11 13 7 37 6000
3 4 23 9 6000
11 5 27 30 6000
5 2 44 10 6000
1 9 63 55 6000
12 3 11 24 6000
5 11 21 61 6000
11 15 9 20 6000
9 5 26 49 6000
4 1 5 40 6000
3 12 63 11 8000
0 9 14 54 8000
6 11 40 38 8000
10 11 45 51 8000
0 10 15 23 8000
9 7 41 37 8000
11 13 14 1 8000
8 0 10 26 8000
4 6 38 4 8000
6 7 50 5 8000
15 3 12 42 8000
4 8 11 44 8000
15 12 49 20 8000
14 0 52 59 8000
13 2 0 21 8000
8 12 63 50 8000
5 4 58 13 8000
7 12 37 3 8000
8 3 30 10 8000
11 9 56 24 8000
8 0 39 36 8000
2 3 45 52 8000
4 13 46 48 8000
9 11 57 41 8000
2 9 31 53 8000
6 12 53 19 8000
12 0 50 20 8000
9 7 17 11 8000
4 8 63 9 8000
13 11 63 4 8000
1 10 44 38 8000
14 13 33 11 8000
12 10 7 16 8000
12 8 5 31 8000
11 3 13 63 8000
0 9 28 24 8000
7 4 26 55 8000
8 12 15 55 8000
4 9 3 44 8000
11 13 51 26 8000
15 8 43 50 8000
5 2 16 61 8000
11 9 16 10 8000
13 3 25 40 8000
4 2 35 25 8000
2 3 46 5 8000
1 8 41 13 8000
4 8 50 49 8000
0 13 0 28 8000
11 12 26 54 8000
5 1 31 49 8000
0 13 1 57 8000
8 5 2 63 8000
12 14 53 13 8000
9 3 28 27 8000
9 12 48 43 8000
9 2 25 0 8000
2 3 25 46 8000
15 11 43 54 8000
0 6 28 3 8000
7 4 16 39 8000
7 6 26 35 8000
15 6 14 49 8000
6 11 60 1 8000
2 9 45 21 8000
10 7 18 60 8000
2 15 29 19 8000
5 11 39 51 8000
4 0 29 30 8000
9 11 35 26 8000
15 10 62 14 8000
12 7 26 52 8000
2 4 21 53 8000
13 4 2 61 8000
12 2 34 0 8000
7 13 10 33 8000
13 9 15 7 8000
8 0 8 30 8000
11 1 5 34 8000
0 4 37 32 8000
3 5 49 21 8000
6 5 5 52 8000
3 2 17 25 8000
15 12 44 9 8000
7 6 51 18 8000
6 4 52 35 8000
14 7 45 35 8000
6 12 60 3 8000
4 5 33 48 8000
13 5 31 22 8000
13 15 14 25 8000
11 10 26 17 8000
14 13 3 8 8000
14 12 32 59 8000
0 1 15 63 8000
11 3 48 10 8000
9 1 58 13 8000
9 10 15 20 8000
1 0 55 15 8000
4 6 27 52 8000
8 2 44 12 8000
1 3 31 56 8000
11 4 55 57 8000
0 12 36 44 8000
9 2 0 62 8000
6 4 47 52 8000
12 5 26 30 8000
15 5 61 5 8000
14 0 57 25 8000
12 10 50 14 8000
1 15 53 31 8000
1 6 23 22 8000
15 10 60 58 8000
1 0 35 52 8000
0 13 48 0 8000
1 7 63 1 8000
8 11 1 38 8000
10 9 28 33 8000
7 14 17 7 8000
5 0 35 24 8000
6 9 26 5 8000
12 1 62 28 8000
12 10 20 34 8000
14 0 43 1 8000
0 1 60 1 8000
8 11 55 52 8000
8 14 27 4 8000
10 12 30 53 8000
14 6 62 9 8000
5 8 50 35 8000
7 13 5 17 8000
2 6 5 20 8000
14 4 32 63 10000
5 7 58 40 10000
6 12 59 63 10000
3 9 54 6 10000
3 5 49 59 10000
12 13 15 36 10000
5 10 34 48 10000
6 11 52 62 10000
8 5 31 53 10000
6 9 20 56 10000
14 5 49 62 10000
1 15 28 34 10000
9 1 6 7 10000
1 10 40 49 10000
9 15 43 57 10000
13 11 19 62 10000
6 0 26 10 10000
1 5 39 7 10000
11 9 4 33 10000
8 9 40 56 10000
2 3 45 37 10000
12 10 35 37 10000
15 4 42 24 10000
0 2 22 27 10000
15 9 1 28 10000
4 12 49 12 10000
9 13 59 14 10000
9 2 35 33 10000
1 5 11 15 10000
4 12 15 6 10000
11 10 5 28 10000
6 12 37 52 10000
1 14 45 50 10000
15 11 37 43 10000
4 9 19 18 10000
12 5 55 25 10000
6 9 37 45 10000
4 10 26 15 10000
4 14 13 45 10000
0 9 44 6 10000
8 3 4 2 10000
4 1 63 14 10000
12 7 36 9 10000
12 10 12 19 10000
14 7 50 40 10000
1 5 52 59 10000
10 6 35 36 10000
9 11 16 0 10000
2 4 9 20 10000
9 12 31 37 10000
6 1 32 42 10000
7 1 15 10 10000
8 10 9 3 10000
8 12 52 21 10000
14 7 44 20 10000
0 13 8 26 10000
9 4 11 17 10000
10 12 38 16 10000
10 15 58 36 10000
9 3 6 11 10000
5 7 3 52 10000
9 5 14 40 10000
12 14 62 14 10000
15 12 5 0 10000
6 15 40 51 10000
13 3 55 50 10000
12 1 30 19 10000
4 11 62 30 10000
13 2 49 42 10000
13 15 55 40 10000
1 12 20 27 10000
6 7 58 42 10000
8 13 52 57 10000
15 8 38 48 10000
15 9 45 59 10000
5 13 6 49 10000
14 11 45 21 10000
0 8 21 16 10000
7 11 23 40 10000
4 11 59 32 10000
10 11 45 21 10000
3 10 11 30 10000
10 6 39 32 10000
3 6 24 50 10000
12 8 1 7 10000
13 15 6 49 10000
14 13 8 9 10000
13 4 52 1 10000
5 15 29 2 10000
10 15 34 3 10000
13 5 6 1 10000
2 7 36 52 10000
15 11 45 61 10000
11 4 51 63 10000
5 12 20 14 10000
1 12 7 48 10000
12 7 4 8 10000
4 2 56 34 10000
6 2 20 26 10000
5 10 2 11 10000
7 14 27 61 10000
5 13 6 16 10000
14 0 62 3 10000
8 10 1 41 10000
0 2 37 38 10000
9 14 49 20 10000
3 10 12 48 10000
6 11 43 27 10000
12 13 27 46 10000
6 9 42 54 10000
3 10 20 1 10000
11 12 35 40 10000
10 2 27 25 10000
11 1 24 8 10000
7 12 51 16 10000
14 4 41 49 10000
0 15 42 50 10000
2 11 48 32 10000
4 6 59 3 10000
12 11 51 46 10000
13 3 38 25 10000
6 15 49 24 10000
9 3 25 22 10000
14 2 18 32 10000
13 15 47 18 10000
5 14 9 52 10000
6 3 16 29 10000
5 11 29 59 10000
7 4 43 26 10000
5 9 11 15 10000
9 5 32 4 10000
13 15 24 4 10000
14 15 45 60 10000
5 13 39 1 10000
3 1 61 20 10000
4 11 19 56 10000
1 5 10 40 10000
10 15 1 8 10000
6 0 62 16 10000
15 12 7 45 10000
12 11 37 32 10000
15 10 42 39 10000
7 1 25 44 10000
4 12 0 25 10000
14 13 37 17 10000
0 5 60 25 10000
14 13 50 51 10000
10 7 42 46 10000
0 1 37 43 10000
0 1 20 27 10000
1 7 37 3 10000
0 13 35 60 10000
3 6 60 56 10000
12 11 10 61 10000
1 5 3 60 10000
12 9 15 53 10000
14 12 46 55 10000
0 4 49 21 10000
7 3 5 17 10000
15 7 28 50 10000
9 14 24 42 10000
6 2 30 45 10000
13 0 21 3 10000
7 1 26 55 10000
6 7 15 46 10000
11 7 23 18 10000
4 14 52 15 10000
6 7 5 4 10000
3 7 27 60 10000
12 0 27 14 10000
5 15 4 12 10000
11 10 34 14 10000
