# src_chip  dst_chip  src_pe  dst_pe  inject_cycle
# 242 entries, 16 chips x 64 PE, 5 timesteps
# seed=62, sparsity=0.05, interval=2000
0  1  38  31  2000
0  1  52  9  2000
0  1  54  58  2000
1  2  18  51  2000
1  2  22  22  2000
1  2  28  39  2000
1  2  45  47  2000
1  2  46  17  2000
2  3  5  35  2000
2  3  30  44  2000
2  3  46  42  2000
3  4  16  41  2000
3  4  21  1  2000
3  4  43  9  2000
4  5  3  10  2000
4  5  11  43  2000
4  5  35  3  2000
4  5  54  28  2000
5  6  18  8  2000
5  6  28  1  2000
5  6  31  45  2000
5  6  38  14  2000
5  6  39  50  2000
6  7  13  23  2000
6  7  14  1  2000
6  7  59  7  2000
7  8  17  15  2000
7  8  42  17  2000
8  9  20  13  2000
8  9  30  54  2000
8  9  38  45  2000
8  9  55  3  2000
10  11  8  24  2000
10  11  30  33  2000
10  11  38  36  2000
10  11  50  60  2000
10  11  52  32  2000
11  12  10  37  2000
11  12  59  5  2000
12  13  15  29  2000
12  13  56  19  2000
13  14  10  15  2000
13  14  36  36  2000
13  14  53  45  2000
14  15  13  51  2000
14  15  33  12  2000
14  15  46  62  2000
14  15  54  33  2000
0  1  1  48  4000
0  1  15  0  4000
0  1  46  4  4000
1  2  53  18  4000
2  3  8  22  4000
3  4  21  14  4000
3  4  45  11  4000
3  4  51  32  4000
3  4  54  52  4000
4  5  0  19  4000
4  5  8  15  4000
4  5  63  27  4000
5  6  19  2  4000
6  7  8  56  4000
6  7  25  14  4000
6  7  28  35  4000
6  7  44  29  4000
6  7  57  4  4000
7  8  2  21  4000
7  8  13  4  4000
7  8  21  1  4000
7  8  24  27  4000
7  8  32  53  4000
7  8  38  53  4000
8  9  16  40  4000
8  9  31  22  4000
8  9  62  32  4000
9  10  6  35  4000
9  10  31  3  4000
9  10  33  22  4000
9  10  40  6  4000
10  11  6  4  4000
10  11  8  25  4000
10  11  34  52  4000
10  11  36  16  4000
10  11  45  59  4000
10  11  50  34  4000
10  11  52  45  4000
11  12  13  9  4000
11  12  37  32  4000
12  13  5  53  4000
12  13  6  56  4000
12  13  17  29  4000
12  13  38  54  4000
12  13  43  51  4000
13  14  8  48  4000
13  14  9  26  4000
13  14  13  31  4000
13  14  62  7  4000
14  15  0  16  4000
14  15  11  63  4000
14  15  21  14  4000
0  1  16  0  6000
0  1  54  23  6000
0  1  57  55  6000
1  2  8  22  6000
1  2  22  39  6000
2  3  22  59  6000
2  3  27  24  6000
2  3  36  40  6000
2  3  44  6  6000
2  3  45  24  6000
2  3  59  53  6000
3  4  15  7  6000
3  4  16  41  6000
3  4  28  16  6000
3  4  31  12  6000
3  4  52  53  6000
4  5  4  31  6000
4  5  10  18  6000
4  5  62  43  6000
5  6  10  2  6000
5  6  16  23  6000
5  6  29  8  6000
6  7  3  9  6000
6  7  11  6  6000
6  7  23  40  6000
7  8  10  39  6000
8  9  6  31  6000
8  9  14  13  6000
8  9  18  54  6000
9  10  28  30  6000
9  10  60  25  6000
10  11  0  16  6000
10  11  10  44  6000
10  11  33  32  6000
10  11  43  21  6000
12  13  4  54  6000
12  13  6  7  6000
12  13  51  9  6000
13  14  9  62  6000
13  14  51  3  6000
13  14  59  34  6000
14  15  20  11  6000
14  15  44  31  6000
14  15  50  25  6000
14  15  61  59  6000
0  1  16  4  8000
0  1  30  46  8000
0  1  39  43  8000
0  1  50  4  8000
0  1  51  5  8000
0  1  56  19  8000
1  2  15  38  8000
1  2  55  52  8000
2  3  5  8  8000
2  3  13  6  8000
2  3  41  21  8000
3  4  7  60  8000
3  4  12  22  8000
3  4  23  31  8000
3  4  28  45  8000
3  4  30  19  8000
3  4  32  32  8000
3  4  50  28  8000
3  4  62  51  8000
4  5  3  13  8000
4  5  44  51  8000
5  6  1  33  8000
5  6  45  32  8000
5  6  56  42  8000
6  7  8  35  8000
6  7  13  3  8000
6  7  20  2  8000
6  7  24  3  8000
6  7  40  29  8000
6  7  46  48  8000
6  7  48  0  8000
7  8  0  57  8000
7  8  20  32  8000
7  8  52  32  8000
8  9  7  8  8000
8  9  52  42  8000
9  10  10  41  8000
9  10  60  53  8000
10  11  16  1  8000
10  11  31  60  8000
10  11  45  44  8000
11  12  3  40  8000
11  12  4  57  8000
11  12  19  27  8000
11  12  30  30  8000
11  12  36  53  8000
11  12  44  1  8000
12  13  1  30  8000
12  13  6  38  8000
12  13  7  9  8000
12  13  8  33  8000
12  13  15  55  8000
12  13  23  63  8000
12  13  37  26  8000
13  14  34  63  8000
14  15  31  60  8000
14  15  42  8  8000
14  15  50  0  8000
14  15  58  60  8000
0  1  25  54  10000
1  2  5  37  10000
1  2  61  36  10000
1  2  63  21  10000
2  3  25  15  10000
2  3  31  34  10000
2  3  38  37  10000
2  3  46  9  10000
3  4  0  59  10000
4  5  27  49  10000
4  5  55  54  10000
4  5  59  45  10000
5  6  45  7  10000
5  6  52  26  10000
5  6  57  57  10000
7  8  23  2  10000
7  8  50  3  10000
8  9  19  22  10000
8  9  41  49  10000
8  9  61  38  10000
9  10  11  47  10000
9  10  38  28  10000
9  10  42  37  10000
9  10  53  9  10000
10  11  59  56  10000
11  12  9  61  10000
11  12  10  55  10000
11  12  48  41  10000
11  12  54  63  10000
12  13  24  37  10000
12  13  30  30  10000
12  13  37  44  10000
12  13  46  13  10000
14  15  14  2  10000
14  15  28  43  10000
14  15  33  7  10000
14  15  34  10  10000
14  15  46  24  10000
