# src_chip  dst_chip  src_pe  dst_pe  inject_cycle
# 184 entries, 4 chips x 256 PE, 5 timesteps
# seed=52, sparsity=0.05, interval=2000
0  1  13  198  2000
0  1  22  193  2000
0  1  38  2  2000
0  1  70  2  2000
0  1  73  79  2000
0  1  78  153  2000
0  1  80  78  2000
0  1  151  96  2000
0  1  156  62  2000
0  1  192  229  2000
0  1  207  119  2000
0  1  220  105  2000
0  1  229  209  2000
1  2  10  83  2000
1  2  11  223  2000
1  2  43  121  2000
1  2  113  106  2000
1  2  148  57  2000
1  2  155  129  2000
1  2  164  109  2000
1  2  181  5  2000
1  2  183  64  2000
1  2  207  50  2000
1  2  222  80  2000
1  2  239  43  2000
1  2  249  94  2000
2  3  16  4  2000
2  3  35  142  2000
2  3  62  210  2000
2  3  87  136  2000
2  3  130  192  2000
2  3  175  109  2000
2  3  183  150  2000
2  3  200  143  2000
2  3  201  130  2000
2  3  202  3  2000
2  3  209  184  2000
2  3  219  20  2000
2  3  233  135  2000
2  3  234  86  2000
2  3  238  253  2000
2  3  255  41  2000
0  1  19  252  4000
0  1  23  111  4000
0  1  68  73  4000
0  1  111  150  4000
0  1  123  142  4000
0  1  150  93  4000
0  1  158  59  4000
0  1  160  170  4000
0  1  165  35  4000
0  1  184  76  4000
0  1  185  32  4000
0  1  198  120  4000
0  1  214  70  4000
1  2  31  71  4000
1  2  59  11  4000
1  2  63  32  4000
1  2  104  184  4000
1  2  133  64  4000
1  2  134  11  4000
1  2  147  73  4000
1  2  149  215  4000
1  2  170  68  4000
1  2  178  81  4000
1  2  181  197  4000
2  3  59  146  4000
2  3  64  23  4000
2  3  89  93  4000
2  3  129  169  4000
2  3  143  238  4000
2  3  153  98  4000
2  3  170  10  4000
2  3  196  243  4000
2  3  215  37  4000
2  3  240  211  4000
2  3  251  38  4000
0  1  1  82  6000
0  1  29  190  6000
0  1  42  201  6000
0  1  70  191  6000
0  1  137  121  6000
0  1  153  79  6000
0  1  180  67  6000
0  1  185  140  6000
0  1  193  44  6000
0  1  197  52  6000
0  1  239  112  6000
1  2  13  192  6000
1  2  25  62  6000
1  2  26  111  6000
1  2  59  28  6000
1  2  62  29  6000
1  2  67  170  6000
1  2  118  197  6000
1  2  138  38  6000
1  2  164  206  6000
1  2  233  123  6000
2  3  5  73  6000
2  3  92  234  6000
2  3  115  4  6000
2  3  127  89  6000
2  3  143  93  6000
2  3  148  36  6000
2  3  158  35  6000
2  3  223  72  6000
2  3  252  79  6000
0  1  63  188  8000
0  1  96  55  8000
0  1  125  58  8000
0  1  140  164  8000
0  1  146  64  8000
0  1  152  104  8000
0  1  158  201  8000
0  1  169  66  8000
0  1  175  7  8000
0  1  183  248  8000
0  1  191  5  8000
0  1  199  20  8000
0  1  233  163  8000
1  2  31  76  8000
1  2  43  59  8000
1  2  60  242  8000
1  2  88  153  8000
1  2  98  190  8000
1  2  157  200  8000
1  2  158  139  8000
1  2  165  144  8000
1  2  203  47  8000
1  2  204  200  8000
1  2  227  99  8000
1  2  228  141  8000
1  2  232  208  8000
1  2  233  10  8000
1  2  234  184  8000
2  3  4  255  8000
2  3  69  161  8000
2  3  72  122  8000
2  3  85  7  8000
2  3  112  187  8000
2  3  174  184  8000
2  3  182  152  8000
2  3  185  228  8000
2  3  195  70  8000
2  3  219  109  8000
2  3  224  1  8000
2  3  242  243  8000
0  1  13  169  10000
0  1  21  173  10000
0  1  43  148  10000
0  1  50  221  10000
0  1  67  209  10000
0  1  117  51  10000
0  1  119  122  10000
0  1  129  142  10000
0  1  153  219  10000
0  1  162  117  10000
0  1  197  218  10000
1  2  16  129  10000
1  2  47  188  10000
1  2  80  13  10000
1  2  100  104  10000
1  2  138  167  10000
1  2  166  13  10000
1  2  175  10  10000
1  2  210  233  10000
1  2  228  39  10000
1  2  238  159  10000
1  2  246  115  10000
1  2  249  31  10000
1  2  255  205  10000
2  3  22  157  10000
2  3  38  0  10000
2  3  49  54  10000
2  3  51  71  10000
2  3  77  129  10000
2  3  79  228  10000
2  3  161  66  10000
2  3  172  211  10000
2  3  185  253  10000
2  3  193  100  10000
2  3  202  72  10000
2  3  210  221  10000
2  3  235  3  10000
