# src_chip  dst_chip  src_pe  dst_pe  inject_cycle
# 244 entries, 16 chips x 64 PE, 5 timesteps
# seed=61, sparsity=0.05, interval=2000
0  1  34  49  2000
0  1  37  22  2000
0  1  44  62  2000
0  1  54  47  2000
1  2  5  50  2000
2  3  25  11  2000
2  3  39  39  2000
2  3  49  37  2000
3  4  11  25  2000
3  4  19  3  2000
3  4  27  0  2000
3  4  33  1  2000
4  5  12  8  2000
4  5  29  32  2000
4  5  62  3  2000
5  6  0  3  2000
5  6  9  27  2000
5  6  18  56  2000
5  6  28  30  2000
5  6  44  50  2000
6  7  13  25  2000
6  7  54  49  2000
7  8  0  0  2000
7  8  8  12  2000
7  8  26  47  2000
7  8  37  52  2000
7  8  54  23  2000
7  8  62  41  2000
8  9  22  6  2000
9  10  18  7  2000
9  10  48  47  2000
10  11  8  39  2000
10  11  38  62  2000
12  13  5  8  2000
12  13  13  57  2000
12  13  27  47  2000
12  13  29  41  2000
12  13  47  36  2000
13  14  14  37  2000
14  15  40  22  2000
14  15  47  18  2000
0  1  19  21  4000
0  1  52  59  4000
1  2  4  29  4000
1  2  5  18  4000
1  2  10  55  4000
1  2  16  44  4000
1  2  37  29  4000
1  2  43  53  4000
1  2  53  63  4000
1  2  56  40  4000
2  3  14  11  4000
2  3  16  18  4000
2  3  38  26  4000
2  3  53  16  4000
3  4  27  0  4000
3  4  31  55  4000
3  4  35  15  4000
4  5  2  6  4000
4  5  7  25  4000
4  5  21  33  4000
4  5  63  36  4000
5  6  9  63  4000
5  6  16  20  4000
5  6  17  60  4000
5  6  32  52  4000
5  6  45  6  4000
5  6  46  28  4000
5  6  50  53  4000
6  7  9  5  4000
6  7  29  1  4000
6  7  31  2  4000
6  7  34  25  4000
6  7  38  57  4000
6  7  41  57  4000
6  7  42  56  4000
7  8  1  47  4000
7  8  35  13  4000
8  9  2  55  4000
8  9  16  39  4000
8  9  18  1  4000
9  10  6  18  4000
9  10  12  50  4000
9  10  13  12  4000
9  10  30  40  4000
9  10  43  26  4000
9  10  44  31  4000
9  10  54  40  4000
9  10  59  36  4000
10  11  28  41  4000
11  12  4  61  4000
11  12  35  47  4000
11  12  38  5  4000
12  13  25  62  4000
12  13  42  1  4000
12  13  56  15  4000
13  14  6  19  4000
13  14  22  56  4000
13  14  60  41  4000
14  15  1  53  4000
14  15  15  37  4000
14  15  19  11  4000
14  15  24  45  4000
14  15  40  10  4000
14  15  47  41  4000
0  1  5  23  6000
0  1  15  49  6000
0  1  26  55  6000
0  1  50  57  6000
0  1  53  46  6000
1  2  31  32  6000
1  2  45  25  6000
2  3  23  58  6000
2  3  37  51  6000
2  3  39  55  6000
2  3  54  29  6000
2  3  55  32  6000
3  4  15  23  6000
4  5  3  38  6000
4  5  21  3  6000
4  5  59  52  6000
5  6  9  28  6000
5  6  13  12  6000
5  6  24  58  6000
5  6  36  22  6000
5  6  49  14  6000
6  7  9  20  6000
6  7  10  36  6000
6  7  27  5  6000
6  7  39  37  6000
6  7  62  19  6000
7  8  27  11  6000
7  8  33  60  6000
8  9  22  54  6000
8  9  31  12  6000
8  9  48  49  6000
8  9  62  2  6000
9  10  13  4  6000
9  10  35  60  6000
9  10  37  53  6000
10  11  13  19  6000
10  11  22  39  6000
11  12  6  54  6000
11  12  16  25  6000
11  12  18  32  6000
11  12  52  10  6000
12  13  39  61  6000
12  13  62  27  6000
13  14  9  43  6000
13  14  13  5  6000
13  14  22  25  6000
13  14  54  10  6000
13  14  55  33  6000
14  15  34  21  6000
14  15  46  23  6000
14  15  47  38  6000
14  15  55  61  6000
0  1  22  26  8000
0  1  25  27  8000
1  2  8  17  8000
1  2  58  7  8000
1  2  62  42  8000
3  4  14  44  8000
4  5  7  45  8000
4  5  11  10  8000
4  5  13  63  8000
4  5  50  34  8000
4  5  61  9  8000
4  5  62  43  8000
6  7  7  1  8000
6  7  8  40  8000
6  7  13  63  8000
6  7  53  14  8000
6  7  59  41  8000
7  8  4  56  8000
7  8  22  14  8000
7  8  23  50  8000
7  8  27  50  8000
7  8  47  11  8000
8  9  0  20  8000
8  9  52  60  8000
9  10  1  39  8000
9  10  34  62  8000
10  11  13  22  8000
10  11  38  33  8000
11  12  5  7  8000
12  13  0  17  8000
12  13  46  0  8000
12  13  54  48  8000
12  13  62  57  8000
13  14  10  20  8000
13  14  29  63  8000
14  15  45  38  8000
14  15  59  46  8000
14  15  60  61  8000
14  15  61  48  8000
0  1  15  15  10000
0  1  23  20  10000
0  1  25  56  10000
1  2  11  15  10000
1  2  37  53  10000
1  2  49  28  10000
1  2  54  55  10000
2  3  0  45  10000
2  3  23  14  10000
2  3  29  33  10000
2  3  50  46  10000
2  3  54  54  10000
3  4  12  42  10000
3  4  34  21  10000
3  4  57  21  10000
4  5  2  17  10000
4  5  49  54  10000
5  6  11  39  10000
5  6  32  28  10000
6  7  39  32  10000
6  7  51  19  10000
6  7  55  22  10000
7  8  14  35  10000
8  9  6  29  10000
8  9  14  40  10000
8  9  29  20  10000
8  9  45  56  10000
8  9  63  11  10000
9  10  27  14  10000
9  10  29  37  10000
9  10  32  58  10000
9  10  40  17  10000
10  11  0  36  10000
10  11  16  52  10000
10  11  56  59  10000
11  12  19  59  10000
11  12  28  16  10000
12  13  3  17  10000
12  13  4  10  10000
12  13  40  19  10000
12  13  44  14  10000
12  13  56  40  10000
13  14  10  18  10000
13  14  27  34  10000
13  14  34  25  10000
13  14  43  32  10000
14  15  21  57  10000
14  15  42  43  10000
