# src_chip  dst_chip  src_pe  dst_pe  inject_cycle
# 1130 entries, 4 chips x 256 PE, 5 timesteps
# seed=59, sparsity=0.3, interval=2000
0  1  0  235  2000
0  1  1  153  2000
0  1  4  248  2000
0  1  15  20  2000
0  1  18  42  2000
0  1  21  45  2000
0  1  29  47  2000
0  1  32  204  2000
0  1  35  29  2000
0  1  46  241  2000
0  1  47  223  2000
0  1  48  172  2000
0  1  52  183  2000
0  1  55  232  2000
0  1  57  214  2000
0  1  58  214  2000
0  1  60  165  2000
0  1  66  247  2000
0  1  68  248  2000
0  1  69  116  2000
0  1  70  60  2000
0  1  76  176  2000
0  1  77  17  2000
0  1  86  4  2000
0  1  87  68  2000
0  1  88  95  2000
0  1  89  52  2000
0  1  96  123  2000
0  1  97  244  2000
0  1  101  253  2000
0  1  104  15  2000
0  1  105  223  2000
0  1  106  95  2000
0  1  111  83  2000
0  1  116  134  2000
0  1  119  176  2000
0  1  122  83  2000
0  1  131  136  2000
0  1  133  126  2000
0  1  134  132  2000
0  1  138  98  2000
0  1  141  192  2000
0  1  155  247  2000
0  1  156  201  2000
0  1  163  247  2000
0  1  166  244  2000
0  1  167  128  2000
0  1  169  7  2000
0  1  170  71  2000
0  1  175  215  2000
0  1  179  16  2000
0  1  181  80  2000
0  1  185  180  2000
0  1  186  149  2000
0  1  194  202  2000
0  1  195  217  2000
0  1  197  128  2000
0  1  199  100  2000
0  1  200  225  2000
0  1  201  189  2000
0  1  205  156  2000
0  1  215  11  2000
0  1  219  108  2000
0  1  228  55  2000
0  1  229  134  2000
0  1  231  220  2000
0  1  237  245  2000
0  1  240  44  2000
0  1  241  182  2000
0  1  242  208  2000
0  1  249  204  2000
0  1  252  191  2000
0  1  253  165  2000
0  1  254  240  2000
0  1  255  213  2000
1  2  1  6  2000
1  2  3  74  2000
1  2  6  72  2000
1  2  12  97  2000
1  2  18  143  2000
1  2  21  122  2000
1  2  22  248  2000
1  2  29  149  2000
1  2  31  212  2000
1  2  32  209  2000
1  2  33  251  2000
1  2  37  223  2000
1  2  39  40  2000
1  2  43  75  2000
1  2  44  100  2000
1  2  45  98  2000
1  2  48  66  2000
1  2  55  130  2000
1  2  66  169  2000
1  2  68  209  2000
1  2  72  230  2000
1  2  74  53  2000
1  2  77  232  2000
1  2  78  128  2000
1  2  85  29  2000
1  2  86  226  2000
1  2  89  19  2000
1  2  92  135  2000
1  2  93  232  2000
1  2  94  185  2000
1  2  101  174  2000
1  2  103  120  2000
1  2  109  141  2000
1  2  110  15  2000
1  2  129  62  2000
1  2  130  148  2000
1  2  135  28  2000
1  2  139  156  2000
1  2  141  185  2000
1  2  146  35  2000
1  2  148  178  2000
1  2  149  159  2000
1  2  151  4  2000
1  2  155  216  2000
1  2  159  206  2000
1  2  160  89  2000
1  2  161  2  2000
1  2  165  120  2000
1  2  166  100  2000
1  2  174  68  2000
1  2  177  217  2000
1  2  181  212  2000
1  2  185  212  2000
1  2  186  16  2000
1  2  189  139  2000
1  2  193  210  2000
1  2  200  87  2000
1  2  201  74  2000
1  2  204  237  2000
1  2  205  220  2000
1  2  211  61  2000
1  2  214  10  2000
1  2  215  121  2000
1  2  219  244  2000
1  2  220  129  2000
1  2  222  104  2000
1  2  227  226  2000
1  2  229  133  2000
1  2  231  112  2000
1  2  233  85  2000
1  2  236  208  2000
1  2  237  6  2000
1  2  239  106  2000
1  2  240  138  2000
1  2  247  39  2000
1  2  252  17  2000
2  3  2  60  2000
2  3  6  91  2000
2  3  11  106  2000
2  3  12  52  2000
2  3  16  220  2000
2  3  17  11  2000
2  3  21  247  2000
2  3  25  59  2000
2  3  31  173  2000
2  3  44  84  2000
2  3  46  89  2000
2  3  48  27  2000
2  3  55  115  2000
2  3  56  61  2000
2  3  62  189  2000
2  3  66  209  2000
2  3  68  86  2000
2  3  71  169  2000
2  3  74  98  2000
2  3  81  133  2000
2  3  82  32  2000
2  3  83  238  2000
2  3  84  141  2000
2  3  85  244  2000
2  3  86  143  2000
2  3  87  128  2000
2  3  88  254  2000
2  3  95  65  2000
2  3  99  104  2000
2  3  103  175  2000
2  3  108  106  2000
2  3  115  32  2000
2  3  118  8  2000
2  3  119  115  2000
2  3  124  137  2000
2  3  129  118  2000
2  3  131  148  2000
2  3  132  109  2000
2  3  146  103  2000
2  3  150  119  2000
2  3  161  81  2000
2  3  164  206  2000
2  3  166  84  2000
2  3  169  87  2000
2  3  184  145  2000
2  3  186  240  2000
2  3  187  46  2000
2  3  188  72  2000
2  3  192  108  2000
2  3  193  116  2000
2  3  197  51  2000
2  3  201  240  2000
2  3  202  191  2000
2  3  203  25  2000
2  3  206  255  2000
2  3  207  204  2000
2  3  210  32  2000
2  3  211  198  2000
2  3  216  10  2000
2  3  220  59  2000
2  3  221  116  2000
2  3  224  89  2000
2  3  225  219  2000
2  3  226  101  2000
2  3  228  65  2000
2  3  231  77  2000
2  3  233  0  2000
2  3  234  73  2000
2  3  238  150  2000
2  3  239  62  2000
2  3  240  93  2000
2  3  241  84  2000
2  3  246  156  2000
2  3  255  203  2000
0  1  1  25  4000
0  1  2  7  4000
0  1  6  35  4000
0  1  7  2  4000
0  1  12  102  4000
0  1  15  154  4000
0  1  18  234  4000
0  1  21  215  4000
0  1  25  211  4000
0  1  29  112  4000
0  1  33  7  4000
0  1  35  236  4000
0  1  37  152  4000
0  1  39  167  4000
0  1  41  134  4000
0  1  42  101  4000
0  1  45  13  4000
0  1  49  73  4000
0  1  51  96  4000
0  1  58  202  4000
0  1  63  10  4000
0  1  73  150  4000
0  1  74  13  4000
0  1  75  63  4000
0  1  79  236  4000
0  1  91  203  4000
0  1  101  249  4000
0  1  104  31  4000
0  1  112  154  4000
0  1  113  200  4000
0  1  114  49  4000
0  1  115  129  4000
0  1  116  239  4000
0  1  117  55  4000
0  1  131  124  4000
0  1  134  132  4000
0  1  136  2  4000
0  1  145  169  4000
0  1  148  62  4000
0  1  149  51  4000
0  1  152  113  4000
0  1  154  4  4000
0  1  156  178  4000
0  1  158  93  4000
0  1  160  25  4000
0  1  164  138  4000
0  1  168  111  4000
0  1  174  226  4000
0  1  175  253  4000
0  1  186  195  4000
0  1  196  37  4000
0  1  198  232  4000
0  1  199  226  4000
0  1  200  34  4000
0  1  208  69  4000
0  1  215  56  4000
0  1  218  115  4000
0  1  220  156  4000
0  1  227  147  4000
0  1  229  221  4000
0  1  231  255  4000
0  1  232  30  4000
0  1  235  213  4000
0  1  238  43  4000
0  1  240  71  4000
0  1  247  97  4000
0  1  248  81  4000
0  1  249  38  4000
0  1  251  245  4000
0  1  255  204  4000
1  2  0  109  4000
1  2  1  174  4000
1  2  2  24  4000
1  2  8  79  4000
1  2  9  31  4000
1  2  13  185  4000
1  2  18  229  4000
1  2  23  52  4000
1  2  26  238  4000
1  2  29  227  4000
1  2  30  142  4000
1  2  32  188  4000
1  2  36  254  4000
1  2  37  77  4000
1  2  38  158  4000
1  2  39  23  4000
1  2  50  231  4000
1  2  56  155  4000
1  2  58  252  4000
1  2  63  187  4000
1  2  70  144  4000
1  2  72  17  4000
1  2  75  149  4000
1  2  83  230  4000
1  2  91  125  4000
1  2  95  120  4000
1  2  96  213  4000
1  2  97  251  4000
1  2  100  198  4000
1  2  101  232  4000
1  2  103  86  4000
1  2  104  124  4000
1  2  113  195  4000
1  2  118  188  4000
1  2  121  123  4000
1  2  133  56  4000
1  2  134  163  4000
1  2  135  96  4000
1  2  137  218  4000
1  2  141  70  4000
1  2  144  176  4000
1  2  145  179  4000
1  2  157  119  4000
1  2  164  222  4000
1  2  171  208  4000
1  2  173  161  4000
1  2  176  115  4000
1  2  179  59  4000
1  2  184  93  4000
1  2  187  227  4000
1  2  206  96  4000
1  2  210  239  4000
1  2  214  253  4000
1  2  218  69  4000
1  2  222  217  4000
1  2  223  76  4000
1  2  229  70  4000
1  2  235  189  4000
1  2  241  153  4000
1  2  242  33  4000
1  2  243  210  4000
1  2  246  33  4000
1  2  252  90  4000
1  2  253  112  4000
2  3  0  143  4000
2  3  2  162  4000
2  3  4  157  4000
2  3  6  73  4000
2  3  11  118  4000
2  3  15  174  4000
2  3  21  189  4000
2  3  24  71  4000
2  3  28  11  4000
2  3  29  144  4000
2  3  32  189  4000
2  3  34  99  4000
2  3  35  226  4000
2  3  37  200  4000
2  3  47  243  4000
2  3  49  255  4000
2  3  61  245  4000
2  3  72  192  4000
2  3  79  120  4000
2  3  81  70  4000
2  3  91  124  4000
2  3  93  104  4000
2  3  94  53  4000
2  3  96  160  4000
2  3  98  179  4000
2  3  100  194  4000
2  3  101  62  4000
2  3  104  243  4000
2  3  112  40  4000
2  3  114  139  4000
2  3  115  164  4000
2  3  120  179  4000
2  3  122  232  4000
2  3  126  136  4000
2  3  127  193  4000
2  3  128  255  4000
2  3  131  201  4000
2  3  138  212  4000
2  3  140  147  4000
2  3  144  253  4000
2  3  148  144  4000
2  3  152  103  4000
2  3  155  79  4000
2  3  157  111  4000
2  3  159  7  4000
2  3  160  122  4000
2  3  163  253  4000
2  3  168  112  4000
2  3  169  2  4000
2  3  174  168  4000
2  3  180  148  4000
2  3  186  71  4000
2  3  189  151  4000
2  3  190  170  4000
2  3  191  37  4000
2  3  196  150  4000
2  3  198  241  4000
2  3  199  200  4000
2  3  204  153  4000
2  3  216  137  4000
2  3  218  203  4000
2  3  222  106  4000
2  3  227  193  4000
2  3  231  61  4000
2  3  238  247  4000
2  3  241  4  4000
2  3  247  123  4000
2  3  252  177  4000
0  1  0  62  6000
0  1  2  213  6000
0  1  4  177  6000
0  1  7  121  6000
0  1  8  108  6000
0  1  10  230  6000
0  1  11  116  6000
0  1  12  206  6000
0  1  22  141  6000
0  1  25  190  6000
0  1  31  3  6000
0  1  35  116  6000
0  1  36  10  6000
0  1  37  166  6000
0  1  39  226  6000
0  1  41  152  6000
0  1  43  89  6000
0  1  45  158  6000
0  1  54  43  6000
0  1  61  3  6000
0  1  64  107  6000
0  1  65  242  6000
0  1  67  140  6000
0  1  68  124  6000
0  1  69  182  6000
0  1  71  157  6000
0  1  72  62  6000
0  1  80  109  6000
0  1  84  25  6000
0  1  86  15  6000
0  1  89  76  6000
0  1  90  240  6000
0  1  93  92  6000
0  1  94  45  6000
0  1  97  19  6000
0  1  103  155  6000
0  1  105  0  6000
0  1  106  181  6000
0  1  112  224  6000
0  1  113  212  6000
0  1  115  177  6000
0  1  118  248  6000
0  1  120  70  6000
0  1  123  39  6000
0  1  130  70  6000
0  1  134  109  6000
0  1  136  163  6000
0  1  147  223  6000
0  1  149  63  6000
0  1  150  113  6000
0  1  151  212  6000
0  1  161  125  6000
0  1  163  152  6000
0  1  169  169  6000
0  1  175  99  6000
0  1  185  227  6000
0  1  186  213  6000
0  1  190  28  6000
0  1  191  37  6000
0  1  196  193  6000
0  1  202  212  6000
0  1  203  114  6000
0  1  205  153  6000
0  1  213  83  6000
0  1  214  157  6000
0  1  215  98  6000
0  1  221  212  6000
0  1  224  164  6000
0  1  230  43  6000
0  1  231  6  6000
0  1  240  1  6000
0  1  243  163  6000
0  1  244  202  6000
0  1  245  50  6000
0  1  246  87  6000
0  1  247  62  6000
0  1  248  109  6000
0  1  249  179  6000
0  1  253  135  6000
0  1  254  50  6000
0  1  255  67  6000
1  2  3  153  6000
1  2  7  19  6000
1  2  9  4  6000
1  2  12  224  6000
1  2  15  123  6000
1  2  16  143  6000
1  2  24  67  6000
1  2  27  101  6000
1  2  28  116  6000
1  2  29  107  6000
1  2  34  42  6000
1  2  36  54  6000
1  2  39  62  6000
1  2  40  125  6000
1  2  45  242  6000
1  2  46  159  6000
1  2  47  97  6000
1  2  48  201  6000
1  2  56  28  6000
1  2  65  89  6000
1  2  66  24  6000
1  2  68  71  6000
1  2  72  169  6000
1  2  74  155  6000
1  2  76  26  6000
1  2  87  5  6000
1  2  89  221  6000
1  2  92  97  6000
1  2  101  194  6000
1  2  108  132  6000
1  2  109  15  6000
1  2  112  174  6000
1  2  113  174  6000
1  2  114  175  6000
1  2  115  141  6000
1  2  116  208  6000
1  2  117  28  6000
1  2  118  58  6000
1  2  121  116  6000
1  2  122  121  6000
1  2  124  76  6000
1  2  131  215  6000
1  2  135  66  6000
1  2  138  0  6000
1  2  143  254  6000
1  2  146  148  6000
1  2  149  75  6000
1  2  151  241  6000
1  2  153  18  6000
1  2  156  118  6000
1  2  164  128  6000
1  2  167  204  6000
1  2  172  32  6000
1  2  177  8  6000
1  2  178  13  6000
1  2  183  44  6000
1  2  197  231  6000
1  2  200  138  6000
1  2  201  61  6000
1  2  205  104  6000
1  2  214  34  6000
1  2  216  254  6000
1  2  222  23  6000
1  2  224  153  6000
1  2  225  83  6000
1  2  230  173  6000
1  2  232  178  6000
1  2  242  101  6000
1  2  244  118  6000
1  2  254  115  6000
2  3  0  130  6000
2  3  3  238  6000
2  3  4  169  6000
2  3  12  107  6000
2  3  14  19  6000
2  3  16  128  6000
2  3  18  44  6000
2  3  19  189  6000
2  3  21  95  6000
2  3  25  182  6000
2  3  26  225  6000
2  3  34  9  6000
2  3  42  234  6000
2  3  43  221  6000
2  3  44  70  6000
2  3  48  209  6000
2  3  52  73  6000
2  3  53  162  6000
2  3  54  33  6000
2  3  56  119  6000
2  3  60  115  6000
2  3  61  160  6000
2  3  62  25  6000
2  3  65  31  6000
2  3  71  114  6000
2  3  77  122  6000
2  3  80  200  6000
2  3  81  155  6000
2  3  82  240  6000
2  3  90  127  6000
2  3  93  42  6000
2  3  99  88  6000
2  3  101  214  6000
2  3  102  149  6000
2  3  110  103  6000
2  3  115  176  6000
2  3  116  236  6000
2  3  118  159  6000
2  3  121  22  6000
2  3  122  165  6000
2  3  124  19  6000
2  3  133  116  6000
2  3  134  21  6000
2  3  135  148  6000
2  3  137  1  6000
2  3  139  230  6000
2  3  140  206  6000
2  3  143  17  6000
2  3  149  26  6000
2  3  153  185  6000
2  3  158  17  6000
2  3  162  134  6000
2  3  164  39  6000
2  3  169  219  6000
2  3  172  213  6000
2  3  173  136  6000
2  3  175  78  6000
2  3  176  40  6000
2  3  178  15  6000
2  3  181  236  6000
2  3  186  11  6000
2  3  197  145  6000
2  3  198  187  6000
2  3  201  198  6000
2  3  202  122  6000
2  3  203  148  6000
2  3  204  63  6000
2  3  206  108  6000
2  3  207  19  6000
2  3  209  160  6000
2  3  211  167  6000
2  3  213  125  6000
2  3  216  194  6000
2  3  218  46  6000
2  3  219  253  6000
2  3  224  173  6000
2  3  227  218  6000
2  3  230  26  6000
2  3  232  81  6000
2  3  237  223  6000
2  3  246  170  6000
2  3  252  152  6000
0  1  2  191  8000
0  1  4  224  8000
0  1  6  23  8000
0  1  7  237  8000
0  1  8  115  8000
0  1  9  45  8000
0  1  11  61  8000
0  1  14  217  8000
0  1  17  82  8000
0  1  24  7  8000
0  1  26  139  8000
0  1  27  171  8000
0  1  30  66  8000
0  1  33  155  8000
0  1  35  221  8000
0  1  37  54  8000
0  1  38  145  8000
0  1  39  220  8000
0  1  45  86  8000
0  1  49  158  8000
0  1  51  203  8000
0  1  53  86  8000
0  1  56  217  8000
0  1  62  15  8000
0  1  63  107  8000
0  1  64  24  8000
0  1  65  35  8000
0  1  66  80  8000
0  1  67  52  8000
0  1  71  223  8000
0  1  75  132  8000
0  1  79  94  8000
0  1  80  161  8000
0  1  82  240  8000
0  1  83  255  8000
0  1  85  199  8000
0  1  87  80  8000
0  1  94  99  8000
0  1  95  114  8000
0  1  97  58  8000
0  1  99  169  8000
0  1  100  191  8000
0  1  103  55  8000
0  1  106  130  8000
0  1  108  58  8000
0  1  110  119  8000
0  1  114  85  8000
0  1  115  94  8000
0  1  120  21  8000
0  1  122  204  8000
0  1  127  213  8000
0  1  142  45  8000
0  1  146  122  8000
0  1  151  29  8000
0  1  156  156  8000
0  1  161  175  8000
0  1  164  98  8000
0  1  165  62  8000
0  1  166  150  8000
0  1  175  34  8000
0  1  179  144  8000
0  1  184  218  8000
0  1  187  225  8000
0  1  189  243  8000
0  1  196  130  8000
0  1  199  26  8000
0  1  205  50  8000
0  1  206  157  8000
0  1  208  112  8000
0  1  214  206  8000
0  1  218  13  8000
0  1  223  202  8000
0  1  227  195  8000
0  1  232  67  8000
0  1  240  176  8000
0  1  243  28  8000
0  1  245  229  8000
0  1  249  36  8000
0  1  254  233  8000
1  2  0  16  8000
1  2  2  108  8000
1  2  4  79  8000
1  2  10  245  8000
1  2  11  243  8000
1  2  23  10  8000
1  2  28  165  8000
1  2  31  153  8000
1  2  32  118  8000
1  2  36  244  8000
1  2  41  89  8000
1  2  43  134  8000
1  2  44  168  8000
1  2  45  224  8000
1  2  47  237  8000
1  2  48  135  8000
1  2  49  218  8000
1  2  53  202  8000
1  2  55  126  8000
1  2  57  255  8000
1  2  59  55  8000
1  2  64  15  8000
1  2  75  80  8000
1  2  77  129  8000
1  2  78  236  8000
1  2  83  101  8000
1  2  89  198  8000
1  2  93  103  8000
1  2  94  205  8000
1  2  98  255  8000
1  2  100  110  8000
1  2  104  192  8000
1  2  105  123  8000
1  2  106  242  8000
1  2  110  244  8000
1  2  114  253  8000
1  2  115  80  8000
1  2  116  12  8000
1  2  122  176  8000
1  2  125  203  8000
1  2  126  249  8000
1  2  127  174  8000
1  2  129  172  8000
1  2  131  152  8000
1  2  133  63  8000
1  2  134  170  8000
1  2  137  228  8000
1  2  140  236  8000
1  2  143  228  8000
1  2  144  136  8000
1  2  145  162  8000
1  2  147  67  8000
1  2  150  91  8000
1  2  151  125  8000
1  2  155  237  8000
1  2  157  238  8000
1  2  161  211  8000
1  2  163  186  8000
1  2  164  32  8000
1  2  166  47  8000
1  2  170  114  8000
1  2  174  165  8000
1  2  178  46  8000
1  2  183  62  8000
1  2  184  129  8000
1  2  186  185  8000
1  2  188  184  8000
1  2  192  62  8000
1  2  193  123  8000
1  2  205  10  8000
1  2  206  56  8000
1  2  209  135  8000
1  2  218  106  8000
1  2  219  204  8000
1  2  221  68  8000
1  2  223  217  8000
1  2  225  135  8000
1  2  227  121  8000
1  2  231  88  8000
1  2  232  182  8000
1  2  236  182  8000
1  2  237  155  8000
1  2  239  171  8000
1  2  241  223  8000
1  2  242  249  8000
1  2  243  202  8000
1  2  245  55  8000
1  2  247  36  8000
1  2  249  234  8000
2  3  7  107  8000
2  3  10  239  8000
2  3  13  238  8000
2  3  16  21  8000
2  3  17  151  8000
2  3  18  210  8000
2  3  25  48  8000
2  3  26  52  8000
2  3  30  105  8000
2  3  33  112  8000
2  3  36  97  8000
2  3  40  157  8000
2  3  48  93  8000
2  3  49  80  8000
2  3  52  114  8000
2  3  54  22  8000
2  3  58  31  8000
2  3  60  91  8000
2  3  64  183  8000
2  3  68  239  8000
2  3  71  226  8000
2  3  72  184  8000
2  3  73  35  8000
2  3  74  158  8000
2  3  75  182  8000
2  3  78  233  8000
2  3  80  77  8000
2  3  82  229  8000
2  3  86  67  8000
2  3  89  246  8000
2  3  92  130  8000
2  3  114  182  8000
2  3  115  122  8000
2  3  117  246  8000
2  3  131  165  8000
2  3  134  168  8000
2  3  138  183  8000
2  3  139  64  8000
2  3  144  112  8000
2  3  146  205  8000
2  3  151  133  8000
2  3  154  192  8000
2  3  155  70  8000
2  3  156  242  8000
2  3  157  2  8000
2  3  159  48  8000
2  3  160  90  8000
2  3  162  41  8000
2  3  165  145  8000
2  3  167  239  8000
2  3  175  51  8000
2  3  180  161  8000
2  3  181  93  8000
2  3  182  122  8000
2  3  184  182  8000
2  3  188  252  8000
2  3  190  122  8000
2  3  192  177  8000
2  3  194  162  8000
2  3  196  221  8000
2  3  201  152  8000
2  3  202  226  8000
2  3  206  150  8000
2  3  213  88  8000
2  3  215  67  8000
2  3  225  157  8000
2  3  234  156  8000
2  3  235  193  8000
2  3  236  41  8000
2  3  243  60  8000
2  3  245  151  8000
2  3  247  157  8000
2  3  248  51  8000
2  3  251  158  8000
2  3  254  74  8000
0  1  7  18  10000
0  1  11  246  10000
0  1  23  196  10000
0  1  24  40  10000
0  1  25  149  10000
0  1  26  110  10000
0  1  27  247  10000
0  1  29  3  10000
0  1  31  36  10000
0  1  32  91  10000
0  1  34  0  10000
0  1  35  78  10000
0  1  36  191  10000
0  1  38  63  10000
0  1  42  91  10000
0  1  52  26  10000
0  1  55  225  10000
0  1  58  3  10000
0  1  59  173  10000
0  1  60  16  10000
0  1  64  174  10000
0  1  68  217  10000
0  1  71  232  10000
0  1  72  238  10000
0  1  75  43  10000
0  1  77  221  10000
0  1  78  24  10000
0  1  86  186  10000
0  1  89  86  10000
0  1  95  108  10000
0  1  100  50  10000
0  1  101  161  10000
0  1  102  201  10000
0  1  108  86  10000
0  1  118  60  10000
0  1  120  155  10000
0  1  122  160  10000
0  1  123  54  10000
0  1  127  43  10000
0  1  138  154  10000
0  1  139  239  10000
0  1  140  18  10000
0  1  142  30  10000
0  1  147  187  10000
0  1  148  87  10000
0  1  149  201  10000
0  1  152  50  10000
0  1  153  60  10000
0  1  154  158  10000
0  1  155  224  10000
0  1  163  208  10000
0  1  167  78  10000
0  1  170  139  10000
0  1  175  96  10000
0  1  180  240  10000
0  1  182  120  10000
0  1  184  217  10000
0  1  187  79  10000
0  1  191  25  10000
0  1  193  30  10000
0  1  197  26  10000
0  1  198  166  10000
0  1  201  186  10000
0  1  204  89  10000
0  1  206  138  10000
0  1  213  31  10000
0  1  215  15  10000
0  1  216  224  10000
0  1  217  59  10000
0  1  220  90  10000
0  1  225  98  10000
0  1  226  40  10000
0  1  227  21  10000
0  1  228  237  10000
0  1  230  117  10000
0  1  233  118  10000
0  1  239  231  10000
0  1  241  114  10000
0  1  243  93  10000
0  1  247  247  10000
0  1  248  16  10000
0  1  250  133  10000
0  1  255  33  10000
1  2  2  1  10000
1  2  3  233  10000
1  2  9  176  10000
1  2  10  129  10000
1  2  11  13  10000
1  2  14  176  10000
1  2  16  125  10000
1  2  18  134  10000
1  2  21  232  10000
1  2  22  45  10000
1  2  27  86  10000
1  2  28  79  10000
1  2  33  88  10000
1  2  38  240  10000
1  2  44  165  10000
1  2  49  111  10000
1  2  51  120  10000
1  2  53  138  10000
1  2  56  182  10000
1  2  59  150  10000
1  2  61  181  10000
1  2  63  21  10000
1  2  67  253  10000
1  2  69  255  10000
1  2  71  25  10000
1  2  73  156  10000
1  2  74  98  10000
1  2  75  136  10000
1  2  80  148  10000
1  2  83  179  10000
1  2  89  93  10000
1  2  95  100  10000
1  2  100  16  10000
1  2  101  200  10000
1  2  105  122  10000
1  2  111  3  10000
1  2  112  139  10000
1  2  122  231  10000
1  2  126  251  10000
1  2  133  123  10000
1  2  140  86  10000
1  2  142  64  10000
1  2  145  73  10000
1  2  151  79  10000
1  2  154  114  10000
1  2  155  208  10000
1  2  157  114  10000
1  2  158  214  10000
1  2  160  214  10000
1  2  162  49  10000
1  2  171  180  10000
1  2  177  66  10000
1  2  178  3  10000
1  2  182  219  10000
1  2  195  67  10000
1  2  199  144  10000
1  2  201  244  10000
1  2  212  219  10000
1  2  216  99  10000
1  2  221  239  10000
1  2  223  144  10000
1  2  227  33  10000
1  2  230  255  10000
1  2  233  212  10000
1  2  234  66  10000
1  2  235  172  10000
1  2  238  146  10000
1  2  240  207  10000
1  2  253  45  10000
2  3  1  35  10000
2  3  13  19  10000
2  3  22  6  10000
2  3  23  36  10000
2  3  24  119  10000
2  3  30  178  10000
2  3  35  220  10000
2  3  44  46  10000
2  3  47  167  10000
2  3  48  30  10000
2  3  50  120  10000
2  3  61  169  10000
2  3  62  111  10000
2  3  65  133  10000
2  3  66  5  10000
2  3  68  79  10000
2  3  69  247  10000
2  3  70  227  10000
2  3  72  44  10000
2  3  81  231  10000
2  3  87  162  10000
2  3  91  66  10000
2  3  97  28  10000
2  3  98  62  10000
2  3  100  153  10000
2  3  105  240  10000
2  3  106  201  10000
2  3  111  144  10000
2  3  119  128  10000
2  3  127  74  10000
2  3  128  254  10000
2  3  131  95  10000
2  3  132  88  10000
2  3  133  147  10000
2  3  134  203  10000
2  3  135  52  10000
2  3  136  175  10000
2  3  139  108  10000
2  3  140  185  10000
2  3  143  147  10000
2  3  144  245  10000
2  3  147  212  10000
2  3  152  42  10000
2  3  153  96  10000
2  3  155  247  10000
2  3  159  108  10000
2  3  160  91  10000
2  3  163  142  10000
2  3  164  110  10000
2  3  166  86  10000
2  3  169  129  10000
2  3  171  225  10000
2  3  172  122  10000
2  3  174  149  10000
2  3  177  38  10000
2  3  180  63  10000
2  3  187  79  10000
2  3  194  188  10000
2  3  199  218  10000
2  3  202  123  10000
2  3  207  98  10000
2  3  210  82  10000
2  3  212  212  10000
2  3  217  19  10000
2  3  219  164  10000
2  3  223  227  10000
2  3  226  238  10000
2  3  227  68  10000
2  3  228  184  10000
2  3  231  196  10000
2  3  232  37  10000
2  3  235  84  10000
2  3  236  69  10000
2  3  243  177  10000
2  3  248  190  10000
