1 2 46 37 4003 2
1 2 54 36 4003 2
1 2 12 28 4005 2
1 2 5 22 4005 2
1 2 29 45 4005 2
1 2 37 38 4005 2
1 2 61 46 4005 2
1 2 55 62 4005 2
1 2 50 59 4005 2
1 2 33 32 4005 2
1 2 14 21 4007 2
1 2 15 6 4007 2
1 2 22 29 4007 2
1 2 45 15 4007 2
1 2 54 47 4007 2
1 2 55 63 4007 2
1 2 42 40 4007 2
1 2 4 9 4009 2
1 2 17 10 4009 2
1 2 11 4 4009 2
1 2 6 63 4009 2
1 2 28 31 4009 2
1 2 36 30 4009 2
1 2 21 63 4011 2
1 2 44 36 4011 2
1 2 51 46 4011 2
1 2 32 58 4011 2
1 2 56 41 4011 2
1 2 25 9 4013 2
1 2 0 2 4013 2
1 2 2 19 4013 2
1 2 10 4 4013 2
1 2 5 30 4013 2
1 2 27 36 4013 2
1 2 30 60 4013 2
1 2 35 34 4013 2
1 2 1 21 4014 2
1 2 18 45 4015 2
1 2 43 30 4015 2
1 2 30 53 4015 2
1 2 24 58 4015 2
1 2 9 48 4015 2
1 2 48 41 4015 2
1 2 10 17 4015 2
1 2 34 0 4017 2
1 2 19 18 4017 2
1 2 26 55 4017 2
1 2 49 60 4017 2
1 2 2 35 4017 2
1 2 0 33 4017 2
1 2 39 21 4018 2
1 2 39 62 4018 2
1 2 9 3 4019 2
1 2 18 58 4019 2
1 2 40 0 4021 2
1 2 26 9 4021 2
1 2 20 18 4021 2
1 2 51 4 4021 2
1 2 8 6 4021 2
1 2 13 52 4021 2
1 2 27 34 4021 2
1 2 11 25 4021 2
1 2 35 17 4021 2
1 2 45 5 4022 2
1 2 14 3 4023 2
1 2 48 31 4024 2
1 2 52 10 4025 2
1 2 29 34 4025 2
1 2 36 9 4026 2
1 2 53 4 4026 2
1 2 38 13 4026 2
1 2 18 14 4026 2
1 2 19 16 4026 2
1 2 8 19 4027 2
1 2 60 18 4029 2
1 2 39 57 4029 2
1 2 38 32 4029 2
1 2 1 25 4029 2
1 2 16 12 4030 2
1 2 53 11 4031 2
1 2 3 56 4032 2
1 2 22 2 4033 2
1 2 29 32 4033 2
1 2 43 20 4034 2
1 2 8 39 4034 2
1 2 44 27 4035 2
1 2 10 33 4037 2
1 2 9 63 4038 2
1 2 23 16 4038 2
1 2 20 21 4039 2
1 2 14 18 4040 2
1 2 43 32 4041 2
1 2 2 25 4041 2
1 2 23 34 4045 2
1 2 31 26 4045 2
1 2 11 16 4046 2
1 2 44 33 4049 2
1 2 30 26 4049 2
1 2 31 41 4050 2
1 2 42 8 4050 2
1 2 3 34 4053 2
1 2 47 17 4056 2
1 2 6 33 4059 2
1 2 4 56 4060 2
1 2 53 17 4060 2
1 2 12 33 4063 2
1 2 15 26 4063 2
1 2 62 16 4064 2
1 2 51 34 4067 2
1 2 13 25 4067 2
0 2 6 38 4503 2
0 2 38 46 4503 2
0 2 2 11 4505 2
0 2 13 21 4505 2
0 2 29 37 4505 2
0 2 41 57 4505 2
0 2 32 41 4505 2
0 2 17 9 4507 2
0 2 9 2 4507 2
0 2 22 6 4507 2
0 2 4 46 4507 2
0 2 37 45 4507 2
0 2 52 55 4507 2
0 2 44 35 4507 2
0 2 27 19 4509 2
0 2 21 4 4509 2
0 2 20 21 4509 2
0 2 11 7 4509 2
0 2 45 55 4509 2
0 2 25 40 4509 2
0 2 56 33 4509 2
0 2 0 10 4511 2
0 2 22 23 4511 2
0 2 26 36 4511 2
0 2 37 54 4511 2
0 2 54 39 4511 2
0 2 60 7 4511 2
0 2 34 59 4511 2
0 2 43 42 4511 2
0 2 43 48 4511 2
0 2 7 19 4513 2
0 2 36 20 4513 2
0 2 4 21 4513 2
0 2 11 7 4513 2
0 2 10 7 4513 2
0 2 44 38 4513 2
0 2 24 34 4513 2
0 2 17 16 4513 2
0 2 41 40 4514 2
0 2 14 10 4515 2
0 2 21 7 4515 2
0 2 27 22 4515 2
0 2 37 22 4515 2
0 2 49 63 4515 2
0 2 19 42 4515 2
0 2 33 25 4515 2
0 2 18 19 4517 2
0 2 29 20 4517 2
0 2 10 5 4517 2
0 2 10 7 4517 2
0 2 46 47 4517 2
0 2 40 33 4517 2
0 2 35 16 4517 2
0 2 3 55 4518 2
0 2 17 40 4518 2
0 2 20 9 4519 2
0 2 19 2 4519 2
0 2 12 49 4519 2
0 2 8 25 4520 2
0 2 42 19 4521 2
0 2 45 13 4521 2
0 2 8 23 4521 2
0 2 40 47 4521 2
0 2 19 60 4521 2
0 2 36 34 4521 2
0 2 21 17 4521 2
0 2 1 63 4522 2
0 2 45 56 4522 2
0 2 46 41 4522 2
0 2 5 18 4523 2
0 2 51 14 4523 2
0 2 3 26 4524 2
0 2 53 19 4525 2
0 2 61 21 4525 2
0 2 16 48 4525 2
0 2 30 34 4525 2
0 2 57 16 4525 2
0 2 2 31 4526 2
0 2 47 41 4526 2
0 2 50 18 4527 2
0 2 44 14 4527 2
0 2 24 61 4527 2
0 2 46 12 4528 2
0 2 15 60 4528 2
0 2 38 25 4528 2
0 2 0 3 4529 2
0 2 11 5 4529 2
0 2 47 57 4529 2
0 2 0 7 4530 2
0 2 54 9 4531 2
0 2 27 2 4531 2
0 2 53 4 4532 2
0 2 0 7 4532 2
0 2 5 24 4532 2
0 2 12 16 4532 2
0 2 11 3 4533 2
0 2 63 5 4533 2
0 2 55 32 4533 2
0 2 3 54 4534 2
0 2 22 2 4535 2
0 2 7 12 4536 2
0 2 26 25 4536 2
0 2 52 17 4536 2
0 2 6 27 4537 2
0 2 26 13 4537 2
0 2 29 2 4539 2
0 2 55 26 4540 2
0 2 1 19 4541 2
0 2 62 13 4541 2
0 2 10 48 4541 2
0 2 1 41 4543 2
0 2 52 19 4545 2
0 2 25 5 4545 2
0 2 7 32 4545 2
0 2 42 28 4547 2
0 2 20 3 4549 2
0 2 41 5 4549 2
0 2 2 37 4550 2
0 2 13 41 4551 2
0 2 18 3 4553 2
0 2 24 21 4553 2
0 2 30 41 4555 2
0 2 15 0 4556 2
0 2 30 11 4557 2
0 2 12 33 4557 2
0 2 13 24 4558 2
0 2 14 24 4562 2
0 2 2 11 5005 2
0 2 17 9 5007 2
0 2 0 10 5007 2
0 2 11 7 5009 2
0 2 24 34 5009 2
0 2 7 19 5011 2
0 2 14 10 5013 2
0 2 17 16 5013 2
0 2 17 40 5015 2
0 2 20 9 5017 2
0 2 20 3 5017 2
0 2 7 12 5017 2
0 2 10 5 5017 2
0 2 24 61 5019 2
0 2 11 3 5021 2
0 2 11 5 5021 2
0 2 14 24 5023 2
0 2 0 3 5025 2
0 2 24 21 5027 2
0 2 7 32 5029 2
0 2 18 19 5509 2
0 2 1 19 5513 2
0 2 41 5 5525 2
0 2 36 20 6011 2
0 2 35 16 6013 2
0 2 36 34 6015 2
0 2 13 21 6505 2
0 2 9 2 6507 2
0 2 40 33 6509 2
0 2 33 25 6511 2
0 2 26 25 6515 2
0 2 13 24 6525 2
0 2 17 9 7007 2
0 2 17 16 7013 2
1 2 12 28 7505 2
1 2 55 62 7505 2
1 2 33 32 7505 2
1 2 14 21 7507 2
1 2 15 6 7507 2
1 2 55 63 7507 2
1 2 42 40 7507 2
1 2 25 9 7509 2
1 2 19 18 7509 2
1 2 11 4 7509 2
1 2 56 41 7511 2
1 2 4 9 7513 2
1 2 0 2 7513 2
1 2 2 19 7513 2
1 2 35 34 7513 2
1 2 39 21 7515 2
1 2 30 53 7515 2
1 2 9 48 7515 2
1 2 48 41 7515 2
1 2 10 17 7515 2
1 2 34 0 7517 2
1 2 17 10 7517 2
1 2 10 4 7517 2
1 2 8 6 7517 2
1 2 0 33 7517 2
1 2 9 3 7519 2
1 2 19 16 7519 2
1 2 40 0 7521 2
1 2 27 34 7521 2
1 2 11 25 7521 2
1 2 14 3 7523 2
1 2 39 57 7523 2
1 2 35 17 7523 2
1 2 8 19 7527 2
1 2 10 33 7527 2
1 2 42 8 7528 2
1 2 1 25 7529 2
1 2 8 39 7534 2
1 2 11 16 7535 2
1 2 14 18 7536 2
1 2 9 63 7538 2
1 2 3 56 7539 2
1 2 2 25 7541 2
1 2 3 34 7547 2
1 2 15 26 7549 2
1 2 12 33 7559 2
0 2 22 6 7507 2
1 2 13 25 7561 2
0 2 27 19 7509 2
0 2 19 2 7513 2
0 2 42 19 7515 2
0 2 22 2 7519 2
0 2 0 10 8007 2
0 2 21 4 8509 2
0 2 60 7 8511 2
0 2 5 18 8513 2
0 2 21 17 8517 2
0 2 46 12 8521 2
0 2 17 9 9007 2
0 2 9 2 9007 2
0 2 7 19 9011 2
0 2 33 25 9011 2
0 2 14 10 9013 2
0 2 7 12 9017 2
0 2 13 21 10505 2
0 2 40 33 10509 2
1 2 12 28 11005 2
1 2 14 21 11007 2
1 2 56 41 11007 2
1 2 4 9 11009 2
1 2 19 18 11009 2
1 2 11 4 11009 2
1 2 42 40 11011 2
1 2 39 21 11015 2
1 2 30 53 11015 2
1 2 48 41 11015 2
1 2 0 33 11015 2
1 2 10 17 11015 2
1 2 10 4 11017 2
1 2 8 6 11017 2
1 2 9 3 11019 2
1 2 40 0 11021 2
1 2 11 25 11021 2
1 2 8 19 11023 2
1 2 39 57 11023 2
1 2 10 33 11031 2
0 2 5 18 12513 2
