3 0 14 45 4503 2
3 0 22 46 4503 2
3 0 46 47 4503 2
3 0 53 45 4505 2
3 0 4 31 4507 2
3 0 13 63 4507 2
3 0 21 63 4507 2
3 0 30 63 4507 2
3 0 46 54 4507 2
3 0 60 55 4507 2
3 0 37 53 4507 2
3 0 32 56 4507 2
3 0 48 33 4507 2
3 0 1 27 4509 2
3 0 35 46 4509 2
3 0 52 37 4509 2
3 0 44 42 4509 2
3 0 33 17 4509 2
3 0 11 18 4511 2
3 0 2 6 4511 2
3 0 6 30 4511 2
3 0 14 7 4511 2
3 0 22 47 4511 2
3 0 45 63 4511 2
3 0 61 38 4511 2
3 0 28 43 4511 2
3 0 50 56 4511 2
3 0 19 11 4513 2
3 0 36 45 4513 2
3 0 51 63 4513 2
3 0 23 62 4513 2
3 0 36 58 4513 2
3 0 3 17 4513 2
3 0 18 9 4515 2
3 0 17 2 4515 2
3 0 15 28 4515 2
3 0 11 6 4515 2
3 0 12 47 4515 2
3 0 60 38 4515 2
3 0 30 63 4515 2
3 0 18 43 4515 2
3 0 17 56 4515 2
3 0 43 41 4515 2
3 0 19 24 4515 2
3 0 14 7 4516 2
3 0 9 11 4517 2
3 0 43 13 4517 2
3 0 26 22 4517 2
3 0 20 17 4517 2
3 0 48 0 4519 2
3 0 58 1 4519 2
3 0 49 10 4519 2
3 0 38 28 4519 2
3 0 21 14 4519 2
3 0 0 46 4519 2
3 0 10 7 4519 2
3 0 34 53 4519 2
3 0 54 40 4519 2
3 0 29 33 4519 2
3 0 6 27 4521 2
3 0 25 54 4521 2
3 0 33 36 4521 2
3 0 57 0 4523 2
3 0 58 9 4523 2
3 0 24 10 4523 2
3 0 30 20 4523 2
3 0 27 14 4523 2
3 0 52 53 4523 2
3 0 38 52 4523 2
3 0 35 40 4523 2
3 0 63 13 4524 2
3 0 29 24 4524 2
3 0 50 11 4525 2
2 0 4 11 4505 2
3 0 40 2 4527 2
3 0 55 20 4527 2
3 0 28 14 4527 2
3 0 1 30 4527 2
3 0 32 44 4527 2
3 0 37 41 4527 2
2 0 21 38 4509 2
3 0 3 24 4528 2
3 0 39 11 4529 2
2 0 9 10 4511 2
2 0 4 6 4511 2
2 0 34 15 4511 2
2 0 32 48 4511 2
2 0 18 34 4511 2
3 0 45 2 4531 2
3 0 9 20 4531 2
3 0 8 6 4531 2
3 0 8 52 4531 2
3 0 47 16 4531 2
2 0 25 1 4513 2
2 0 25 29 4513 2
2 0 34 25 4513 2
3 0 53 3 4533 2
3 0 7 0 4534 2
2 0 33 31 4515 2
2 0 18 32 4515 2
3 0 39 18 4535 2
3 0 51 6 4535 2
3 0 31 16 4536 2
2 0 17 6 4517 2
2 0 21 24 4517 2
3 0 10 14 4539 2
2 0 16 45 4519 2
2 0 32 19 4521 2
2 0 33 54 4523 2
2 0 9 62 4523 2
2 0 17 23 4525 2
2 0 16 61 4527 2
2 0 63 16 4527 2
2 0 5 55 5005 2
2 0 60 22 5007 2
2 0 48 42 5007 2
2 0 40 41 5007 2
2 0 21 38 5009 2
2 0 13 18 5011 2
2 0 13 28 5011 2
2 0 40 8 5011 2
2 0 25 1 5013 2
2 0 3 36 5013 2
2 0 19 46 5013 2
2 0 25 29 5013 2
2 0 19 58 5013 2
2 0 26 16 5013 2
2 0 10 35 5015 2
2 0 7 20 5017 2
2 0 2 37 5017 2
2 0 26 54 5017 2
2 0 2 41 5017 2
2 0 21 24 5017 2
2 0 55 35 5019 2
2 0 41 0 5021 2
2 0 41 25 5021 2
2 0 5 43 5023 2
2 0 10 26 5025 2
2 0 7 17 5026 2
2 0 48 12 5027 2
2 0 3 25 5029 2
2 0 60 17 5030 2
2 0 9 10 6011 2
2 0 12 47 6011 2
2 0 34 15 6011 2
2 0 12 52 6013 2
2 0 11 26 6013 2
2 0 34 25 6017 2
2 0 11 57 6021 2
2 0 9 62 6025 2
3 0 6 30 8507 2
3 0 30 63 8507 2
3 0 60 55 8507 2
3 0 48 33 8507 2
3 0 1 27 8509 2
3 0 35 46 8509 2
3 0 33 17 8509 2
3 0 11 18 8511 2
3 0 60 38 8511 2
3 0 19 11 8513 2
3 0 23 62 8513 2
3 0 3 17 8513 2
3 0 18 9 8515 2
3 0 17 2 8515 2
3 0 38 28 8515 2
3 0 27 14 8515 2
3 0 9 11 8517 2
3 0 26 22 8517 2
3 0 20 17 8517 2
3 0 48 0 8519 2
3 0 58 1 8519 2
3 0 49 10 8519 2
3 0 30 20 8519 2
3 0 28 14 8519 2
3 0 6 27 8521 2
3 0 25 54 8521 2
3 0 58 9 8523 2
3 0 24 10 8523 2
3 0 50 11 8525 2
3 0 55 20 8527 2
3 0 39 11 8529 2
3 0 53 3 8533 2
3 0 7 0 8534 2
3 0 30 63 12507 2
3 0 48 33 12507 2
3 0 1 27 12509 2
3 0 33 17 12509 2
3 0 19 11 12513 2
3 0 23 62 12513 2
3 0 18 9 12515 2
3 0 38 28 12515 2
3 0 49 10 12517 2
3 0 48 0 12519 2
3 0 58 1 12519 2
3 0 58 9 12523 2
