# src_chip  dst_chip  src_pe  dst_pe  inject_cycle
# 565 entries, 4 chips x 256 PE, 5 timesteps
# seed=56, sparsity=0.15, interval=2000
0  1  9  130  2000
0  1  17  79  2000
0  1  20  100  2000
0  1  24  32  2000
0  1  33  188  2000
0  1  34  0  2000
0  1  36  255  2000
0  1  43  108  2000
0  1  47  154  2000
0  1  48  128  2000
0  1  51  149  2000
0  1  55  147  2000
0  1  63  210  2000
0  1  64  84  2000
0  1  70  19  2000
0  1  73  68  2000
0  1  74  76  2000
0  1  85  160  2000
0  1  86  67  2000
0  1  89  118  2000
0  1  96  41  2000
0  1  99  219  2000
0  1  103  192  2000
0  1  115  184  2000
0  1  126  69  2000
0  1  134  113  2000
0  1  137  86  2000
0  1  157  241  2000
0  1  163  207  2000
0  1  169  250  2000
0  1  170  184  2000
0  1  172  162  2000
0  1  193  186  2000
0  1  194  67  2000
0  1  195  143  2000
0  1  198  38  2000
0  1  223  82  2000
0  1  226  46  2000
0  1  229  80  2000
0  1  236  149  2000
0  1  240  91  2000
0  1  243  159  2000
0  1  244  9  2000
0  1  247  93  2000
1  2  5  105  2000
1  2  8  83  2000
1  2  9  0  2000
1  2  13  2  2000
1  2  15  139  2000
1  2  17  4  2000
1  2  18  130  2000
1  2  22  99  2000
1  2  26  38  2000
1  2  38  133  2000
1  2  40  68  2000
1  2  41  154  2000
1  2  60  218  2000
1  2  61  230  2000
1  2  77  173  2000
1  2  90  76  2000
1  2  93  38  2000
1  2  99  162  2000
1  2  104  246  2000
1  2  121  139  2000
1  2  131  158  2000
1  2  145  208  2000
1  2  157  166  2000
1  2  165  38  2000
1  2  171  197  2000
1  2  178  224  2000
1  2  181  171  2000
1  2  200  120  2000
1  2  206  183  2000
1  2  211  163  2000
1  2  221  146  2000
1  2  223  84  2000
1  2  242  157  2000
1  2  244  116  2000
1  2  246  20  2000
1  2  248  238  2000
2  3  3  179  2000
2  3  7  114  2000
2  3  11  59  2000
2  3  13  150  2000
2  3  14  226  2000
2  3  25  199  2000
2  3  27  37  2000
2  3  35  22  2000
2  3  41  84  2000
2  3  46  125  2000
2  3  65  180  2000
2  3  66  245  2000
2  3  69  190  2000
2  3  72  213  2000
2  3  77  51  2000
2  3  84  72  2000
2  3  91  13  2000
2  3  105  42  2000
2  3  112  227  2000
2  3  121  244  2000
2  3  129  162  2000
2  3  132  158  2000
2  3  134  104  2000
2  3  143  134  2000
2  3  147  56  2000
2  3  148  183  2000
2  3  154  158  2000
2  3  157  28  2000
2  3  161  67  2000
2  3  165  135  2000
2  3  172  172  2000
2  3  173  81  2000
2  3  175  175  2000
2  3  187  248  2000
2  3  207  110  2000
2  3  211  42  2000
2  3  217  58  2000
2  3  228  134  2000
2  3  229  138  2000
2  3  234  4  2000
2  3  242  125  2000
2  3  247  9  2000
2  3  250  201  2000
0  1  2  112  4000
0  1  10  33  4000
0  1  13  62  4000
0  1  29  76  4000
0  1  35  126  4000
0  1  38  11  4000
0  1  47  14  4000
0  1  56  226  4000
0  1  66  215  4000
0  1  90  169  4000
0  1  97  68  4000
0  1  108  89  4000
0  1  110  198  4000
0  1  115  70  4000
0  1  116  185  4000
0  1  123  105  4000
0  1  139  250  4000
0  1  142  204  4000
0  1  147  203  4000
0  1  149  124  4000
0  1  157  160  4000
0  1  163  163  4000
0  1  172  86  4000
0  1  198  241  4000
0  1  206  90  4000
0  1  210  37  4000
0  1  220  69  4000
0  1  233  27  4000
0  1  234  4  4000
0  1  236  182  4000
0  1  239  154  4000
1  2  5  177  4000
1  2  10  123  4000
1  2  11  199  4000
1  2  19  154  4000
1  2  31  126  4000
1  2  36  104  4000
1  2  44  42  4000
1  2  52  111  4000
1  2  59  114  4000
1  2  64  134  4000
1  2  66  45  4000
1  2  73  253  4000
1  2  77  128  4000
1  2  80  222  4000
1  2  103  93  4000
1  2  108  210  4000
1  2  112  213  4000
1  2  117  107  4000
1  2  130  20  4000
1  2  132  223  4000
1  2  138  93  4000
1  2  156  203  4000
1  2  159  224  4000
1  2  160  81  4000
1  2  161  211  4000
1  2  167  244  4000
1  2  169  109  4000
1  2  172  9  4000
1  2  174  24  4000
1  2  179  112  4000
1  2  181  218  4000
1  2  185  83  4000
1  2  191  237  4000
1  2  195  207  4000
1  2  203  52  4000
1  2  211  187  4000
1  2  216  183  4000
1  2  218  81  4000
1  2  242  232  4000
1  2  250  103  4000
2  3  19  111  4000
2  3  32  3  4000
2  3  35  85  4000
2  3  45  81  4000
2  3  47  167  4000
2  3  49  59  4000
2  3  53  196  4000
2  3  60  242  4000
2  3  63  88  4000
2  3  65  8  4000
2  3  66  220  4000
2  3  68  207  4000
2  3  77  49  4000
2  3  78  50  4000
2  3  79  153  4000
2  3  92  244  4000
2  3  93  214  4000
2  3  98  150  4000
2  3  101  36  4000
2  3  102  66  4000
2  3  117  36  4000
2  3  123  24  4000
2  3  125  89  4000
2  3  138  178  4000
2  3  143  34  4000
2  3  161  205  4000
2  3  168  77  4000
2  3  173  13  4000
2  3  174  106  4000
2  3  175  78  4000
2  3  185  109  4000
2  3  187  52  4000
2  3  194  109  4000
2  3  197  186  4000
2  3  199  45  4000
2  3  200  141  4000
2  3  205  37  4000
2  3  210  64  4000
2  3  220  100  4000
2  3  224  249  4000
2  3  236  55  4000
2  3  237  33  4000
2  3  238  92  4000
2  3  240  194  4000
2  3  244  28  4000
2  3  249  10  4000
0  1  0  243  6000
0  1  3  167  6000
0  1  6  204  6000
0  1  16  164  6000
0  1  24  61  6000
0  1  35  166  6000
0  1  37  133  6000
0  1  42  67  6000
0  1  77  60  6000
0  1  80  165  6000
0  1  103  160  6000
0  1  104  122  6000
0  1  110  149  6000
0  1  128  19  6000
0  1  133  153  6000
0  1  155  240  6000
0  1  165  88  6000
0  1  167  199  6000
0  1  173  161  6000
0  1  176  107  6000
0  1  177  123  6000
0  1  180  211  6000
0  1  181  93  6000
0  1  184  65  6000
0  1  186  225  6000
0  1  191  161  6000
0  1  203  71  6000
0  1  204  78  6000
0  1  218  228  6000
0  1  219  193  6000
0  1  225  179  6000
0  1  235  98  6000
0  1  240  8  6000
0  1  241  198  6000
0  1  250  230  6000
1  2  4  43  6000
1  2  17  19  6000
1  2  19  231  6000
1  2  28  42  6000
1  2  40  203  6000
1  2  46  133  6000
1  2  52  156  6000
1  2  68  44  6000
1  2  83  180  6000
1  2  86  190  6000
1  2  90  191  6000
1  2  98  50  6000
1  2  99  185  6000
1  2  101  157  6000
1  2  103  50  6000
1  2  105  125  6000
1  2  110  48  6000
1  2  113  250  6000
1  2  127  182  6000
1  2  132  124  6000
1  2  139  94  6000
1  2  156  142  6000
1  2  163  32  6000
1  2  168  145  6000
1  2  173  127  6000
1  2  201  245  6000
1  2  220  224  6000
1  2  223  190  6000
1  2  232  96  6000
1  2  241  68  6000
1  2  245  21  6000
1  2  251  244  6000
1  2  252  176  6000
1  2  254  76  6000
2  3  2  40  6000
2  3  9  74  6000
2  3  10  65  6000
2  3  12  175  6000
2  3  15  69  6000
2  3  31  31  6000
2  3  43  140  6000
2  3  45  255  6000
2  3  52  25  6000
2  3  66  161  6000
2  3  70  245  6000
2  3  75  110  6000
2  3  78  100  6000
2  3  90  193  6000
2  3  95  171  6000
2  3  101  63  6000
2  3  104  233  6000
2  3  105  31  6000
2  3  117  197  6000
2  3  124  125  6000
2  3  125  226  6000
2  3  126  197  6000
2  3  127  151  6000
2  3  142  94  6000
2  3  149  38  6000
2  3  151  177  6000
2  3  158  218  6000
2  3  168  91  6000
2  3  174  77  6000
2  3  176  125  6000
2  3  185  155  6000
2  3  189  194  6000
2  3  191  97  6000
2  3  213  166  6000
2  3  219  152  6000
2  3  221  102  6000
2  3  235  70  6000
2  3  238  19  6000
2  3  243  249  6000
2  3  247  134  6000
0  1  5  245  8000
0  1  9  217  8000
0  1  18  232  8000
0  1  23  255  8000
0  1  27  221  8000
0  1  29  22  8000
0  1  30  22  8000
0  1  39  60  8000
0  1  41  255  8000
0  1  49  8  8000
0  1  64  39  8000
0  1  67  149  8000
0  1  71  64  8000
0  1  78  60  8000
0  1  83  71  8000
0  1  100  211  8000
0  1  101  51  8000
0  1  103  115  8000
0  1  112  188  8000
0  1  119  222  8000
0  1  121  167  8000
0  1  125  151  8000
0  1  131  163  8000
0  1  134  22  8000
0  1  141  76  8000
0  1  144  138  8000
0  1  148  111  8000
0  1  149  227  8000
0  1  150  74  8000
0  1  151  35  8000
0  1  158  170  8000
0  1  163  126  8000
0  1  167  177  8000
0  1  170  184  8000
0  1  175  63  8000
0  1  187  30  8000
0  1  205  145  8000
0  1  206  167  8000
0  1  217  227  8000
0  1  226  132  8000
0  1  227  67  8000
0  1  243  67  8000
0  1  249  137  8000
0  1  251  174  8000
1  2  7  122  8000
1  2  10  164  8000
1  2  12  74  8000
1  2  14  45  8000
1  2  15  230  8000
1  2  39  196  8000
1  2  40  138  8000
1  2  42  26  8000
1  2  69  114  8000
1  2  72  116  8000
1  2  78  7  8000
1  2  80  28  8000
1  2  89  243  8000
1  2  93  23  8000
1  2  95  59  8000
1  2  140  128  8000
1  2  155  173  8000
1  2  162  55  8000
1  2  182  65  8000
1  2  186  186  8000
1  2  194  133  8000
1  2  205  43  8000
1  2  220  39  8000
1  2  225  72  8000
1  2  236  215  8000
1  2  238  219  8000
1  2  249  211  8000
2  3  19  3  8000
2  3  29  233  8000
2  3  32  78  8000
2  3  42  124  8000
2  3  53  92  8000
2  3  61  239  8000
2  3  66  134  8000
2  3  71  29  8000
2  3  76  105  8000
2  3  85  106  8000
2  3  86  172  8000
2  3  93  149  8000
2  3  99  119  8000
2  3  106  181  8000
2  3  125  102  8000
2  3  129  191  8000
2  3  145  92  8000
2  3  154  27  8000
2  3  156  109  8000
2  3  158  44  8000
2  3  162  201  8000
2  3  165  182  8000
2  3  168  93  8000
2  3  172  24  8000
2  3  175  132  8000
2  3  177  31  8000
2  3  189  252  8000
2  3  190  180  8000
2  3  203  27  8000
2  3  205  73  8000
2  3  208  62  8000
2  3  209  111  8000
2  3  217  1  8000
2  3  227  76  8000
2  3  228  98  8000
2  3  229  177  8000
2  3  234  140  8000
2  3  239  249  8000
2  3  244  16  8000
2  3  253  218  8000
0  1  5  101  10000
0  1  16  128  10000
0  1  18  15  10000
0  1  21  189  10000
0  1  27  102  10000
0  1  37  87  10000
0  1  47  84  10000
0  1  49  147  10000
0  1  57  22  10000
0  1  68  201  10000
0  1  72  126  10000
0  1  77  253  10000
0  1  78  149  10000
0  1  79  120  10000
0  1  84  180  10000
0  1  87  175  10000
0  1  89  176  10000
0  1  107  99  10000
0  1  116  38  10000
0  1  125  79  10000
0  1  147  37  10000
0  1  148  82  10000
0  1  150  143  10000
0  1  153  146  10000
0  1  158  157  10000
0  1  177  255  10000
0  1  187  210  10000
0  1  190  187  10000
0  1  195  161  10000
0  1  200  146  10000
0  1  202  175  10000
0  1  211  92  10000
0  1  224  210  10000
0  1  225  82  10000
0  1  246  91  10000
1  2  1  87  10000
1  2  8  101  10000
1  2  22  114  10000
1  2  39  211  10000
1  2  61  92  10000
1  2  67  130  10000
1  2  68  16  10000
1  2  80  104  10000
1  2  82  136  10000
1  2  83  92  10000
1  2  87  194  10000
1  2  88  203  10000
1  2  92  236  10000
1  2  101  218  10000
1  2  112  127  10000
1  2  120  147  10000
1  2  128  74  10000
1  2  138  248  10000
1  2  147  162  10000
1  2  158  27  10000
1  2  167  122  10000
1  2  182  1  10000
1  2  187  21  10000
1  2  193  190  10000
1  2  198  131  10000
1  2  201  112  10000
1  2  209  25  10000
1  2  218  248  10000
1  2  225  65  10000
1  2  226  172  10000
1  2  234  135  10000
1  2  236  195  10000
1  2  239  85  10000
1  2  248  192  10000
1  2  250  248  10000
2  3  12  94  10000
2  3  29  234  10000
2  3  30  99  10000
2  3  33  113  10000
2  3  48  136  10000
2  3  49  206  10000
2  3  52  238  10000
2  3  71  102  10000
2  3  72  119  10000
2  3  77  21  10000
2  3  81  200  10000
2  3  86  170  10000
2  3  87  133  10000
2  3  106  138  10000
2  3  117  252  10000
2  3  121  24  10000
2  3  126  248  10000
2  3  148  238  10000
2  3  161  80  10000
2  3  162  200  10000
2  3  163  63  10000
2  3  167  197  10000
2  3  169  106  10000
2  3  171  174  10000
2  3  173  62  10000
2  3  178  31  10000
2  3  181  137  10000
2  3  182  77  10000
2  3  184  252  10000
2  3  191  94  10000
2  3  194  103  10000
2  3  199  27  10000
2  3  236  49  10000
2  3  239  201  10000
2  3  253  85  10000
