# src_chip  dst_chip  src_pe  dst_pe  inject_cycle
# 582 entries, 4 chips x 256 PE, 5 timesteps
# seed=55, sparsity=0.15, interval=2000
0  1  0  100  2000
0  1  1  154  2000
0  1  17  118  2000
0  1  19  237  2000
0  1  21  118  2000
0  1  22  219  2000
0  1  28  210  2000
0  1  38  212  2000
0  1  44  28  2000
0  1  49  212  2000
0  1  52  134  2000
0  1  54  114  2000
0  1  59  121  2000
0  1  67  102  2000
0  1  83  50  2000
0  1  89  100  2000
0  1  93  113  2000
0  1  99  224  2000
0  1  106  69  2000
0  1  108  28  2000
0  1  121  182  2000
0  1  128  146  2000
0  1  137  54  2000
0  1  139  154  2000
0  1  140  88  2000
0  1  143  228  2000
0  1  145  195  2000
0  1  146  73  2000
0  1  151  31  2000
0  1  152  53  2000
0  1  161  95  2000
0  1  162  172  2000
0  1  165  67  2000
0  1  171  24  2000
0  1  180  179  2000
0  1  184  167  2000
0  1  185  195  2000
0  1  189  131  2000
0  1  195  191  2000
0  1  196  241  2000
0  1  197  105  2000
0  1  209  159  2000
0  1  212  141  2000
0  1  213  73  2000
0  1  217  148  2000
0  1  218  229  2000
0  1  222  181  2000
0  1  234  152  2000
0  1  236  168  2000
1  2  11  110  2000
1  2  13  148  2000
1  2  18  101  2000
1  2  21  131  2000
1  2  35  91  2000
1  2  62  148  2000
1  2  66  193  2000
1  2  71  0  2000
1  2  79  19  2000
1  2  85  143  2000
1  2  92  89  2000
1  2  98  105  2000
1  2  100  26  2000
1  2  106  158  2000
1  2  107  93  2000
1  2  111  99  2000
1  2  119  148  2000
1  2  126  193  2000
1  2  128  252  2000
1  2  129  242  2000
1  2  131  113  2000
1  2  133  194  2000
1  2  138  117  2000
1  2  148  75  2000
1  2  151  218  2000
1  2  152  87  2000
1  2  160  10  2000
1  2  172  54  2000
1  2  175  240  2000
1  2  185  5  2000
1  2  216  195  2000
1  2  218  21  2000
1  2  222  113  2000
1  2  223  182  2000
1  2  227  225  2000
1  2  231  111  2000
1  2  249  196  2000
1  2  251  29  2000
1  2  252  166  2000
2  3  1  106  2000
2  3  15  185  2000
2  3  37  67  2000
2  3  38  92  2000
2  3  48  109  2000
2  3  52  254  2000
2  3  57  93  2000
2  3  59  108  2000
2  3  62  121  2000
2  3  65  118  2000
2  3  71  188  2000
2  3  75  207  2000
2  3  89  214  2000
2  3  93  253  2000
2  3  97  95  2000
2  3  101  24  2000
2  3  108  16  2000
2  3  112  233  2000
2  3  113  110  2000
2  3  116  115  2000
2  3  122  229  2000
2  3  123  210  2000
2  3  144  99  2000
2  3  145  180  2000
2  3  157  61  2000
2  3  166  71  2000
2  3  200  30  2000
2  3  201  218  2000
2  3  206  70  2000
2  3  232  253  2000
2  3  247  4  2000
2  3  254  107  2000
0  1  1  57  4000
0  1  7  136  4000
0  1  13  97  4000
0  1  14  188  4000
0  1  26  197  4000
0  1  28  42  4000
0  1  29  104  4000
0  1  64  205  4000
0  1  66  31  4000
0  1  67  84  4000
0  1  71  134  4000
0  1  72  130  4000
0  1  73  15  4000
0  1  90  108  4000
0  1  110  187  4000
0  1  126  186  4000
0  1  128  184  4000
0  1  130  169  4000
0  1  131  184  4000
0  1  146  211  4000
0  1  159  69  4000
0  1  162  192  4000
0  1  173  180  4000
0  1  175  89  4000
0  1  214  95  4000
0  1  223  254  4000
0  1  224  38  4000
0  1  226  32  4000
0  1  235  230  4000
0  1  250  227  4000
1  2  0  33  4000
1  2  5  159  4000
1  2  8  172  4000
1  2  9  38  4000
1  2  26  135  4000
1  2  27  78  4000
1  2  33  108  4000
1  2  40  105  4000
1  2  44  205  4000
1  2  61  88  4000
1  2  63  62  4000
1  2  75  198  4000
1  2  81  61  4000
1  2  95  53  4000
1  2  118  133  4000
1  2  121  146  4000
1  2  125  2  4000
1  2  130  81  4000
1  2  147  115  4000
1  2  151  197  4000
1  2  152  161  4000
1  2  156  90  4000
1  2  167  113  4000
1  2  177  151  4000
1  2  185  15  4000
1  2  186  193  4000
1  2  189  57  4000
1  2  198  253  4000
1  2  200  132  4000
1  2  207  252  4000
1  2  214  198  4000
1  2  217  125  4000
1  2  218  83  4000
1  2  222  240  4000
1  2  229  235  4000
1  2  244  51  4000
1  2  252  211  4000
2  3  1  91  4000
2  3  22  227  4000
2  3  23  19  4000
2  3  31  254  4000
2  3  35  121  4000
2  3  37  212  4000
2  3  40  158  4000
2  3  50  60  4000
2  3  69  112  4000
2  3  72  188  4000
2  3  73  142  4000
2  3  75  240  4000
2  3  79  91  4000
2  3  86  221  4000
2  3  90  63  4000
2  3  102  223  4000
2  3  103  155  4000
2  3  104  93  4000
2  3  106  226  4000
2  3  109  171  4000
2  3  124  132  4000
2  3  126  52  4000
2  3  127  23  4000
2  3  137  122  4000
2  3  163  110  4000
2  3  164  41  4000
2  3  180  125  4000
2  3  181  232  4000
2  3  185  76  4000
2  3  188  190  4000
2  3  189  102  4000
2  3  199  45  4000
2  3  201  184  4000
2  3  203  193  4000
2  3  209  55  4000
2  3  212  251  4000
2  3  214  43  4000
2  3  215  222  4000
2  3  222  44  4000
2  3  224  143  4000
2  3  241  176  4000
2  3  244  222  4000
2  3  247  245  4000
0  1  4  159  6000
0  1  6  60  6000
0  1  9  18  6000
0  1  17  138  6000
0  1  37  239  6000
0  1  41  81  6000
0  1  44  94  6000
0  1  51  133  6000
0  1  52  125  6000
0  1  62  224  6000
0  1  79  57  6000
0  1  82  227  6000
0  1  93  252  6000
0  1  95  139  6000
0  1  108  146  6000
0  1  109  101  6000
0  1  111  33  6000
0  1  115  117  6000
0  1  131  103  6000
0  1  158  204  6000
0  1  173  87  6000
0  1  203  105  6000
0  1  207  140  6000
0  1  226  77  6000
0  1  233  214  6000
0  1  239  111  6000
0  1  240  82  6000
0  1  244  156  6000
0  1  245  26  6000
0  1  246  95  6000
1  2  6  81  6000
1  2  10  232  6000
1  2  11  248  6000
1  2  19  46  6000
1  2  21  12  6000
1  2  26  179  6000
1  2  27  39  6000
1  2  38  98  6000
1  2  44  163  6000
1  2  47  245  6000
1  2  53  170  6000
1  2  65  81  6000
1  2  72  230  6000
1  2  79  145  6000
1  2  85  199  6000
1  2  88  154  6000
1  2  92  176  6000
1  2  102  26  6000
1  2  126  181  6000
1  2  135  160  6000
1  2  140  207  6000
1  2  142  83  6000
1  2  143  33  6000
1  2  153  233  6000
1  2  166  113  6000
1  2  192  184  6000
1  2  224  124  6000
1  2  230  145  6000
1  2  244  40  6000
1  2  247  233  6000
1  2  254  36  6000
2  3  2  90  6000
2  3  5  107  6000
2  3  11  54  6000
2  3  21  47  6000
2  3  37  40  6000
2  3  41  20  6000
2  3  52  141  6000
2  3  59  139  6000
2  3  61  227  6000
2  3  64  178  6000
2  3  71  236  6000
2  3  73  53  6000
2  3  76  79  6000
2  3  78  218  6000
2  3  84  20  6000
2  3  89  37  6000
2  3  91  148  6000
2  3  95  152  6000
2  3  98  106  6000
2  3  111  175  6000
2  3  114  255  6000
2  3  117  98  6000
2  3  118  209  6000
2  3  122  117  6000
2  3  127  210  6000
2  3  130  70  6000
2  3  144  227  6000
2  3  156  158  6000
2  3  159  134  6000
2  3  160  26  6000
2  3  162  0  6000
2  3  166  124  6000
2  3  171  216  6000
2  3  178  102  6000
2  3  181  44  6000
2  3  182  45  6000
2  3  188  202  6000
2  3  189  145  6000
2  3  197  14  6000
2  3  205  61  6000
2  3  218  176  6000
2  3  219  166  6000
2  3  223  104  6000
2  3  226  45  6000
2  3  235  218  6000
2  3  236  107  6000
2  3  246  58  6000
2  3  247  132  6000
2  3  248  143  6000
0  1  9  207  8000
0  1  12  21  8000
0  1  20  19  8000
0  1  24  160  8000
0  1  43  106  8000
0  1  44  254  8000
0  1  47  145  8000
0  1  56  60  8000
0  1  70  117  8000
0  1  75  244  8000
0  1  78  198  8000
0  1  80  51  8000
0  1  92  248  8000
0  1  100  229  8000
0  1  106  111  8000
0  1  111  173  8000
0  1  114  119  8000
0  1  118  1  8000
0  1  127  9  8000
0  1  133  112  8000
0  1  138  7  8000
0  1  142  164  8000
0  1  150  22  8000
0  1  162  120  8000
0  1  171  122  8000
0  1  184  42  8000
0  1  186  8  8000
0  1  198  218  8000
0  1  200  42  8000
0  1  207  195  8000
0  1  211  176  8000
0  1  217  153  8000
0  1  222  1  8000
0  1  223  118  8000
0  1  226  179  8000
0  1  233  163  8000
0  1  236  121  8000
0  1  238  59  8000
0  1  239  79  8000
0  1  243  141  8000
0  1  246  79  8000
0  1  247  104  8000
1  2  11  210  8000
1  2  21  168  8000
1  2  26  102  8000
1  2  34  196  8000
1  2  39  194  8000
1  2  44  90  8000
1  2  58  148  8000
1  2  59  191  8000
1  2  64  104  8000
1  2  66  133  8000
1  2  73  59  8000
1  2  74  143  8000
1  2  97  58  8000
1  2  98  205  8000
1  2  109  78  8000
1  2  115  134  8000
1  2  134  37  8000
1  2  147  221  8000
1  2  154  63  8000
1  2  155  110  8000
1  2  162  166  8000
1  2  172  150  8000
1  2  173  207  8000
1  2  177  110  8000
1  2  184  128  8000
1  2  185  146  8000
1  2  188  55  8000
1  2  207  44  8000
1  2  209  37  8000
1  2  212  156  8000
1  2  224  186  8000
1  2  227  142  8000
1  2  231  60  8000
1  2  236  153  8000
1  2  248  226  8000
1  2  253  8  8000
1  2  254  82  8000
2  3  12  180  8000
2  3  18  147  8000
2  3  26  193  8000
2  3  48  141  8000
2  3  67  102  8000
2  3  69  245  8000
2  3  70  119  8000
2  3  80  57  8000
2  3  82  124  8000
2  3  83  166  8000
2  3  84  34  8000
2  3  87  21  8000
2  3  92  53  8000
2  3  95  218  8000
2  3  113  75  8000
2  3  138  51  8000
2  3  141  247  8000
2  3  149  43  8000
2  3  150  153  8000
2  3  155  150  8000
2  3  159  192  8000
2  3  164  231  8000
2  3  165  53  8000
2  3  167  121  8000
2  3  171  49  8000
2  3  186  166  8000
2  3  188  17  8000
2  3  189  43  8000
2  3  198  8  8000
2  3  203  217  8000
2  3  208  186  8000
2  3  212  97  8000
2  3  215  254  8000
2  3  243  16  8000
2  3  244  96  8000
2  3  250  251  8000
2  3  253  40  8000
0  1  2  164  10000
0  1  3  228  10000
0  1  4  34  10000
0  1  8  0  10000
0  1  20  13  10000
0  1  21  70  10000
0  1  39  248  10000
0  1  48  196  10000
0  1  59  145  10000
0  1  67  197  10000
0  1  71  78  10000
0  1  74  58  10000
0  1  82  48  10000
0  1  84  10  10000
0  1  100  158  10000
0  1  104  189  10000
0  1  105  174  10000
0  1  115  79  10000
0  1  122  21  10000
0  1  125  48  10000
0  1  128  158  10000
0  1  130  210  10000
0  1  132  141  10000
0  1  166  123  10000
0  1  173  127  10000
0  1  176  142  10000
0  1  178  233  10000
0  1  194  251  10000
0  1  196  67  10000
0  1  204  144  10000
0  1  207  153  10000
0  1  219  140  10000
0  1  222  152  10000
0  1  225  118  10000
0  1  231  183  10000
0  1  232  129  10000
0  1  233  253  10000
0  1  234  247  10000
0  1  245  38  10000
0  1  248  208  10000
0  1  253  89  10000
1  2  4  201  10000
1  2  12  133  10000
1  2  14  170  10000
1  2  18  21  10000
1  2  30  58  10000
1  2  31  58  10000
1  2  38  82  10000
1  2  44  128  10000
1  2  50  137  10000
1  2  60  83  10000
1  2  62  103  10000
1  2  73  77  10000
1  2  75  8  10000
1  2  77  62  10000
1  2  81  196  10000
1  2  95  198  10000
1  2  97  186  10000
1  2  100  14  10000
1  2  104  159  10000
1  2  114  148  10000
1  2  120  196  10000
1  2  121  243  10000
1  2  124  154  10000
1  2  131  121  10000
1  2  144  84  10000
1  2  145  16  10000
1  2  153  190  10000
1  2  154  84  10000
1  2  155  192  10000
1  2  163  239  10000
1  2  164  46  10000
1  2  179  172  10000
1  2  187  202  10000
1  2  192  240  10000
1  2  204  104  10000
1  2  205  53  10000
1  2  211  239  10000
1  2  212  115  10000
1  2  228  175  10000
1  2  238  213  10000
1  2  247  24  10000
1  2  250  189  10000
1  2  252  2  10000
1  2  254  107  10000
1  2  255  238  10000
2  3  2  173  10000
2  3  4  113  10000
2  3  16  53  10000
2  3  18  110  10000
2  3  23  210  10000
2  3  26  135  10000
2  3  30  19  10000
2  3  37  181  10000
2  3  38  220  10000
2  3  84  135  10000
2  3  90  147  10000
2  3  99  136  10000
2  3  107  244  10000
2  3  109  167  10000
2  3  115  176  10000
2  3  121  126  10000
2  3  126  115  10000
2  3  131  137  10000
2  3  143  93  10000
2  3  148  171  10000
2  3  149  177  10000
2  3  156  180  10000
2  3  159  255  10000
2  3  161  232  10000
2  3  163  176  10000
2  3  166  239  10000
2  3  171  77  10000
2  3  173  212  10000
2  3  175  37  10000
2  3  181  134  10000
2  3  189  23  10000
2  3  195  113  10000
2  3  207  196  10000
2  3  211  253  10000
2  3  217  21  10000
2  3  222  171  10000
2  3  227  167  10000
2  3  243  65  10000
2  3  250  70  10000
2  3  251  38  10000
