# src_chip  dst_chip  src_pe  dst_pe  inject_cycle
# 1120 entries, 4 chips x 256 PE, 5 timesteps
# seed=58, sparsity=0.3, interval=2000
0  1  1  102  2000
0  1  2  230  2000
0  1  6  230  2000
0  1  10  250  2000
0  1  11  37  2000
0  1  15  68  2000
0  1  17  150  2000
0  1  23  229  2000
0  1  24  67  2000
0  1  26  134  2000
0  1  29  137  2000
0  1  34  104  2000
0  1  36  116  2000
0  1  39  44  2000
0  1  41  228  2000
0  1  44  32  2000
0  1  45  119  2000
0  1  46  30  2000
0  1  47  35  2000
0  1  48  24  2000
0  1  52  248  2000
0  1  59  66  2000
0  1  60  104  2000
0  1  63  249  2000
0  1  64  110  2000
0  1  66  28  2000
0  1  73  203  2000
0  1  79  62  2000
0  1  82  193  2000
0  1  83  62  2000
0  1  87  106  2000
0  1  88  200  2000
0  1  96  148  2000
0  1  97  157  2000
0  1  98  12  2000
0  1  100  102  2000
0  1  104  125  2000
0  1  105  60  2000
0  1  106  211  2000
0  1  108  105  2000
0  1  111  45  2000
0  1  116  182  2000
0  1  117  41  2000
0  1  123  120  2000
0  1  127  234  2000
0  1  133  74  2000
0  1  137  74  2000
0  1  138  175  2000
0  1  143  143  2000
0  1  146  170  2000
0  1  147  251  2000
0  1  150  198  2000
0  1  151  151  2000
0  1  156  108  2000
0  1  158  137  2000
0  1  160  38  2000
0  1  161  243  2000
0  1  162  222  2000
0  1  179  153  2000
0  1  180  243  2000
0  1  182  237  2000
0  1  184  99  2000
0  1  185  73  2000
0  1  193  18  2000
0  1  196  88  2000
0  1  197  149  2000
0  1  199  142  2000
0  1  206  205  2000
0  1  207  3  2000
0  1  209  201  2000
0  1  215  31  2000
0  1  221  31  2000
0  1  224  16  2000
0  1  227  174  2000
0  1  230  15  2000
0  1  233  47  2000
0  1  234  155  2000
0  1  236  26  2000
0  1  239  58  2000
0  1  244  51  2000
0  1  250  64  2000
1  2  2  103  2000
1  2  6  112  2000
1  2  7  78  2000
1  2  8  248  2000
1  2  9  219  2000
1  2  17  74  2000
1  2  22  181  2000
1  2  23  89  2000
1  2  27  216  2000
1  2  29  252  2000
1  2  34  131  2000
1  2  41  221  2000
1  2  43  194  2000
1  2  44  173  2000
1  2  55  159  2000
1  2  59  19  2000
1  2  62  153  2000
1  2  65  53  2000
1  2  70  30  2000
1  2  74  203  2000
1  2  76  60  2000
1  2  81  154  2000
1  2  82  217  2000
1  2  84  216  2000
1  2  90  144  2000
1  2  97  248  2000
1  2  107  129  2000
1  2  125  55  2000
1  2  126  161  2000
1  2  129  72  2000
1  2  132  146  2000
1  2  133  28  2000
1  2  137  226  2000
1  2  140  203  2000
1  2  145  166  2000
1  2  148  248  2000
1  2  153  217  2000
1  2  154  13  2000
1  2  155  156  2000
1  2  156  2  2000
1  2  164  67  2000
1  2  166  27  2000
1  2  167  50  2000
1  2  172  13  2000
1  2  174  233  2000
1  2  175  44  2000
1  2  176  56  2000
1  2  179  5  2000
1  2  183  95  2000
1  2  186  132  2000
1  2  188  228  2000
1  2  189  11  2000
1  2  195  192  2000
1  2  198  254  2000
1  2  201  121  2000
1  2  204  80  2000
1  2  209  32  2000
1  2  213  212  2000
1  2  216  48  2000
1  2  217  186  2000
1  2  222  56  2000
1  2  226  34  2000
1  2  229  98  2000
1  2  234  25  2000
1  2  237  249  2000
1  2  239  113  2000
1  2  241  223  2000
1  2  247  71  2000
1  2  249  184  2000
1  2  253  108  2000
1  2  254  84  2000
2  3  6  116  2000
2  3  12  184  2000
2  3  15  32  2000
2  3  31  107  2000
2  3  36  114  2000
2  3  40  225  2000
2  3  50  153  2000
2  3  52  212  2000
2  3  56  60  2000
2  3  58  145  2000
2  3  61  191  2000
2  3  64  148  2000
2  3  73  76  2000
2  3  77  136  2000
2  3  79  128  2000
2  3  80  18  2000
2  3  84  116  2000
2  3  85  30  2000
2  3  93  248  2000
2  3  95  143  2000
2  3  103  188  2000
2  3  104  197  2000
2  3  105  69  2000
2  3  109  221  2000
2  3  110  231  2000
2  3  112  78  2000
2  3  113  102  2000
2  3  126  128  2000
2  3  129  116  2000
2  3  138  182  2000
2  3  140  66  2000
2  3  145  170  2000
2  3  146  89  2000
2  3  147  209  2000
2  3  152  137  2000
2  3  153  102  2000
2  3  169  123  2000
2  3  171  21  2000
2  3  172  226  2000
2  3  175  68  2000
2  3  176  222  2000
2  3  177  236  2000
2  3  178  202  2000
2  3  179  31  2000
2  3  185  104  2000
2  3  186  57  2000
2  3  189  237  2000
2  3  190  165  2000
2  3  191  144  2000
2  3  199  122  2000
2  3  202  226  2000
2  3  203  143  2000
2  3  204  207  2000
2  3  209  6  2000
2  3  215  252  2000
2  3  216  121  2000
2  3  217  61  2000
2  3  228  231  2000
2  3  231  216  2000
2  3  232  115  2000
2  3  234  176  2000
2  3  237  92  2000
2  3  241  56  2000
2  3  242  213  2000
2  3  253  151  2000
2  3  255  102  2000
0  1  1  205  4000
0  1  10  65  4000
0  1  11  10  4000
0  1  12  86  4000
0  1  13  215  4000
0  1  17  252  4000
0  1  24  75  4000
0  1  25  201  4000
0  1  31  204  4000
0  1  32  201  4000
0  1  33  54  4000
0  1  34  157  4000
0  1  36  200  4000
0  1  39  68  4000
0  1  40  91  4000
0  1  44  71  4000
0  1  45  202  4000
0  1  50  41  4000
0  1  57  68  4000
0  1  62  195  4000
0  1  63  252  4000
0  1  68  34  4000
0  1  71  38  4000
0  1  74  239  4000
0  1  75  16  4000
0  1  76  73  4000
0  1  79  125  4000
0  1  93  218  4000
0  1  94  26  4000
0  1  100  205  4000
0  1  105  208  4000
0  1  107  132  4000
0  1  114  109  4000
0  1  115  29  4000
0  1  116  1  4000
0  1  121  59  4000
0  1  125  220  4000
0  1  126  93  4000
0  1  127  71  4000
0  1  128  254  4000
0  1  129  16  4000
0  1  133  38  4000
0  1  136  8  4000
0  1  139  238  4000
0  1  143  215  4000
0  1  144  6  4000
0  1  146  20  4000
0  1  147  120  4000
0  1  152  182  4000
0  1  154  168  4000
0  1  166  96  4000
0  1  168  29  4000
0  1  170  174  4000
0  1  171  145  4000
0  1  173  108  4000
0  1  178  195  4000
0  1  179  208  4000
0  1  184  167  4000
0  1  187  116  4000
0  1  189  107  4000
0  1  199  220  4000
0  1  201  106  4000
0  1  205  218  4000
0  1  208  230  4000
0  1  216  10  4000
0  1  221  133  4000
0  1  224  35  4000
0  1  227  117  4000
0  1  228  239  4000
0  1  229  216  4000
0  1  233  6  4000
0  1  237  167  4000
0  1  240  156  4000
0  1  241  197  4000
0  1  243  253  4000
0  1  248  176  4000
0  1  255  101  4000
1  2  3  239  4000
1  2  10  94  4000
1  2  14  250  4000
1  2  16  33  4000
1  2  20  234  4000
1  2  26  200  4000
1  2  30  200  4000
1  2  34  113  4000
1  2  36  81  4000
1  2  40  243  4000
1  2  41  144  4000
1  2  49  97  4000
1  2  50  0  4000
1  2  54  139  4000
1  2  59  228  4000
1  2  61  217  4000
1  2  67  207  4000
1  2  70  173  4000
1  2  73  184  4000
1  2  75  151  4000
1  2  77  186  4000
1  2  81  182  4000
1  2  90  37  4000
1  2  92  193  4000
1  2  95  19  4000
1  2  104  170  4000
1  2  109  57  4000
1  2  113  254  4000
1  2  122  5  4000
1  2  126  152  4000
1  2  127  152  4000
1  2  131  195  4000
1  2  136  191  4000
1  2  137  10  4000
1  2  142  246  4000
1  2  143  70  4000
1  2  144  94  4000
1  2  152  36  4000
1  2  157  238  4000
1  2  160  192  4000
1  2  169  59  4000
1  2  171  26  4000
1  2  173  107  4000
1  2  176  117  4000
1  2  178  70  4000
1  2  184  179  4000
1  2  186  36  4000
1  2  190  175  4000
1  2  201  157  4000
1  2  202  88  4000
1  2  205  223  4000
1  2  207  96  4000
1  2  208  116  4000
1  2  209  8  4000
1  2  212  218  4000
1  2  215  150  4000
1  2  220  93  4000
1  2  226  72  4000
1  2  230  94  4000
1  2  234  105  4000
1  2  235  52  4000
1  2  240  157  4000
1  2  243  65  4000
1  2  245  158  4000
1  2  249  63  4000
1  2  255  88  4000
2  3  2  170  4000
2  3  3  118  4000
2  3  4  43  4000
2  3  5  112  4000
2  3  14  44  4000
2  3  15  111  4000
2  3  17  110  4000
2  3  23  27  4000
2  3  25  205  4000
2  3  33  132  4000
2  3  42  57  4000
2  3  44  247  4000
2  3  49  158  4000
2  3  54  210  4000
2  3  61  114  4000
2  3  64  230  4000
2  3  71  54  4000
2  3  73  243  4000
2  3  76  170  4000
2  3  82  24  4000
2  3  90  198  4000
2  3  93  3  4000
2  3  97  39  4000
2  3  98  39  4000
2  3  100  40  4000
2  3  101  117  4000
2  3  102  4  4000
2  3  105  166  4000
2  3  110  223  4000
2  3  115  46  4000
2  3  118  2  4000
2  3  122  9  4000
2  3  127  194  4000
2  3  128  97  4000
2  3  132  216  4000
2  3  135  0  4000
2  3  137  125  4000
2  3  138  255  4000
2  3  139  123  4000
2  3  143  148  4000
2  3  147  1  4000
2  3  152  255  4000
2  3  155  146  4000
2  3  157  155  4000
2  3  160  42  4000
2  3  167  207  4000
2  3  169  23  4000
2  3  173  244  4000
2  3  174  0  4000
2  3  176  148  4000
2  3  178  75  4000
2  3  189  51  4000
2  3  192  38  4000
2  3  194  213  4000
2  3  195  107  4000
2  3  196  232  4000
2  3  198  93  4000
2  3  199  96  4000
2  3  202  183  4000
2  3  208  107  4000
2  3  209  233  4000
2  3  211  215  4000
2  3  221  155  4000
2  3  222  176  4000
2  3  223  28  4000
2  3  225  64  4000
2  3  226  22  4000
2  3  238  226  4000
2  3  241  118  4000
2  3  242  24  4000
2  3  250  101  4000
2  3  254  133  4000
0  1  3  134  6000
0  1  8  229  6000
0  1  12  48  6000
0  1  15  136  6000
0  1  17  110  6000
0  1  18  70  6000
0  1  30  200  6000
0  1  35  246  6000
0  1  37  54  6000
0  1  43  126  6000
0  1  45  250  6000
0  1  47  24  6000
0  1  52  222  6000
0  1  67  53  6000
0  1  77  79  6000
0  1  83  63  6000
0  1  90  218  6000
0  1  93  5  6000
0  1  94  239  6000
0  1  97  117  6000
0  1  99  39  6000
0  1  101  83  6000
0  1  104  208  6000
0  1  105  110  6000
0  1  106  147  6000
0  1  109  87  6000
0  1  111  131  6000
0  1  114  26  6000
0  1  118  185  6000
0  1  123  222  6000
0  1  130  100  6000
0  1  131  117  6000
0  1  132  168  6000
0  1  135  118  6000
0  1  136  112  6000
0  1  137  12  6000
0  1  140  229  6000
0  1  149  249  6000
0  1  150  233  6000
0  1  151  156  6000
0  1  153  144  6000
0  1  154  100  6000
0  1  161  124  6000
0  1  162  242  6000
0  1  166  70  6000
0  1  170  243  6000
0  1  171  241  6000
0  1  172  216  6000
0  1  173  175  6000
0  1  177  67  6000
0  1  179  158  6000
0  1  181  55  6000
0  1  182  213  6000
0  1  183  143  6000
0  1  187  31  6000
0  1  188  82  6000
0  1  190  130  6000
0  1  194  135  6000
0  1  201  200  6000
0  1  204  130  6000
0  1  210  193  6000
0  1  213  49  6000
0  1  217  170  6000
0  1  222  62  6000
0  1  223  206  6000
0  1  232  176  6000
0  1  233  66  6000
0  1  235  160  6000
0  1  238  97  6000
0  1  241  155  6000
0  1  245  194  6000
0  1  251  43  6000
0  1  254  52  6000
1  2  0  4  6000
1  2  1  242  6000
1  2  4  199  6000
1  2  8  198  6000
1  2  11  239  6000
1  2  15  18  6000
1  2  21  104  6000
1  2  23  145  6000
1  2  29  0  6000
1  2  30  164  6000
1  2  35  72  6000
1  2  40  63  6000
1  2  42  149  6000
1  2  43  162  6000
1  2  47  161  6000
1  2  50  77  6000
1  2  52  48  6000
1  2  53  209  6000
1  2  54  18  6000
1  2  55  64  6000
1  2  57  142  6000
1  2  59  183  6000
1  2  60  149  6000
1  2  62  57  6000
1  2  66  11  6000
1  2  69  53  6000
1  2  73  170  6000
1  2  78  176  6000
1  2  81  104  6000
1  2  82  172  6000
1  2  85  57  6000
1  2  86  95  6000
1  2  91  93  6000
1  2  92  214  6000
1  2  94  158  6000
1  2  95  113  6000
1  2  97  146  6000
1  2  102  29  6000
1  2  104  54  6000
1  2  107  198  6000
1  2  109  75  6000
1  2  111  139  6000
1  2  112  199  6000
1  2  115  190  6000
1  2  121  105  6000
1  2  124  61  6000
1  2  127  106  6000
1  2  130  50  6000
1  2  133  103  6000
1  2  135  19  6000
1  2  137  133  6000
1  2  141  202  6000
1  2  142  76  6000
1  2  143  41  6000
1  2  144  142  6000
1  2  145  199  6000
1  2  149  75  6000
1  2  151  84  6000
1  2  158  112  6000
1  2  161  31  6000
1  2  162  124  6000
1  2  171  122  6000
1  2  173  165  6000
1  2  177  223  6000
1  2  179  83  6000
1  2  180  99  6000
1  2  182  216  6000
1  2  184  149  6000
1  2  188  118  6000
1  2  189  22  6000
1  2  191  36  6000
1  2  192  211  6000
1  2  199  34  6000
1  2  204  194  6000
1  2  211  78  6000
1  2  225  136  6000
1  2  230  34  6000
1  2  234  209  6000
1  2  235  139  6000
1  2  238  168  6000
1  2  244  68  6000
1  2  249  163  6000
1  2  250  50  6000
1  2  253  12  6000
2  3  0  251  6000
2  3  4  227  6000
2  3  12  82  6000
2  3  13  93  6000
2  3  14  77  6000
2  3  20  60  6000
2  3  23  198  6000
2  3  34  133  6000
2  3  35  8  6000
2  3  37  233  6000
2  3  38  113  6000
2  3  41  68  6000
2  3  53  56  6000
2  3  57  81  6000
2  3  61  36  6000
2  3  66  138  6000
2  3  69  164  6000
2  3  72  132  6000
2  3  74  73  6000
2  3  76  255  6000
2  3  78  178  6000
2  3  83  16  6000
2  3  84  137  6000
2  3  88  175  6000
2  3  93  100  6000
2  3  95  77  6000
2  3  98  65  6000
2  3  102  38  6000
2  3  103  245  6000
2  3  104  113  6000
2  3  106  38  6000
2  3  108  113  6000
2  3  109  26  6000
2  3  112  219  6000
2  3  116  250  6000
2  3  117  165  6000
2  3  127  62  6000
2  3  129  198  6000
2  3  130  114  6000
2  3  131  122  6000
2  3  140  120  6000
2  3  142  141  6000
2  3  144  201  6000
2  3  146  219  6000
2  3  147  81  6000
2  3  149  147  6000
2  3  150  38  6000
2  3  151  216  6000
2  3  154  125  6000
2  3  175  157  6000
2  3  178  174  6000
2  3  184  245  6000
2  3  185  101  6000
2  3  186  150  6000
2  3  191  66  6000
2  3  197  35  6000
2  3  204  144  6000
2  3  206  124  6000
2  3  207  107  6000
2  3  215  20  6000
2  3  216  52  6000
2  3  220  41  6000
2  3  221  17  6000
2  3  227  87  6000
2  3  228  221  6000
2  3  234  91  6000
2  3  235  73  6000
2  3  238  180  6000
2  3  241  243  6000
2  3  242  135  6000
2  3  243  192  6000
2  3  246  24  6000
0  1  2  114  8000
0  1  6  190  8000
0  1  8  141  8000
0  1  10  202  8000
0  1  11  21  8000
0  1  13  63  8000
0  1  15  65  8000
0  1  21  191  8000
0  1  24  181  8000
0  1  26  87  8000
0  1  30  30  8000
0  1  31  82  8000
0  1  32  32  8000
0  1  36  200  8000
0  1  42  154  8000
0  1  52  141  8000
0  1  55  93  8000
0  1  57  56  8000
0  1  61  195  8000
0  1  64  159  8000
0  1  74  251  8000
0  1  75  67  8000
0  1  76  53  8000
0  1  80  211  8000
0  1  88  69  8000
0  1  91  209  8000
0  1  93  241  8000
0  1  95  194  8000
0  1  101  32  8000
0  1  106  122  8000
0  1  110  140  8000
0  1  120  182  8000
0  1  125  8  8000
0  1  127  53  8000
0  1  130  175  8000
0  1  133  1  8000
0  1  136  69  8000
0  1  139  239  8000
0  1  141  188  8000
0  1  142  49  8000
0  1  144  152  8000
0  1  148  168  8000
0  1  152  119  8000
0  1  156  219  8000
0  1  162  141  8000
0  1  168  199  8000
0  1  172  16  8000
0  1  176  154  8000
0  1  177  1  8000
0  1  183  34  8000
0  1  185  186  8000
0  1  195  135  8000
0  1  201  230  8000
0  1  210  28  8000
0  1  215  89  8000
0  1  216  235  8000
0  1  219  88  8000
0  1  221  109  8000
0  1  222  137  8000
0  1  229  47  8000
0  1  233  241  8000
0  1  237  84  8000
0  1  244  220  8000
0  1  245  81  8000
0  1  252  255  8000
1  2  2  243  8000
1  2  8  174  8000
1  2  10  87  8000
1  2  18  196  8000
1  2  20  219  8000
1  2  22  167  8000
1  2  25  239  8000
1  2  27  14  8000
1  2  29  234  8000
1  2  38  218  8000
1  2  39  94  8000
1  2  46  60  8000
1  2  56  95  8000
1  2  57  170  8000
1  2  58  142  8000
1  2  61  215  8000
1  2  64  11  8000
1  2  66  71  8000
1  2  68  50  8000
1  2  69  17  8000
1  2  70  247  8000
1  2  79  158  8000
1  2  84  60  8000
1  2  85  95  8000
1  2  91  4  8000
1  2  93  46  8000
1  2  102  66  8000
1  2  104  63  8000
1  2  107  113  8000
1  2  110  210  8000
1  2  113  220  8000
1  2  114  196  8000
1  2  115  14  8000
1  2  123  249  8000
1  2  127  125  8000
1  2  128  76  8000
1  2  133  91  8000
1  2  134  102  8000
1  2  135  50  8000
1  2  141  81  8000
1  2  143  252  8000
1  2  144  58  8000
1  2  145  226  8000
1  2  147  54  8000
1  2  148  225  8000
1  2  149  169  8000
1  2  152  72  8000
1  2  153  30  8000
1  2  157  3  8000
1  2  158  52  8000
1  2  159  227  8000
1  2  163  155  8000
1  2  167  97  8000
1  2  168  45  8000
1  2  170  242  8000
1  2  171  87  8000
1  2  173  107  8000
1  2  177  35  8000
1  2  181  250  8000
1  2  193  154  8000
1  2  198  244  8000
1  2  201  82  8000
1  2  210  245  8000
1  2  212  28  8000
1  2  214  5  8000
1  2  215  91  8000
1  2  216  224  8000
1  2  226  201  8000
1  2  228  3  8000
1  2  229  114  8000
1  2  230  94  8000
1  2  242  206  8000
1  2  244  249  8000
1  2  247  103  8000
1  2  249  38  8000
1  2  253  202  8000
1  2  255  211  8000
2  3  0  235  8000
2  3  3  126  8000
2  3  8  125  8000
2  3  12  158  8000
2  3  14  170  8000
2  3  15  228  8000
2  3  19  255  8000
2  3  21  146  8000
2  3  24  224  8000
2  3  25  27  8000
2  3  26  82  8000
2  3  34  44  8000
2  3  37  255  8000
2  3  39  216  8000
2  3  44  210  8000
2  3  46  173  8000
2  3  47  172  8000
2  3  51  67  8000
2  3  59  95  8000
2  3  60  195  8000
2  3  61  85  8000
2  3  64  228  8000
2  3  65  138  8000
2  3  67  142  8000
2  3  69  123  8000
2  3  72  189  8000
2  3  73  11  8000
2  3  78  187  8000
2  3  87  157  8000
2  3  90  80  8000
2  3  95  152  8000
2  3  96  163  8000
2  3  102  173  8000
2  3  103  219  8000
2  3  105  110  8000
2  3  107  89  8000
2  3  108  190  8000
2  3  113  232  8000
2  3  116  62  8000
2  3  118  52  8000
2  3  119  239  8000
2  3  120  80  8000
2  3  121  72  8000
2  3  124  227  8000
2  3  127  55  8000
2  3  129  174  8000
2  3  130  248  8000
2  3  131  96  8000
2  3  136  71  8000
2  3  137  246  8000
2  3  140  181  8000
2  3  141  188  8000
2  3  146  98  8000
2  3  147  64  8000
2  3  159  191  8000
2  3  162  135  8000
2  3  165  149  8000
2  3  170  95  8000
2  3  174  29  8000
2  3  183  171  8000
2  3  193  18  8000
2  3  195  154  8000
2  3  202  53  8000
2  3  204  31  8000
2  3  207  117  8000
2  3  210  244  8000
2  3  212  152  8000
2  3  214  109  8000
2  3  216  180  8000
2  3  219  39  8000
2  3  226  8  8000
2  3  227  235  8000
2  3  232  196  8000
2  3  233  23  8000
2  3  235  20  8000
2  3  237  244  8000
2  3  240  172  8000
2  3  241  78  8000
2  3  243  250  8000
2  3  246  60  8000
2  3  247  59  8000
2  3  248  251  8000
2  3  249  153  8000
2  3  250  94  8000
0  1  1  244  10000
0  1  2  188  10000
0  1  3  253  10000
0  1  5  133  10000
0  1  8  138  10000
0  1  11  148  10000
0  1  15  174  10000
0  1  21  94  10000
0  1  24  203  10000
0  1  26  27  10000
0  1  29  45  10000
0  1  33  109  10000
0  1  34  198  10000
0  1  35  185  10000
0  1  37  6  10000
0  1  38  220  10000
0  1  48  31  10000
0  1  51  24  10000
0  1  52  231  10000
0  1  53  0  10000
0  1  60  181  10000
0  1  61  48  10000
0  1  69  31  10000
0  1  72  205  10000
0  1  74  185  10000
0  1  76  67  10000
0  1  78  91  10000
0  1  82  252  10000
0  1  85  62  10000
0  1  86  224  10000
0  1  88  66  10000
0  1  100  4  10000
0  1  101  94  10000
0  1  111  138  10000
0  1  112  251  10000
0  1  116  149  10000
0  1  122  223  10000
0  1  123  37  10000
0  1  124  45  10000
0  1  127  42  10000
0  1  134  68  10000
0  1  135  65  10000
0  1  137  92  10000
0  1  140  107  10000
0  1  143  21  10000
0  1  146  170  10000
0  1  149  110  10000
0  1  153  117  10000
0  1  154  202  10000
0  1  156  92  10000
0  1  159  237  10000
0  1  162  217  10000
0  1  163  138  10000
0  1  166  67  10000
0  1  169  239  10000
0  1  171  87  10000
0  1  172  142  10000
0  1  179  119  10000
0  1  184  106  10000
0  1  186  25  10000
0  1  187  144  10000
0  1  190  197  10000
0  1  192  34  10000
0  1  194  138  10000
0  1  196  205  10000
0  1  198  243  10000
0  1  200  18  10000
0  1  204  41  10000
0  1  208  153  10000
0  1  213  203  10000
0  1  214  109  10000
0  1  228  50  10000
0  1  235  87  10000
0  1  236  61  10000
0  1  238  159  10000
0  1  242  216  10000
0  1  244  33  10000
0  1  246  22  10000
0  1  255  147  10000
1  2  3  43  10000
1  2  4  13  10000
1  2  6  159  10000
1  2  8  109  10000
1  2  15  28  10000
1  2  18  252  10000
1  2  21  249  10000
1  2  23  36  10000
1  2  27  206  10000
1  2  30  243  10000
1  2  33  111  10000
1  2  35  74  10000
1  2  38  218  10000
1  2  41  99  10000
1  2  46  165  10000
1  2  49  195  10000
1  2  52  103  10000
1  2  54  226  10000
1  2  55  99  10000
1  2  62  172  10000
1  2  64  240  10000
1  2  70  150  10000
1  2  74  117  10000
1  2  84  252  10000
1  2  90  150  10000
1  2  93  44  10000
1  2  98  100  10000
1  2  107  73  10000
1  2  109  52  10000
1  2  113  140  10000
1  2  114  188  10000
1  2  115  83  10000
1  2  116  39  10000
1  2  117  157  10000
1  2  118  176  10000
1  2  120  18  10000
1  2  124  4  10000
1  2  125  225  10000
1  2  126  206  10000
1  2  127  17  10000
1  2  131  18  10000
1  2  133  202  10000
1  2  136  4  10000
1  2  137  220  10000
1  2  138  100  10000
1  2  139  146  10000
1  2  141  127  10000
1  2  142  195  10000
1  2  147  165  10000
1  2  150  225  10000
1  2  152  19  10000
1  2  158  97  10000
1  2  161  200  10000
1  2  163  97  10000
1  2  164  191  10000
1  2  167  115  10000
1  2  169  251  10000
1  2  174  138  10000
1  2  175  101  10000
1  2  178  138  10000
1  2  183  37  10000
1  2  185  253  10000
1  2  192  180  10000
1  2  193  6  10000
1  2  196  0  10000
1  2  198  105  10000
1  2  204  10  10000
1  2  207  15  10000
1  2  210  91  10000
1  2  218  14  10000
1  2  219  153  10000
1  2  220  12  10000
1  2  221  3  10000
1  2  223  11  10000
1  2  224  0  10000
1  2  226  85  10000
1  2  231  19  10000
1  2  232  50  10000
1  2  233  26  10000
1  2  234  160  10000
1  2  249  244  10000
2  3  1  199  10000
2  3  5  150  10000
2  3  9  155  10000
2  3  13  100  10000
2  3  17  216  10000
2  3  21  245  10000
2  3  24  2  10000
2  3  32  109  10000
2  3  33  165  10000
2  3  38  90  10000
2  3  44  50  10000
2  3  45  75  10000
2  3  50  204  10000
2  3  51  135  10000
2  3  54  80  10000
2  3  55  245  10000
2  3  62  32  10000
2  3  64  146  10000
2  3  68  37  10000
2  3  69  2  10000
2  3  70  41  10000
2  3  73  247  10000
2  3  88  45  10000
2  3  91  172  10000
2  3  92  93  10000
2  3  99  102  10000
2  3  104  32  10000
2  3  108  8  10000
2  3  111  198  10000
2  3  114  71  10000
2  3  118  90  10000
2  3  119  124  10000
2  3  122  255  10000
2  3  125  131  10000
2  3  126  40  10000
2  3  134  244  10000
2  3  139  88  10000
2  3  143  72  10000
2  3  144  213  10000
2  3  145  253  10000
2  3  146  90  10000
2  3  148  94  10000
2  3  153  21  10000
2  3  162  214  10000
2  3  165  178  10000
2  3  171  151  10000
2  3  180  170  10000
2  3  181  157  10000
2  3  182  96  10000
2  3  185  165  10000
2  3  187  41  10000
2  3  189  70  10000
2  3  192  193  10000
2  3  193  25  10000
2  3  194  1  10000
2  3  195  137  10000
2  3  196  78  10000
2  3  201  3  10000
2  3  204  126  10000
2  3  205  140  10000
2  3  207  59  10000
2  3  209  86  10000
2  3  215  85  10000
2  3  222  9  10000
2  3  229  248  10000
2  3  230  44  10000
2  3  234  71  10000
2  3  238  137  10000
2  3  241  61  10000
2  3  242  86  10000
2  3  248  46  10000
2  3  250  27  10000
