# src_chip  dst_chip  src_pe  dst_pe  inject_cycle
# 182 entries, 4 chips x 256 PE, 5 timesteps
# seed=54, sparsity=0.05, interval=2000
0  1  27  136  2000
0  1  28  10  2000
0  1  34  106  2000
0  1  40  248  2000
0  1  68  49  2000
0  1  110  94  2000
0  1  128  119  2000
0  1  133  42  2000
0  1  152  130  2000
0  1  169  245  2000
0  1  176  149  2000
0  1  201  181  2000
0  1  218  96  2000
1  2  17  42  2000
1  2  25  126  2000
1  2  32  27  2000
1  2  33  133  2000
1  2  37  185  2000
1  2  40  132  2000
1  2  51  124  2000
1  2  61  192  2000
1  2  83  240  2000
1  2  133  248  2000
1  2  135  156  2000
1  2  178  166  2000
1  2  204  101  2000
1  2  219  124  2000
1  2  233  30  2000
1  2  247  93  2000
2  3  12  207  2000
2  3  27  6  2000
2  3  107  211  2000
2  3  143  83  2000
2  3  153  185  2000
2  3  165  88  2000
2  3  178  163  2000
2  3  192  24  2000
2  3  197  95  2000
2  3  207  229  2000
2  3  229  217  2000
2  3  248  19  2000
0  1  0  120  4000
0  1  43  240  4000
0  1  76  255  4000
0  1  82  141  4000
0  1  87  122  4000
0  1  97  111  4000
0  1  110  151  4000
0  1  119  228  4000
0  1  131  5  4000
0  1  139  230  4000
0  1  141  217  4000
0  1  143  123  4000
0  1  147  226  4000
0  1  152  135  4000
0  1  156  49  4000
0  1  169  111  4000
0  1  240  154  4000
1  2  11  56  4000
1  2  12  45  4000
1  2  26  54  4000
1  2  27  97  4000
1  2  43  5  4000
1  2  48  163  4000
1  2  88  133  4000
1  2  108  26  4000
1  2  132  117  4000
1  2  138  207  4000
1  2  243  5  4000
1  2  254  70  4000
2  3  30  223  4000
2  3  39  23  4000
2  3  74  40  4000
2  3  79  115  4000
2  3  128  178  4000
2  3  131  140  4000
2  3  139  7  4000
2  3  159  236  4000
2  3  218  141  4000
0  1  12  105  6000
0  1  22  117  6000
0  1  50  222  6000
0  1  59  120  6000
0  1  63  38  6000
0  1  71  141  6000
0  1  175  202  6000
0  1  209  72  6000
1  2  51  247  6000
1  2  53  133  6000
1  2  72  115  6000
1  2  75  76  6000
1  2  102  219  6000
1  2  104  111  6000
1  2  126  81  6000
1  2  130  187  6000
1  2  131  134  6000
1  2  135  119  6000
1  2  171  55  6000
1  2  205  66  6000
1  2  210  235  6000
2  3  0  180  6000
2  3  51  248  6000
2  3  63  197  6000
2  3  80  255  6000
2  3  87  217  6000
2  3  134  15  6000
2  3  141  252  6000
2  3  144  41  6000
2  3  154  176  6000
2  3  172  241  6000
2  3  181  160  6000
2  3  189  138  6000
2  3  231  106  6000
2  3  250  146  6000
0  1  10  24  8000
0  1  21  205  8000
0  1  48  202  8000
0  1  53  3  8000
0  1  104  178  8000
0  1  117  48  8000
0  1  119  73  8000
0  1  135  57  8000
0  1  165  253  8000
0  1  204  92  8000
0  1  207  75  8000
0  1  253  16  8000
1  2  8  41  8000
1  2  10  136  8000
1  2  30  189  8000
1  2  55  140  8000
1  2  84  232  8000
1  2  95  96  8000
1  2  164  164  8000
1  2  180  79  8000
1  2  187  73  8000
1  2  189  204  8000
1  2  215  250  8000
1  2  244  153  8000
1  2  248  129  8000
2  3  84  207  8000
2  3  125  46  8000
2  3  142  195  8000
2  3  145  86  8000
2  3  206  195  8000
2  3  216  208  8000
2  3  218  122  8000
2  3  234  109  8000
0  1  28  184  10000
0  1  30  202  10000
0  1  33  220  10000
0  1  41  236  10000
0  1  42  192  10000
0  1  47  94  10000
0  1  114  102  10000
0  1  182  7  10000
0  1  194  219  10000
0  1  212  97  10000
0  1  214  34  10000
0  1  239  84  10000
0  1  247  15  10000
0  1  252  48  10000
0  1  254  241  10000
1  2  2  29  10000
1  2  21  202  10000
1  2  37  118  10000
1  2  39  231  10000
1  2  53  219  10000
1  2  88  74  10000
1  2  119  174  10000
1  2  150  45  10000
1  2  197  229  10000
1  2  204  10  10000
1  2  229  44  10000
1  2  245  136  10000
1  2  251  146  10000
2  3  24  69  10000
2  3  172  104  10000
2  3  191  176  10000
2  3  205  220  10000
2  3  212  99  10000
2  3  226  175  10000
2  3  236  233  10000
