# src_chip  dst_chip  src_pe  dst_pe  inject_cycle
# 589 entries, 4 chips x 256 PE, 5 timesteps
# seed=57, sparsity=0.15, interval=2000
0  1  0  9  2000
0  1  13  248  2000
0  1  18  79  2000
0  1  31  234  2000
0  1  34  174  2000
0  1  39  0  2000
0  1  47  223  2000
0  1  52  18  2000
0  1  55  161  2000
0  1  63  228  2000
0  1  66  87  2000
0  1  74  55  2000
0  1  76  73  2000
0  1  77  13  2000
0  1  81  135  2000
0  1  93  247  2000
0  1  95  38  2000
0  1  98  23  2000
0  1  99  39  2000
0  1  104  17  2000
0  1  111  21  2000
0  1  126  95  2000
0  1  143  28  2000
0  1  144  135  2000
0  1  175  227  2000
0  1  177  72  2000
0  1  182  170  2000
0  1  184  59  2000
0  1  197  142  2000
0  1  206  177  2000
0  1  207  101  2000
0  1  209  194  2000
0  1  244  162  2000
1  2  3  84  2000
1  2  15  174  2000
1  2  24  204  2000
1  2  35  72  2000
1  2  51  221  2000
1  2  52  188  2000
1  2  57  48  2000
1  2  72  250  2000
1  2  74  240  2000
1  2  83  15  2000
1  2  85  121  2000
1  2  87  96  2000
1  2  98  220  2000
1  2  102  1  2000
1  2  115  70  2000
1  2  121  207  2000
1  2  122  159  2000
1  2  132  215  2000
1  2  133  236  2000
1  2  138  79  2000
1  2  145  162  2000
1  2  156  101  2000
1  2  157  224  2000
1  2  161  41  2000
1  2  163  190  2000
1  2  175  166  2000
1  2  183  227  2000
1  2  187  109  2000
1  2  195  136  2000
1  2  210  136  2000
1  2  212  92  2000
1  2  218  99  2000
1  2  251  65  2000
2  3  3  196  2000
2  3  6  224  2000
2  3  10  44  2000
2  3  16  38  2000
2  3  21  23  2000
2  3  39  33  2000
2  3  41  235  2000
2  3  49  220  2000
2  3  50  233  2000
2  3  52  132  2000
2  3  54  230  2000
2  3  72  141  2000
2  3  77  37  2000
2  3  96  252  2000
2  3  114  34  2000
2  3  117  107  2000
2  3  133  98  2000
2  3  137  226  2000
2  3  139  85  2000
2  3  152  54  2000
2  3  154  204  2000
2  3  165  206  2000
2  3  166  55  2000
2  3  176  68  2000
2  3  184  142  2000
2  3  186  32  2000
2  3  190  212  2000
2  3  191  77  2000
2  3  197  177  2000
2  3  199  187  2000
2  3  203  213  2000
2  3  205  176  2000
2  3  207  171  2000
2  3  209  155  2000
2  3  214  153  2000
2  3  224  90  2000
2  3  225  65  2000
2  3  231  104  2000
2  3  237  27  2000
2  3  250  77  2000
2  3  252  103  2000
0  1  3  5  4000
0  1  12  170  4000
0  1  45  112  4000
0  1  47  190  4000
0  1  66  228  4000
0  1  81  68  4000
0  1  88  211  4000
0  1  90  210  4000
0  1  98  105  4000
0  1  102  150  4000
0  1  110  218  4000
0  1  114  105  4000
0  1  116  132  4000
0  1  120  139  4000
0  1  121  19  4000
0  1  127  212  4000
0  1  135  125  4000
0  1  146  127  4000
0  1  150  156  4000
0  1  160  4  4000
0  1  162  70  4000
0  1  176  65  4000
0  1  177  26  4000
0  1  180  57  4000
0  1  184  46  4000
0  1  188  87  4000
0  1  199  238  4000
0  1  200  255  4000
0  1  206  196  4000
0  1  215  161  4000
0  1  220  68  4000
0  1  225  119  4000
0  1  230  195  4000
0  1  236  21  4000
0  1  238  6  4000
0  1  245  219  4000
0  1  249  98  4000
0  1  250  94  4000
0  1  254  23  4000
1  2  7  18  4000
1  2  22  159  4000
1  2  24  201  4000
1  2  28  2  4000
1  2  30  215  4000
1  2  37  168  4000
1  2  42  50  4000
1  2  46  229  4000
1  2  53  119  4000
1  2  67  72  4000
1  2  91  168  4000
1  2  95  27  4000
1  2  96  40  4000
1  2  98  121  4000
1  2  106  16  4000
1  2  115  135  4000
1  2  117  197  4000
1  2  123  136  4000
1  2  125  82  4000
1  2  126  6  4000
1  2  141  118  4000
1  2  156  255  4000
1  2  162  134  4000
1  2  167  146  4000
1  2  174  29  4000
1  2  189  240  4000
1  2  190  252  4000
1  2  213  158  4000
1  2  219  56  4000
1  2  225  161  4000
1  2  227  178  4000
1  2  230  233  4000
1  2  232  231  4000
1  2  236  37  4000
1  2  246  149  4000
1  2  248  236  4000
1  2  255  212  4000
2  3  3  134  4000
2  3  4  83  4000
2  3  14  101  4000
2  3  17  137  4000
2  3  20  51  4000
2  3  25  70  4000
2  3  30  16  4000
2  3  33  234  4000
2  3  52  242  4000
2  3  58  37  4000
2  3  59  106  4000
2  3  60  251  4000
2  3  65  42  4000
2  3  75  69  4000
2  3  84  154  4000
2  3  92  205  4000
2  3  97  141  4000
2  3  118  5  4000
2  3  126  115  4000
2  3  129  254  4000
2  3  136  140  4000
2  3  144  0  4000
2  3  156  228  4000
2  3  158  151  4000
2  3  170  229  4000
2  3  198  49  4000
2  3  201  204  4000
2  3  208  154  4000
2  3  210  123  4000
2  3  212  201  4000
2  3  220  116  4000
2  3  239  137  4000
2  3  245  104  4000
2  3  248  126  4000
2  3  250  23  4000
2  3  253  225  4000
0  1  1  55  6000
0  1  21  161  6000
0  1  33  163  6000
0  1  45  181  6000
0  1  52  221  6000
0  1  63  29  6000
0  1  79  211  6000
0  1  84  246  6000
0  1  86  215  6000
0  1  87  203  6000
0  1  98  38  6000
0  1  115  159  6000
0  1  119  108  6000
0  1  120  4  6000
0  1  123  108  6000
0  1  130  59  6000
0  1  145  88  6000
0  1  148  158  6000
0  1  150  226  6000
0  1  152  250  6000
0  1  153  234  6000
0  1  154  10  6000
0  1  157  156  6000
0  1  158  139  6000
0  1  159  136  6000
0  1  181  143  6000
0  1  184  108  6000
0  1  188  89  6000
0  1  189  95  6000
0  1  198  221  6000
0  1  200  142  6000
0  1  207  119  6000
0  1  209  95  6000
0  1  226  78  6000
0  1  227  249  6000
0  1  235  156  6000
0  1  239  249  6000
0  1  240  47  6000
0  1  247  8  6000
1  2  8  60  6000
1  2  10  235  6000
1  2  13  40  6000
1  2  16  15  6000
1  2  23  171  6000
1  2  24  82  6000
1  2  25  197  6000
1  2  29  222  6000
1  2  31  196  6000
1  2  35  11  6000
1  2  53  14  6000
1  2  54  249  6000
1  2  62  63  6000
1  2  67  156  6000
1  2  71  79  6000
1  2  73  116  6000
1  2  89  33  6000
1  2  90  204  6000
1  2  99  65  6000
1  2  105  41  6000
1  2  121  31  6000
1  2  139  129  6000
1  2  141  34  6000
1  2  145  105  6000
1  2  146  171  6000
1  2  156  158  6000
1  2  158  231  6000
1  2  162  26  6000
1  2  166  214  6000
1  2  173  19  6000
1  2  178  169  6000
1  2  181  87  6000
1  2  186  161  6000
1  2  189  42  6000
1  2  195  107  6000
1  2  198  202  6000
1  2  206  41  6000
1  2  207  2  6000
1  2  212  117  6000
1  2  220  122  6000
1  2  222  42  6000
1  2  233  34  6000
1  2  239  218  6000
1  2  243  207  6000
1  2  250  231  6000
1  2  254  94  6000
2  3  0  122  6000
2  3  7  175  6000
2  3  15  121  6000
2  3  23  160  6000
2  3  46  170  6000
2  3  50  43  6000
2  3  68  201  6000
2  3  76  169  6000
2  3  83  132  6000
2  3  107  192  6000
2  3  112  92  6000
2  3  113  191  6000
2  3  121  132  6000
2  3  127  206  6000
2  3  129  246  6000
2  3  131  40  6000
2  3  138  121  6000
2  3  148  76  6000
2  3  152  108  6000
2  3  153  107  6000
2  3  154  18  6000
2  3  155  251  6000
2  3  162  46  6000
2  3  163  218  6000
2  3  170  10  6000
2  3  171  245  6000
2  3  175  214  6000
2  3  178  170  6000
2  3  188  252  6000
2  3  194  239  6000
2  3  198  241  6000
2  3  212  48  6000
2  3  213  191  6000
2  3  214  212  6000
2  3  217  65  6000
2  3  218  155  6000
2  3  222  130  6000
2  3  225  124  6000
2  3  255  220  6000
0  1  10  174  8000
0  1  41  162  8000
0  1  43  10  8000
0  1  47  205  8000
0  1  52  179  8000
0  1  53  58  8000
0  1  60  118  8000
0  1  65  21  8000
0  1  66  247  8000
0  1  73  228  8000
0  1  81  178  8000
0  1  105  159  8000
0  1  108  134  8000
0  1  120  232  8000
0  1  135  254  8000
0  1  141  3  8000
0  1  146  82  8000
0  1  163  218  8000
0  1  167  124  8000
0  1  169  136  8000
0  1  176  190  8000
0  1  183  192  8000
0  1  199  222  8000
0  1  208  214  8000
0  1  219  229  8000
0  1  223  52  8000
0  1  225  77  8000
0  1  228  178  8000
0  1  230  120  8000
0  1  235  11  8000
0  1  244  103  8000
0  1  253  148  8000
0  1  254  65  8000
1  2  3  93  8000
1  2  7  168  8000
1  2  22  44  8000
1  2  37  85  8000
1  2  38  97  8000
1  2  52  58  8000
1  2  56  197  8000
1  2  72  88  8000
1  2  73  224  8000
1  2  81  116  8000
1  2  82  86  8000
1  2  84  79  8000
1  2  90  234  8000
1  2  100  137  8000
1  2  106  199  8000
1  2  108  191  8000
1  2  109  177  8000
1  2  135  242  8000
1  2  143  7  8000
1  2  161  7  8000
1  2  174  191  8000
1  2  175  236  8000
1  2  179  49  8000
1  2  187  152  8000
1  2  198  213  8000
1  2  200  255  8000
1  2  207  94  8000
1  2  208  38  8000
1  2  212  46  8000
1  2  214  219  8000
1  2  223  168  8000
1  2  231  199  8000
1  2  234  153  8000
1  2  235  138  8000
1  2  236  222  8000
1  2  238  127  8000
1  2  247  2  8000
2  3  1  110  8000
2  3  10  65  8000
2  3  16  168  8000
2  3  18  140  8000
2  3  33  13  8000
2  3  38  58  8000
2  3  40  158  8000
2  3  41  245  8000
2  3  42  104  8000
2  3  48  146  8000
2  3  51  24  8000
2  3  52  13  8000
2  3  70  41  8000
2  3  74  79  8000
2  3  76  210  8000
2  3  77  252  8000
2  3  83  34  8000
2  3  84  157  8000
2  3  85  250  8000
2  3  86  2  8000
2  3  87  15  8000
2  3  93  85  8000
2  3  94  161  8000
2  3  104  15  8000
2  3  117  184  8000
2  3  121  132  8000
2  3  128  85  8000
2  3  141  146  8000
2  3  147  0  8000
2  3  152  225  8000
2  3  154  193  8000
2  3  163  174  8000
2  3  166  167  8000
2  3  168  66  8000
2  3  170  244  8000
2  3  176  176  8000
2  3  178  26  8000
2  3  182  174  8000
2  3  185  150  8000
2  3  186  29  8000
2  3  202  76  8000
2  3  207  81  8000
2  3  212  192  8000
2  3  217  204  8000
2  3  218  125  8000
2  3  223  142  8000
2  3  228  228  8000
2  3  231  189  8000
2  3  236  36  8000
2  3  238  47  8000
2  3  246  166  8000
2  3  252  171  8000
0  1  4  229  10000
0  1  5  52  10000
0  1  25  252  10000
0  1  27  57  10000
0  1  28  58  10000
0  1  29  12  10000
0  1  41  6  10000
0  1  44  166  10000
0  1  46  165  10000
0  1  48  198  10000
0  1  67  175  10000
0  1  72  254  10000
0  1  78  100  10000
0  1  79  143  10000
0  1  87  38  10000
0  1  101  42  10000
0  1  102  64  10000
0  1  109  232  10000
0  1  110  47  10000
0  1  128  219  10000
0  1  130  143  10000
0  1  134  162  10000
0  1  136  176  10000
0  1  137  29  10000
0  1  144  146  10000
0  1  147  25  10000
0  1  151  166  10000
0  1  158  128  10000
0  1  163  211  10000
0  1  167  161  10000
0  1  178  62  10000
0  1  183  162  10000
0  1  194  136  10000
0  1  208  171  10000
0  1  209  245  10000
0  1  217  240  10000
0  1  218  230  10000
0  1  221  59  10000
0  1  224  208  10000
0  1  231  89  10000
0  1  247  155  10000
0  1  253  36  10000
1  2  1  166  10000
1  2  2  16  10000
1  2  5  32  10000
1  2  7  24  10000
1  2  14  36  10000
1  2  16  16  10000
1  2  18  49  10000
1  2  29  32  10000
1  2  32  239  10000
1  2  36  3  10000
1  2  37  181  10000
1  2  40  86  10000
1  2  49  151  10000
1  2  51  136  10000
1  2  52  212  10000
1  2  60  144  10000
1  2  70  25  10000
1  2  71  247  10000
1  2  72  244  10000
1  2  84  60  10000
1  2  91  212  10000
1  2  92  177  10000
1  2  96  82  10000
1  2  104  68  10000
1  2  107  33  10000
1  2  119  102  10000
1  2  120  178  10000
1  2  126  47  10000
1  2  128  204  10000
1  2  130  33  10000
1  2  141  149  10000
1  2  152  33  10000
1  2  154  243  10000
1  2  156  43  10000
1  2  159  212  10000
1  2  160  1  10000
1  2  165  243  10000
1  2  171  22  10000
1  2  181  183  10000
1  2  183  140  10000
1  2  186  222  10000
1  2  190  185  10000
1  2  198  158  10000
1  2  205  65  10000
1  2  222  232  10000
1  2  253  84  10000
2  3  2  222  10000
2  3  6  207  10000
2  3  12  177  10000
2  3  18  93  10000
2  3  22  51  10000
2  3  27  176  10000
2  3  28  56  10000
2  3  45  208  10000
2  3  61  230  10000
2  3  62  204  10000
2  3  63  61  10000
2  3  76  47  10000
2  3  78  211  10000
2  3  79  62  10000
2  3  81  56  10000
2  3  85  180  10000
2  3  107  252  10000
2  3  109  73  10000
2  3  110  44  10000
2  3  128  19  10000
2  3  142  159  10000
2  3  164  8  10000
2  3  166  253  10000
2  3  175  117  10000
2  3  185  27  10000
2  3  188  53  10000
2  3  194  39  10000
2  3  201  172  10000
2  3  205  139  10000
2  3  208  103  10000
2  3  227  172  10000
2  3  230  16  10000
2  3  252  177  10000
2  3  253  2  10000
2  3  254  115  10000
2  3  255  145  10000
