# src_chip  dst_chip  src_pe  dst_pe  inject_cycle
# 691 entries, 16 chips x 64 PE, 5 timesteps
# seed=64, sparsity=0.15, interval=2000
0  1  4  34  2000
0  1  11  53  2000
0  1  14  0  2000
0  1  21  3  2000
0  1  32  59  2000
0  1  42  20  2000
0  1  50  33  2000
0  1  57  6  2000
0  1  58  7  2000
1  2  1  63  2000
1  2  4  40  2000
1  2  10  42  2000
1  2  17  1  2000
1  2  27  38  2000
1  2  32  15  2000
1  2  37  11  2000
1  2  38  15  2000
1  2  40  20  2000
1  2  45  0  2000
1  2  52  0  2000
2  3  7  23  2000
2  3  20  53  2000
2  3  24  7  2000
2  3  30  53  2000
2  3  34  56  2000
2  3  37  49  2000
2  3  41  26  2000
2  3  46  3  2000
2  3  49  29  2000
3  4  6  58  2000
3  4  15  6  2000
3  4  20  3  2000
3  4  21  58  2000
3  4  22  1  2000
3  4  37  48  2000
3  4  39  51  2000
3  4  40  25  2000
3  4  46  28  2000
3  4  48  3  2000
3  4  51  60  2000
3  4  59  38  2000
4  5  4  18  2000
4  5  19  46  2000
4  5  20  56  2000
4  5  25  19  2000
4  5  32  49  2000
4  5  41  56  2000
4  5  43  2  2000
4  5  48  20  2000
4  5  53  56  2000
4  5  60  33  2000
5  6  8  25  2000
5  6  9  43  2000
5  6  18  0  2000
5  6  22  35  2000
5  6  23  18  2000
5  6  24  18  2000
5  6  28  35  2000
5  6  29  63  2000
5  6  35  47  2000
5  6  39  20  2000
5  6  45  0  2000
5  6  46  51  2000
5  6  63  35  2000
6  7  18  47  2000
6  7  20  10  2000
6  7  24  38  2000
6  7  25  37  2000
6  7  26  49  2000
6  7  38  39  2000
6  7  46  44  2000
6  7  47  15  2000
6  7  50  14  2000
6  7  53  0  2000
6  7  55  6  2000
6  7  58  62  2000
6  7  62  55  2000
7  8  4  13  2000
7  8  20  43  2000
7  8  22  32  2000
7  8  28  22  2000
7  8  34  51  2000
7  8  36  25  2000
7  8  41  21  2000
7  8  48  63  2000
7  8  58  1  2000
7  8  62  11  2000
8  9  3  36  2000
8  9  6  59  2000
8  9  10  55  2000
8  9  13  36  2000
8  9  17  39  2000
8  9  30  14  2000
8  9  48  2  2000
8  9  53  20  2000
8  9  56  60  2000
8  9  57  54  2000
9  10  2  60  2000
9  10  5  4  2000
9  10  26  48  2000
9  10  33  26  2000
9  10  43  2  2000
9  10  53  41  2000
9  10  63  46  2000
10  11  2  37  2000
10  11  19  50  2000
10  11  21  42  2000
10  11  50  21  2000
11  12  1  59  2000
11  12  2  58  2000
11  12  8  29  2000
11  12  10  27  2000
11  12  12  44  2000
11  12  14  21  2000
11  12  22  2  2000
11  12  27  16  2000
11  12  34  50  2000
11  12  41  26  2000
11  12  55  5  2000
12  13  2  4  2000
12  13  3  6  2000
12  13  9  9  2000
12  13  10  33  2000
12  13  12  49  2000
12  13  14  42  2000
12  13  22  48  2000
12  13  25  16  2000
12  13  32  19  2000
12  13  33  45  2000
13  14  10  4  2000
13  14  11  49  2000
13  14  14  23  2000
13  14  15  25  2000
13  14  19  26  2000
13  14  26  39  2000
13  14  28  30  2000
13  14  37  59  2000
13  14  50  31  2000
14  15  10  9  2000
14  15  18  47  2000
14  15  21  43  2000
14  15  25  61  2000
14  15  26  48  2000
14  15  27  54  2000
14  15  33  15  2000
14  15  57  50  2000
14  15  59  4  2000
0  1  2  42  4000
0  1  7  58  4000
0  1  11  21  4000
0  1  33  35  4000
0  1  34  23  4000
0  1  35  48  4000
0  1  47  12  4000
0  1  54  23  4000
1  2  3  12  4000
1  2  6  42  4000
1  2  34  55  4000
1  2  35  18  4000
1  2  50  61  4000
1  2  60  57  4000
1  2  61  39  4000
2  3  20  5  4000
2  3  22  57  4000
2  3  29  44  4000
2  3  31  45  4000
2  3  39  21  4000
2  3  42  28  4000
2  3  50  31  4000
2  3  51  10  4000
2  3  52  62  4000
2  3  60  24  4000
3  4  7  3  4000
3  4  14  4  4000
3  4  20  37  4000
3  4  47  10  4000
3  4  49  13  4000
3  4  55  36  4000
4  5  15  11  4000
4  5  21  21  4000
4  5  29  37  4000
4  5  37  45  4000
4  5  45  51  4000
4  5  46  11  4000
4  5  48  56  4000
4  5  49  36  4000
4  5  54  15  4000
4  5  59  63  4000
5  6  0  52  4000
5  6  9  2  4000
5  6  14  31  4000
5  6  19  47  4000
5  6  21  20  4000
5  6  23  12  4000
5  6  24  50  4000
5  6  29  56  4000
5  6  31  26  4000
5  6  36  34  4000
5  6  38  29  4000
5  6  40  13  4000
5  6  46  20  4000
5  6  49  49  4000
6  7  3  16  4000
6  7  9  43  4000
6  7  11  46  4000
6  7  13  48  4000
6  7  17  28  4000
6  7  24  1  4000
6  7  25  44  4000
6  7  28  9  4000
6  7  46  41  4000
6  7  58  57  4000
6  7  59  35  4000
7  8  0  17  4000
7  8  1  1  4000
7  8  9  16  4000
7  8  22  50  4000
7  8  26  57  4000
7  8  38  46  4000
7  8  42  32  4000
7  8  61  14  4000
8  9  21  54  4000
8  9  32  43  4000
8  9  34  62  4000
8  9  46  43  4000
8  9  53  5  4000
8  9  55  38  4000
9  10  11  28  4000
9  10  14  62  4000
9  10  15  57  4000
9  10  18  40  4000
9  10  19  5  4000
9  10  27  10  4000
9  10  31  41  4000
9  10  32  42  4000
9  10  38  23  4000
9  10  45  48  4000
9  10  46  50  4000
9  10  52  0  4000
9  10  56  15  4000
9  10  62  56  4000
10  11  6  2  4000
10  11  12  30  4000
10  11  20  5  4000
10  11  27  33  4000
10  11  28  0  4000
10  11  40  56  4000
10  11  51  56  4000
10  11  55  27  4000
10  11  60  30  4000
11  12  7  39  4000
11  12  19  63  4000
11  12  39  10  4000
11  12  49  2  4000
11  12  58  36  4000
12  13  4  47  4000
12  13  25  16  4000
12  13  27  21  4000
12  13  36  5  4000
12  13  39  17  4000
12  13  43  53  4000
12  13  46  61  4000
12  13  47  18  4000
12  13  55  26  4000
12  13  61  40  4000
13  14  10  49  4000
13  14  32  28  4000
13  14  37  23  4000
13  14  42  53  4000
13  14  51  46  4000
13  14  58  40  4000
13  14  61  47  4000
14  15  7  62  4000
14  15  11  25  4000
14  15  21  48  4000
14  15  53  63  4000
14  15  58  10  4000
14  15  60  62  4000
0  1  13  52  6000
0  1  14  37  6000
0  1  16  14  6000
0  1  18  43  6000
0  1  22  2  6000
0  1  31  22  6000
0  1  51  61  6000
1  2  0  40  6000
1  2  8  42  6000
1  2  10  44  6000
1  2  19  46  6000
1  2  21  35  6000
1  2  27  19  6000
1  2  34  20  6000
1  2  35  24  6000
1  2  47  27  6000
1  2  48  40  6000
1  2  50  4  6000
1  2  61  40  6000
2  3  0  9  6000
2  3  3  1  6000
2  3  13  23  6000
2  3  16  11  6000
2  3  31  22  6000
2  3  45  46  6000
2  3  57  35  6000
2  3  62  55  6000
3  4  7  1  6000
3  4  16  15  6000
3  4  22  51  6000
3  4  31  22  6000
3  4  43  44  6000
3  4  54  50  6000
4  5  8  50  6000
4  5  12  13  6000
4  5  24  42  6000
4  5  33  25  6000
4  5  43  24  6000
4  5  44  28  6000
5  6  6  5  6000
5  6  15  45  6000
5  6  16  18  6000
5  6  18  29  6000
5  6  32  53  6000
5  6  44  28  6000
5  6  55  52  6000
5  6  59  13  6000
5  6  62  20  6000
6  7  3  5  6000
6  7  15  26  6000
6  7  22  4  6000
6  7  25  33  6000
6  7  55  25  6000
6  7  58  25  6000
7  8  4  54  6000
7  8  6  8  6000
7  8  10  2  6000
7  8  14  22  6000
7  8  15  30  6000
7  8  25  15  6000
7  8  31  27  6000
7  8  33  19  6000
7  8  35  61  6000
7  8  54  43  6000
7  8  59  30  6000
8  9  7  58  6000
8  9  9  15  6000
8  9  14  47  6000
8  9  17  41  6000
8  9  29  20  6000
8  9  32  4  6000
8  9  49  14  6000
8  9  62  17  6000
8  9  63  34  6000
9  10  1  8  6000
9  10  7  37  6000
9  10  8  34  6000
9  10  25  56  6000
9  10  31  53  6000
9  10  59  49  6000
10  11  10  42  6000
10  11  12  53  6000
10  11  15  50  6000
10  11  19  16  6000
10  11  22  62  6000
10  11  27  23  6000
10  11  38  0  6000
10  11  52  42  6000
10  11  55  21  6000
11  12  7  60  6000
11  12  14  48  6000
11  12  21  20  6000
11  12  31  58  6000
11  12  33  50  6000
11  12  40  21  6000
11  12  42  21  6000
11  12  45  10  6000
11  12  52  12  6000
11  12  58  60  6000
11  12  60  28  6000
11  12  63  38  6000
12  13  19  10  6000
12  13  26  22  6000
12  13  28  59  6000
12  13  35  49  6000
12  13  38  37  6000
12  13  49  10  6000
12  13  59  19  6000
13  14  7  50  6000
13  14  8  32  6000
13  14  12  32  6000
13  14  14  57  6000
13  14  20  47  6000
13  14  21  33  6000
13  14  26  22  6000
13  14  38  27  6000
13  14  44  32  6000
13  14  56  37  6000
13  14  57  0  6000
13  14  60  10  6000
13  14  61  56  6000
14  15  2  49  6000
14  15  19  48  6000
14  15  32  57  6000
14  15  33  12  6000
14  15  45  35  6000
14  15  50  44  6000
14  15  57  35  6000
14  15  58  0  6000
0  1  3  24  8000
0  1  5  60  8000
0  1  6  24  8000
0  1  16  61  8000
0  1  18  15  8000
0  1  26  35  8000
0  1  54  36  8000
1  2  8  44  8000
1  2  19  18  8000
1  2  22  60  8000
1  2  30  30  8000
1  2  31  44  8000
1  2  38  3  8000
1  2  47  62  8000
1  2  49  42  8000
1  2  51  2  8000
1  2  52  61  8000
1  2  58  43  8000
1  2  63  4  8000
2  3  0  52  8000
2  3  10  48  8000
2  3  13  0  8000
2  3  16  17  8000
2  3  24  55  8000
2  3  25  17  8000
2  3  43  49  8000
2  3  46  16  8000
2  3  54  2  8000
3  4  8  13  8000
3  4  12  27  8000
3  4  16  53  8000
3  4  25  32  8000
3  4  29  44  8000
3  4  36  17  8000
3  4  37  32  8000
3  4  43  51  8000
3  4  50  60  8000
3  4  54  53  8000
4  5  0  53  8000
4  5  18  18  8000
4  5  48  54  8000
4  5  60  8  8000
5  6  18  0  8000
5  6  30  2  8000
5  6  36  36  8000
5  6  42  22  8000
5  6  46  47  8000
5  6  49  29  8000
6  7  5  46  8000
6  7  8  56  8000
6  7  16  24  8000
6  7  21  48  8000
6  7  22  22  8000
6  7  35  4  8000
6  7  46  18  8000
6  7  63  38  8000
7  8  14  57  8000
7  8  22  46  8000
7  8  23  37  8000
7  8  26  9  8000
7  8  27  42  8000
7  8  37  31  8000
7  8  43  2  8000
7  8  46  52  8000
7  8  62  2  8000
7  8  63  10  8000
8  9  13  28  8000
8  9  18  32  8000
8  9  23  20  8000
8  9  24  15  8000
8  9  25  5  8000
8  9  40  39  8000
8  9  43  34  8000
8  9  47  27  8000
8  9  49  45  8000
8  9  51  55  8000
9  10  6  59  8000
9  10  7  42  8000
9  10  15  19  8000
9  10  20  48  8000
9  10  24  12  8000
9  10  33  18  8000
9  10  34  59  8000
9  10  44  60  8000
9  10  55  32  8000
10  11  1  48  8000
10  11  5  60  8000
10  11  6  42  8000
10  11  15  49  8000
10  11  33  25  8000
10  11  41  59  8000
10  11  53  27  8000
10  11  54  61  8000
10  11  55  5  8000
10  11  62  9  8000
11  12  4  50  8000
11  12  7  37  8000
11  12  8  31  8000
11  12  9  2  8000
11  12  19  12  8000
11  12  22  35  8000
11  12  26  58  8000
11  12  29  16  8000
11  12  40  47  8000
11  12  51  48  8000
11  12  59  15  8000
11  12  61  24  8000
12  13  2  1  8000
12  13  5  1  8000
12  13  18  24  8000
12  13  19  10  8000
12  13  21  29  8000
12  13  23  54  8000
12  13  24  56  8000
12  13  40  41  8000
12  13  45  0  8000
12  13  47  39  8000
12  13  62  63  8000
13  14  0  41  8000
13  14  2  39  8000
13  14  10  37  8000
13  14  16  59  8000
13  14  25  2  8000
13  14  30  18  8000
13  14  39  45  8000
13  14  41  42  8000
13  14  43  39  8000
13  14  44  57  8000
13  14  61  25  8000
14  15  0  26  8000
14  15  4  39  8000
14  15  6  57  8000
14  15  8  5  8000
14  15  9  16  8000
14  15  18  52  8000
14  15  27  38  8000
14  15  34  50  8000
14  15  40  26  8000
14  15  45  53  8000
14  15  53  10  8000
14  15  57  58  8000
14  15  62  49  8000
0  1  1  53  10000
0  1  14  5  10000
0  1  15  60  10000
0  1  22  45  10000
0  1  24  10  10000
0  1  25  37  10000
0  1  28  37  10000
0  1  37  43  10000
0  1  44  39  10000
0  1  47  6  10000
0  1  61  43  10000
1  2  0  31  10000
1  2  3  42  10000
1  2  5  6  10000
1  2  7  61  10000
1  2  22  53  10000
1  2  35  28  10000
1  2  56  39  10000
1  2  63  38  10000
2  3  6  62  10000
2  3  22  28  10000
2  3  24  46  10000
2  3  26  36  10000
2  3  31  60  10000
2  3  36  33  10000
2  3  41  11  10000
2  3  42  30  10000
2  3  47  50  10000
2  3  50  1  10000
2  3  55  41  10000
2  3  61  57  10000
3  4  4  62  10000
3  4  15  17  10000
3  4  22  6  10000
3  4  30  8  10000
3  4  34  20  10000
3  4  36  27  10000
3  4  40  36  10000
3  4  42  61  10000
3  4  43  58  10000
3  4  58  37  10000
4  5  8  19  10000
4  5  11  10  10000
4  5  26  51  10000
4  5  35  59  10000
5  6  4  58  10000
5  6  8  33  10000
5  6  18  42  10000
5  6  20  35  10000
5  6  38  18  10000
5  6  40  52  10000
5  6  56  26  10000
5  6  57  27  10000
5  6  61  47  10000
6  7  6  43  10000
6  7  10  37  10000
6  7  20  19  10000
6  7  25  48  10000
6  7  28  4  10000
6  7  31  57  10000
6  7  40  43  10000
6  7  42  53  10000
6  7  45  3  10000
6  7  55  10  10000
6  7  59  3  10000
6  7  60  20  10000
7  8  2  51  10000
7  8  4  44  10000
7  8  13  19  10000
7  8  14  37  10000
7  8  18  63  10000
7  8  19  12  10000
7  8  32  28  10000
7  8  42  13  10000
7  8  50  3  10000
7  8  54  27  10000
7  8  58  48  10000
7  8  59  17  10000
7  8  61  46  10000
8  9  17  30  10000
8  9  19  11  10000
8  9  29  45  10000
8  9  31  3  10000
8  9  34  61  10000
8  9  40  55  10000
8  9  42  30  10000
8  9  53  58  10000
9  10  5  31  10000
9  10  7  47  10000
9  10  13  3  10000
9  10  20  18  10000
9  10  28  6  10000
9  10  34  57  10000
9  10  40  30  10000
9  10  48  51  10000
9  10  54  7  10000
9  10  55  19  10000
10  11  0  8  10000
10  11  6  12  10000
10  11  15  15  10000
10  11  16  58  10000
10  11  33  33  10000
10  11  36  17  10000
10  11  45  62  10000
10  11  47  56  10000
11  12  4  29  10000
11  12  7  17  10000
11  12  23  43  10000
11  12  25  20  10000
11  12  36  21  10000
11  12  37  21  10000
11  12  51  63  10000
11  12  55  49  10000
11  12  57  14  10000
12  13  8  4  10000
12  13  10  26  10000
12  13  23  57  10000
12  13  28  25  10000
12  13  34  50  10000
12  13  35  21  10000
12  13  41  27  10000
12  13  51  58  10000
12  13  52  47  10000
12  13  57  41  10000
13  14  3  10  10000
13  14  4  51  10000
13  14  7  40  10000
13  14  24  52  10000
13  14  30  27  10000
13  14  41  36  10000
13  14  46  22  10000
13  14  53  3  10000
14  15  7  59  10000
14  15  17  22  10000
14  15  24  51  10000
14  15  28  61  10000
14  15  29  62  10000
14  15  33  49  10000
14  15  34  24  10000
14  15  40  6  10000
14  15  55  11  10000
14  15  58  35  10000
