# src_chip  dst_chip  src_pe  dst_pe  inject_cycle
# 675 entries, 16 chips x 64 PE, 5 timesteps
# seed=66, sparsity=0.15, interval=2000
0  1  0  55  2000
0  1  6  63  2000
0  1  16  14  2000
0  1  37  15  2000
0  1  40  50  2000
0  1  42  54  2000
0  1  49  40  2000
0  1  56  22  2000
0  1  59  7  2000
0  1  62  50  2000
0  1  63  19  2000
1  2  4  54  2000
1  2  5  12  2000
1  2  35  20  2000
1  2  54  25  2000
2  3  1  15  2000
2  3  14  48  2000
2  3  29  5  2000
2  3  35  17  2000
2  3  43  40  2000
2  3  46  6  2000
2  3  47  4  2000
2  3  56  41  2000
2  3  61  39  2000
3  4  16  32  2000
3  4  24  55  2000
3  4  25  36  2000
3  4  38  58  2000
3  4  41  40  2000
3  4  47  40  2000
3  4  48  37  2000
3  4  50  20  2000
3  4  51  51  2000
3  4  58  11  2000
4  5  1  7  2000
4  5  19  33  2000
4  5  25  0  2000
4  5  41  40  2000
4  5  42  49  2000
4  5  48  16  2000
4  5  52  53  2000
4  5  59  32  2000
4  5  63  35  2000
5  6  8  7  2000
5  6  27  7  2000
5  6  36  49  2000
5  6  42  59  2000
5  6  56  48  2000
5  6  60  52  2000
6  7  7  45  2000
6  7  27  55  2000
6  7  38  14  2000
6  7  41  40  2000
6  7  45  11  2000
6  7  56  10  2000
7  8  4  26  2000
7  8  8  51  2000
7  8  10  42  2000
7  8  11  11  2000
7  8  13  46  2000
7  8  14  60  2000
7  8  19  36  2000
7  8  52  32  2000
8  9  3  45  2000
8  9  15  50  2000
8  9  17  35  2000
8  9  22  19  2000
8  9  26  61  2000
8  9  34  8  2000
8  9  47  8  2000
8  9  49  17  2000
8  9  61  26  2000
8  9  63  60  2000
9  10  2  59  2000
9  10  9  6  2000
9  10  21  37  2000
9  10  27  17  2000
9  10  28  26  2000
9  10  33  49  2000
9  10  36  12  2000
9  10  41  61  2000
9  10  48  60  2000
9  10  60  1  2000
10  11  0  40  2000
10  11  17  28  2000
10  11  20  7  2000
10  11  22  37  2000
10  11  29  13  2000
10  11  36  54  2000
10  11  38  28  2000
10  11  49  41  2000
10  11  51  36  2000
10  11  55  15  2000
10  11  57  51  2000
10  11  60  5  2000
10  11  61  58  2000
11  12  2  57  2000
11  12  9  29  2000
11  12  19  3  2000
11  12  22  7  2000
11  12  23  9  2000
11  12  25  28  2000
11  12  47  49  2000
11  12  49  50  2000
11  12  52  49  2000
12  13  5  60  2000
12  13  13  9  2000
12  13  17  63  2000
12  13  30  21  2000
12  13  33  32  2000
12  13  38  28  2000
12  13  50  36  2000
12  13  51  35  2000
12  13  55  21  2000
13  14  9  63  2000
13  14  23  62  2000
13  14  24  53  2000
13  14  29  52  2000
13  14  31  21  2000
13  14  33  20  2000
13  14  49  6  2000
13  14  53  30  2000
13  14  56  52  2000
14  15  5  15  2000
14  15  15  35  2000
14  15  19  8  2000
14  15  24  45  2000
14  15  27  23  2000
14  15  30  2  2000
14  15  32  27  2000
0  1  5  17  4000
0  1  9  23  4000
0  1  14  12  4000
0  1  16  16  4000
0  1  22  0  4000
0  1  30  49  4000
0  1  40  49  4000
0  1  45  3  4000
0  1  46  31  4000
0  1  53  31  4000
1  2  3  57  4000
1  2  4  20  4000
1  2  13  5  4000
1  2  15  25  4000
1  2  19  27  4000
1  2  31  46  4000
1  2  48  62  4000
1  2  58  5  4000
2  3  2  28  4000
2  3  11  48  4000
2  3  13  10  4000
2  3  16  55  4000
2  3  25  6  4000
2  3  34  8  4000
2  3  35  4  4000
2  3  47  7  4000
2  3  52  11  4000
2  3  61  15  4000
3  4  0  36  4000
3  4  5  20  4000
3  4  11  56  4000
3  4  33  21  4000
3  4  35  35  4000
3  4  37  21  4000
3  4  43  59  4000
3  4  45  48  4000
3  4  52  43  4000
4  5  3  51  4000
4  5  4  11  4000
4  5  6  56  4000
4  5  10  42  4000
4  5  25  45  4000
4  5  30  14  4000
4  5  45  56  4000
4  5  47  29  4000
4  5  51  9  4000
4  5  57  17  4000
4  5  63  20  4000
5  6  5  1  4000
5  6  6  51  4000
5  6  10  6  4000
5  6  18  58  4000
5  6  30  5  4000
5  6  32  45  4000
5  6  33  2  4000
5  6  37  20  4000
5  6  39  41  4000
5  6  41  59  4000
5  6  59  52  4000
5  6  62  32  4000
6  7  6  9  4000
6  7  13  38  4000
6  7  33  6  4000
6  7  39  61  4000
6  7  43  4  4000
6  7  44  53  4000
6  7  49  41  4000
6  7  50  44  4000
6  7  57  21  4000
7  8  12  19  4000
7  8  17  59  4000
7  8  25  59  4000
7  8  35  41  4000
7  8  37  27  4000
7  8  44  10  4000
7  8  63  39  4000
8  9  7  34  4000
8  9  14  39  4000
8  9  17  58  4000
8  9  19  59  4000
8  9  23  16  4000
8  9  26  5  4000
8  9  33  8  4000
8  9  41  2  4000
8  9  44  56  4000
8  9  51  49  4000
8  9  62  25  4000
9  10  4  59  4000
9  10  25  51  4000
10  11  8  37  4000
10  11  11  33  4000
10  11  26  12  4000
10  11  37  1  4000
10  11  40  14  4000
10  11  42  16  4000
10  11  61  14  4000
10  11  63  46  4000
11  12  0  45  4000
11  12  13  46  4000
11  12  14  17  4000
11  12  15  49  4000
11  12  18  26  4000
11  12  22  61  4000
11  12  45  6  4000
11  12  46  23  4000
11  12  48  38  4000
11  12  49  15  4000
11  12  58  51  4000
12  13  0  2  4000
12  13  5  24  4000
12  13  20  24  4000
12  13  21  39  4000
12  13  22  58  4000
12  13  25  41  4000
12  13  26  45  4000
12  13  29  45  4000
12  13  31  42  4000
12  13  37  21  4000
12  13  51  0  4000
12  13  56  13  4000
12  13  63  25  4000
13  14  9  63  4000
13  14  28  39  4000
13  14  35  48  4000
13  14  41  5  4000
13  14  48  42  4000
13  14  51  48  4000
13  14  60  18  4000
13  14  62  39  4000
14  15  24  24  4000
14  15  25  56  4000
14  15  47  61  4000
14  15  52  52  4000
14  15  56  39  4000
14  15  60  23  4000
14  15  61  63  4000
0  1  9  57  6000
0  1  13  14  6000
0  1  14  40  6000
0  1  30  45  6000
0  1  31  9  6000
0  1  60  21  6000
1  2  3  61  6000
1  2  9  44  6000
1  2  16  56  6000
1  2  17  50  6000
1  2  30  15  6000
1  2  37  16  6000
1  2  52  19  6000
2  3  5  19  6000
2  3  9  6  6000
2  3  19  62  6000
2  3  22  17  6000
2  3  36  23  6000
2  3  40  27  6000
2  3  41  10  6000
2  3  42  44  6000
2  3  45  2  6000
2  3  56  35  6000
2  3  60  24  6000
3  4  5  24  6000
3  4  7  2  6000
3  4  12  19  6000
3  4  13  63  6000
3  4  14  48  6000
3  4  18  26  6000
3  4  21  10  6000
3  4  24  6  6000
3  4  29  35  6000
3  4  31  36  6000
3  4  43  49  6000
3  4  52  25  6000
3  4  58  60  6000
3  4  60  50  6000
3  4  62  17  6000
4  5  0  57  6000
4  5  30  21  6000
4  5  31  1  6000
4  5  34  16  6000
4  5  36  20  6000
4  5  42  7  6000
4  5  59  20  6000
5  6  3  37  6000
5  6  4  48  6000
5  6  6  35  6000
5  6  7  35  6000
5  6  15  40  6000
5  6  21  57  6000
5  6  25  6  6000
5  6  28  55  6000
5  6  34  1  6000
5  6  50  25  6000
5  6  59  7  6000
6  7  18  44  6000
6  7  19  27  6000
6  7  30  30  6000
6  7  35  60  6000
6  7  43  32  6000
6  7  49  50  6000
6  7  52  45  6000
7  8  1  23  6000
7  8  3  56  6000
7  8  8  24  6000
7  8  13  16  6000
7  8  39  58  6000
7  8  49  36  6000
7  8  52  18  6000
7  8  54  14  6000
7  8  56  49  6000
8  9  3  23  6000
8  9  4  41  6000
8  9  49  60  6000
8  9  50  25  6000
9  10  0  0  6000
9  10  1  52  6000
9  10  5  33  6000
9  10  7  3  6000
9  10  15  63  6000
9  10  19  63  6000
9  10  23  0  6000
9  10  31  21  6000
9  10  39  27  6000
9  10  49  7  6000
9  10  52  38  6000
9  10  60  5  6000
10  11  1  57  6000
10  11  6  0  6000
10  11  9  25  6000
10  11  10  51  6000
10  11  16  9  6000
10  11  38  48  6000
11  12  0  54  6000
11  12  12  60  6000
11  12  14  17  6000
11  12  21  7  6000
11  12  24  26  6000
11  12  26  43  6000
11  12  29  45  6000
11  12  31  20  6000
11  12  39  43  6000
11  12  40  0  6000
11  12  44  50  6000
11  12  45  46  6000
11  12  46  37  6000
11  12  47  19  6000
11  12  55  9  6000
11  12  63  60  6000
12  13  2  63  6000
12  13  3  3  6000
12  13  9  37  6000
12  13  21  28  6000
12  13  28  46  6000
12  13  42  5  6000
12  13  50  2  6000
12  13  62  16  6000
13  14  1  59  6000
13  14  12  61  6000
13  14  23  54  6000
13  14  28  38  6000
13  14  32  43  6000
13  14  53  40  6000
13  14  61  46  6000
13  14  62  53  6000
14  15  5  17  6000
14  15  11  54  6000
14  15  13  59  6000
14  15  19  1  6000
14  15  26  60  6000
14  15  35  44  6000
14  15  46  16  6000
14  15  56  38  6000
14  15  61  16  6000
14  15  63  17  6000
0  1  3  11  8000
0  1  13  62  8000
0  1  18  11  8000
0  1  38  15  8000
0  1  45  23  8000
0  1  51  26  8000
0  1  55  56  8000
0  1  63  51  8000
1  2  3  33  8000
1  2  4  20  8000
1  2  6  36  8000
1  2  10  16  8000
1  2  14  18  8000
1  2  31  8  8000
1  2  33  25  8000
1  2  36  21  8000
1  2  40  18  8000
1  2  43  9  8000
1  2  47  50  8000
1  2  53  18  8000
2  3  0  31  8000
2  3  11  15  8000
2  3  14  55  8000
2  3  29  38  8000
2  3  30  52  8000
2  3  49  19  8000
2  3  52  47  8000
2  3  53  6  8000
2  3  58  57  8000
2  3  63  34  8000
3  4  5  63  8000
3  4  6  62  8000
3  4  11  59  8000
3  4  21  46  8000
3  4  28  2  8000
3  4  31  19  8000
3  4  33  56  8000
3  4  37  11  8000
3  4  42  20  8000
4  5  8  46  8000
4  5  14  37  8000
4  5  16  29  8000
4  5  30  32  8000
4  5  36  43  8000
4  5  52  32  8000
4  5  63  46  8000
5  6  4  21  8000
5  6  5  11  8000
5  6  9  49  8000
5  6  10  6  8000
5  6  12  13  8000
5  6  13  21  8000
5  6  15  36  8000
5  6  23  39  8000
5  6  29  34  8000
5  6  31  43  8000
5  6  40  7  8000
5  6  54  37  8000
5  6  59  39  8000
6  7  2  2  8000
6  7  5  57  8000
6  7  17  45  8000
6  7  21  51  8000
6  7  40  11  8000
6  7  41  4  8000
6  7  58  36  8000
7  8  4  51  8000
7  8  9  6  8000
7  8  39  32  8000
7  8  43  48  8000
7  8  50  4  8000
7  8  51  34  8000
8  9  20  4  8000
8  9  22  18  8000
8  9  26  43  8000
8  9  52  8  8000
8  9  54  50  8000
9  10  0  37  8000
9  10  13  56  8000
9  10  23  45  8000
9  10  28  52  8000
9  10  44  47  8000
9  10  57  62  8000
9  10  61  15  8000
10  11  4  37  8000
10  11  9  52  8000
10  11  11  22  8000
10  11  15  3  8000
10  11  23  24  8000
10  11  35  49  8000
10  11  41  14  8000
10  11  56  32  8000
10  11  57  53  8000
10  11  59  32  8000
10  11  62  43  8000
11  12  6  63  8000
11  12  15  59  8000
11  12  16  2  8000
11  12  21  10  8000
11  12  27  14  8000
11  12  30  1  8000
11  12  32  53  8000
11  12  40  41  8000
11  12  46  38  8000
11  12  54  62  8000
11  12  57  20  8000
12  13  5  45  8000
12  13  16  6  8000
12  13  21  32  8000
12  13  24  56  8000
12  13  32  7  8000
12  13  34  58  8000
12  13  41  51  8000
12  13  42  5  8000
12  13  45  62  8000
12  13  47  58  8000
12  13  51  3  8000
12  13  63  61  8000
13  14  14  60  8000
13  14  28  10  8000
13  14  32  15  8000
13  14  37  17  8000
13  14  38  48  8000
13  14  39  40  8000
13  14  42  13  8000
13  14  49  59  8000
13  14  55  3  8000
14  15  8  57  8000
14  15  10  16  8000
14  15  13  35  8000
14  15  21  2  8000
14  15  34  34  8000
14  15  39  13  8000
14  15  41  43  8000
14  15  46  2  8000
14  15  48  46  8000
14  15  55  30  8000
14  15  61  62  8000
14  15  63  46  8000
0  1  17  33  10000
0  1  22  29  10000
0  1  33  10  10000
0  1  34  50  10000
0  1  43  51  10000
0  1  47  27  10000
0  1  52  57  10000
0  1  61  18  10000
0  1  62  10  10000
1  2  7  39  10000
1  2  10  10  10000
1  2  15  5  10000
1  2  18  42  10000
1  2  19  20  10000
1  2  22  28  10000
1  2  25  58  10000
1  2  30  0  10000
1  2  35  44  10000
1  2  44  14  10000
1  2  46  57  10000
1  2  49  9  10000
1  2  58  39  10000
2  3  2  54  10000
2  3  4  3  10000
2  3  6  5  10000
2  3  8  18  10000
2  3  13  6  10000
2  3  14  44  10000
2  3  26  51  10000
2  3  27  33  10000
2  3  55  40  10000
3  4  4  21  10000
3  4  6  39  10000
3  4  14  55  10000
3  4  18  5  10000
3  4  26  15  10000
3  4  33  62  10000
3  4  37  3  10000
3  4  39  25  10000
3  4  54  34  10000
3  4  55  32  10000
3  4  56  37  10000
3  4  59  62  10000
3  4  61  54  10000
4  5  3  5  10000
4  5  6  27  10000
4  5  7  21  10000
4  5  9  26  10000
4  5  11  14  10000
4  5  14  21  10000
4  5  15  17  10000
4  5  17  3  10000
4  5  38  8  10000
4  5  50  63  10000
4  5  59  31  10000
5  6  3  56  10000
5  6  20  2  10000
5  6  22  61  10000
5  6  24  54  10000
5  6  33  61  10000
5  6  47  21  10000
5  6  48  55  10000
5  6  53  32  10000
6  7  2  30  10000
6  7  8  44  10000
6  7  22  42  10000
6  7  37  32  10000
6  7  45  32  10000
6  7  52  57  10000
6  7  54  0  10000
6  7  58  46  10000
6  7  60  14  10000
6  7  61  9  10000
6  7  62  11  10000
7  8  5  37  10000
7  8  11  49  10000
7  8  16  45  10000
7  8  19  31  10000
7  8  20  27  10000
7  8  37  23  10000
7  8  43  20  10000
7  8  44  39  10000
7  8  50  22  10000
7  8  51  16  10000
7  8  63  57  10000
8  9  6  17  10000
8  9  10  24  10000
8  9  21  29  10000
8  9  25  42  10000
8  9  47  19  10000
8  9  58  20  10000
9  10  0  12  10000
9  10  1  48  10000
9  10  7  10  10000
9  10  18  27  10000
9  10  21  41  10000
9  10  28  33  10000
9  10  39  46  10000
9  10  51  62  10000
9  10  55  27  10000
10  11  2  33  10000
10  11  6  12  10000
10  11  23  6  10000
10  11  28  51  10000
10  11  31  52  10000
10  11  33  2  10000
10  11  46  37  10000
11  12  1  54  10000
11  12  24  55  10000
11  12  37  35  10000
11  12  39  54  10000
11  12  52  40  10000
12  13  4  60  10000
12  13  16  44  10000
12  13  17  11  10000
12  13  22  5  10000
12  13  61  1  10000
13  14  9  42  10000
13  14  11  7  10000
13  14  16  19  10000
13  14  18  52  10000
13  14  30  31  10000
13  14  36  10  10000
13  14  45  1  10000
13  14  59  36  10000
14  15  3  39  10000
14  15  5  47  10000
14  15  11  12  10000
14  15  21  37  10000
14  15  25  25  10000
14  15  41  39  10000
14  15  49  20  10000
14  15  59  31  10000
