# src_chip  dst_chip  src_pe  dst_pe  inject_cycle
# 719 entries, 16 chips x 64 PE, 5 timesteps
# seed=65, sparsity=0.15, interval=2000
0  1  9  59  2000
0  1  13  14  2000
0  1  16  15  2000
0  1  17  44  2000
0  1  25  19  2000
0  1  36  20  2000
0  1  52  36  2000
0  1  56  11  2000
0  1  63  52  2000
1  2  13  11  2000
1  2  17  22  2000
1  2  32  60  2000
1  2  49  17  2000
1  2  55  33  2000
1  2  56  63  2000
2  3  14  31  2000
2  3  19  14  2000
2  3  20  25  2000
2  3  27  5  2000
2  3  30  5  2000
2  3  35  3  2000
2  3  42  53  2000
2  3  47  34  2000
2  3  51  34  2000
2  3  54  48  2000
2  3  58  45  2000
2  3  60  9  2000
3  4  7  45  2000
3  4  8  7  2000
3  4  19  55  2000
3  4  28  44  2000
3  4  32  43  2000
3  4  33  5  2000
3  4  43  48  2000
3  4  48  30  2000
3  4  49  3  2000
3  4  50  14  2000
3  4  51  44  2000
3  4  57  61  2000
3  4  59  5  2000
4  5  1  62  2000
4  5  5  58  2000
4  5  6  62  2000
4  5  13  53  2000
4  5  24  51  2000
4  5  58  46  2000
4  5  59  1  2000
5  6  3  44  2000
5  6  17  51  2000
5  6  22  32  2000
5  6  36  29  2000
5  6  40  58  2000
5  6  49  12  2000
5  6  50  20  2000
5  6  57  38  2000
5  6  60  26  2000
6  7  5  19  2000
6  7  7  10  2000
6  7  13  19  2000
6  7  28  9  2000
6  7  32  52  2000
6  7  34  25  2000
6  7  35  57  2000
6  7  39  31  2000
6  7  45  10  2000
6  7  48  22  2000
6  7  52  22  2000
6  7  54  41  2000
6  7  55  50  2000
6  7  60  28  2000
6  7  62  10  2000
6  7  63  8  2000
7  8  0  18  2000
7  8  9  8  2000
7  8  14  10  2000
7  8  19  19  2000
7  8  21  43  2000
7  8  25  49  2000
7  8  29  39  2000
7  8  33  22  2000
7  8  42  61  2000
7  8  45  23  2000
7  8  61  41  2000
8  9  1  35  2000
8  9  4  16  2000
8  9  12  30  2000
8  9  14  46  2000
8  9  23  7  2000
8  9  24  32  2000
8  9  31  37  2000
8  9  37  27  2000
8  9  43  4  2000
8  9  51  11  2000
8  9  59  37  2000
8  9  60  12  2000
9  10  0  26  2000
9  10  1  55  2000
9  10  7  51  2000
9  10  8  12  2000
9  10  14  14  2000
9  10  21  37  2000
9  10  23  28  2000
9  10  33  31  2000
9  10  37  8  2000
9  10  42  4  2000
9  10  43  18  2000
9  10  46  23  2000
9  10  51  13  2000
9  10  63  61  2000
10  11  3  62  2000
10  11  7  12  2000
10  11  16  62  2000
10  11  18  25  2000
10  11  19  46  2000
10  11  22  57  2000
10  11  28  46  2000
10  11  32  51  2000
10  11  33  33  2000
10  11  35  59  2000
10  11  42  49  2000
10  11  43  34  2000
10  11  48  26  2000
10  11  55  17  2000
11  12  11  18  2000
11  12  16  9  2000
11  12  18  63  2000
11  12  22  18  2000
11  12  25  34  2000
11  12  27  55  2000
11  12  38  23  2000
11  12  39  10  2000
11  12  46  42  2000
11  12  49  23  2000
11  12  50  8  2000
11  12  52  21  2000
11  12  53  43  2000
11  12  58  21  2000
11  12  59  51  2000
12  13  4  12  2000
12  13  7  6  2000
12  13  9  9  2000
12  13  16  11  2000
12  13  26  63  2000
12  13  28  29  2000
12  13  49  5  2000
12  13  57  36  2000
13  14  4  55  2000
13  14  11  11  2000
13  14  19  46  2000
13  14  22  16  2000
13  14  23  59  2000
13  14  25  29  2000
13  14  54  18  2000
13  14  55  8  2000
14  15  11  45  2000
14  15  18  62  2000
14  15  19  18  2000
14  15  31  4  2000
14  15  37  59  2000
14  15  50  57  2000
14  15  55  13  2000
0  1  4  14  4000
0  1  13  4  4000
0  1  17  11  4000
0  1  19  9  4000
0  1  20  50  4000
0  1  24  35  4000
0  1  32  59  4000
0  1  33  10  4000
0  1  44  52  4000
0  1  60  39  4000
1  2  12  32  4000
1  2  18  23  4000
1  2  19  40  4000
1  2  28  18  4000
1  2  36  38  4000
1  2  39  14  4000
1  2  42  1  4000
1  2  46  47  4000
1  2  53  19  4000
1  2  57  3  4000
1  2  63  40  4000
2  3  18  45  4000
2  3  28  27  4000
2  3  31  8  4000
2  3  41  55  4000
2  3  44  47  4000
2  3  53  14  4000
3  4  4  25  4000
3  4  10  3  4000
3  4  17  24  4000
3  4  32  20  4000
3  4  39  59  4000
4  5  1  3  4000
4  5  6  46  4000
4  5  7  25  4000
4  5  15  13  4000
4  5  21  27  4000
4  5  25  8  4000
4  5  26  5  4000
4  5  28  28  4000
4  5  34  0  4000
4  5  41  61  4000
4  5  46  31  4000
5  6  4  14  4000
5  6  13  12  4000
5  6  20  10  4000
5  6  26  62  4000
5  6  35  38  4000
5  6  39  45  4000
5  6  46  63  4000
5  6  55  32  4000
5  6  58  48  4000
5  6  60  4  4000
6  7  12  50  4000
6  7  22  9  4000
6  7  37  2  4000
6  7  42  0  4000
6  7  45  62  4000
6  7  53  40  4000
6  7  61  58  4000
7  8  0  9  4000
7  8  2  44  4000
7  8  5  58  4000
7  8  8  53  4000
7  8  11  41  4000
7  8  26  56  4000
7  8  40  23  4000
7  8  45  20  4000
7  8  47  33  4000
7  8  60  59  4000
8  9  0  29  4000
8  9  2  19  4000
8  9  19  51  4000
8  9  25  16  4000
8  9  39  4  4000
8  9  40  9  4000
8  9  41  38  4000
8  9  47  39  4000
8  9  55  36  4000
9  10  10  63  4000
9  10  15  16  4000
9  10  17  33  4000
9  10  24  32  4000
9  10  29  3  4000
9  10  45  51  4000
9  10  46  23  4000
9  10  49  53  4000
9  10  55  22  4000
9  10  57  56  4000
9  10  60  21  4000
10  11  2  12  4000
10  11  5  34  4000
10  11  6  21  4000
10  11  7  43  4000
10  11  22  59  4000
10  11  25  17  4000
10  11  26  26  4000
10  11  28  11  4000
10  11  30  46  4000
10  11  42  42  4000
10  11  44  0  4000
10  11  45  54  4000
10  11  46  46  4000
11  12  1  37  4000
11  12  3  47  4000
11  12  6  9  4000
11  12  11  8  4000
11  12  16  34  4000
11  12  22  6  4000
11  12  23  47  4000
11  12  25  3  4000
11  12  31  15  4000
11  12  34  27  4000
11  12  53  44  4000
11  12  54  21  4000
11  12  55  7  4000
11  12  60  53  4000
12  13  6  26  4000
12  13  21  9  4000
12  13  25  9  4000
12  13  26  33  4000
12  13  29  15  4000
12  13  37  30  4000
12  13  41  18  4000
12  13  43  60  4000
12  13  44  46  4000
12  13  46  20  4000
12  13  47  7  4000
12  13  52  23  4000
12  13  58  24  4000
12  13  63  35  4000
13  14  3  19  4000
13  14  4  11  4000
13  14  9  59  4000
13  14  21  53  4000
13  14  29  37  4000
13  14  35  14  4000
13  14  52  45  4000
13  14  54  39  4000
13  14  62  6  4000
14  15  18  1  4000
14  15  34  9  4000
14  15  45  58  4000
14  15  55  54  4000
0  1  5  55  6000
0  1  9  55  6000
0  1  15  0  6000
0  1  16  56  6000
0  1  19  43  6000
0  1  22  28  6000
0  1  38  38  6000
0  1  53  24  6000
0  1  59  31  6000
1  2  7  62  6000
1  2  8  41  6000
1  2  16  9  6000
1  2  22  27  6000
1  2  30  37  6000
1  2  31  41  6000
1  2  35  45  6000
1  2  37  52  6000
1  2  53  60  6000
1  2  59  14  6000
2  3  7  35  6000
2  3  15  15  6000
2  3  23  39  6000
2  3  36  36  6000
2  3  37  8  6000
2  3  48  47  6000
2  3  49  48  6000
2  3  63  13  6000
3  4  2  47  6000
3  4  8  61  6000
3  4  10  1  6000
3  4  14  11  6000
3  4  18  2  6000
3  4  29  57  6000
3  4  36  6  6000
3  4  38  6  6000
3  4  43  2  6000
4  5  6  13  6000
4  5  21  26  6000
4  5  23  37  6000
4  5  28  5  6000
4  5  33  36  6000
4  5  44  7  6000
4  5  45  39  6000
4  5  47  29  6000
4  5  48  5  6000
4  5  61  62  6000
4  5  62  23  6000
5  6  17  50  6000
5  6  19  38  6000
5  6  27  21  6000
5  6  33  2  6000
5  6  34  30  6000
5  6  38  58  6000
5  6  39  53  6000
5  6  48  58  6000
5  6  51  30  6000
5  6  61  1  6000
5  6  63  0  6000
6  7  11  1  6000
6  7  25  38  6000
6  7  29  22  6000
6  7  38  23  6000
6  7  42  34  6000
6  7  48  10  6000
6  7  58  10  6000
6  7  61  2  6000
7  8  0  54  6000
7  8  11  8  6000
7  8  12  55  6000
7  8  16  37  6000
7  8  31  52  6000
7  8  32  13  6000
7  8  33  23  6000
7  8  53  24  6000
7  8  57  52  6000
8  9  11  57  6000
8  9  12  9  6000
8  9  16  32  6000
8  9  26  12  6000
8  9  28  0  6000
8  9  29  58  6000
8  9  37  61  6000
8  9  58  56  6000
8  9  60  52  6000
9  10  5  27  6000
9  10  9  20  6000
9  10  12  52  6000
9  10  22  26  6000
9  10  28  47  6000
9  10  36  43  6000
9  10  38  59  6000
9  10  39  59  6000
9  10  40  35  6000
9  10  53  37  6000
10  11  2  32  6000
10  11  5  9  6000
10  11  9  62  6000
10  11  11  24  6000
10  11  35  36  6000
10  11  43  63  6000
10  11  50  55  6000
10  11  59  46  6000
10  11  62  28  6000
11  12  2  43  6000
11  12  14  19  6000
11  12  15  28  6000
11  12  34  33  6000
11  12  35  5  6000
11  12  47  51  6000
12  13  13  21  6000
12  13  14  38  6000
12  13  16  44  6000
12  13  24  32  6000
12  13  26  11  6000
12  13  28  27  6000
12  13  30  5  6000
12  13  34  37  6000
12  13  38  61  6000
12  13  43  22  6000
12  13  44  61  6000
12  13  54  59  6000
12  13  56  46  6000
12  13  58  36  6000
12  13  59  60  6000
13  14  8  19  6000
13  14  11  19  6000
13  14  22  26  6000
13  14  24  4  6000
13  14  32  38  6000
13  14  33  35  6000
13  14  44  60  6000
13  14  46  41  6000
13  14  51  55  6000
13  14  59  22  6000
13  14  62  55  6000
14  15  12  25  6000
14  15  14  24  6000
14  15  23  18  6000
14  15  30  10  6000
14  15  47  11  6000
14  15  55  33  6000
14  15  59  48  6000
14  15  63  57  6000
0  1  0  63  8000
0  1  7  39  8000
0  1  10  14  8000
0  1  13  29  8000
0  1  35  39  8000
0  1  37  51  8000
0  1  39  38  8000
0  1  40  57  8000
0  1  45  24  8000
0  1  46  28  8000
1  2  0  7  8000
1  2  11  8  8000
1  2  25  7  8000
1  2  32  13  8000
1  2  34  43  8000
1  2  35  0  8000
1  2  43  4  8000
1  2  45  29  8000
1  2  55  49  8000
2  3  4  42  8000
2  3  6  40  8000
2  3  24  52  8000
2  3  34  62  8000
2  3  36  7  8000
2  3  48  32  8000
2  3  53  3  8000
3  4  7  60  8000
3  4  14  6  8000
3  4  17  53  8000
3  4  21  11  8000
3  4  42  34  8000
3  4  45  47  8000
3  4  46  63  8000
3  4  47  58  8000
3  4  49  20  8000
3  4  51  39  8000
3  4  52  44  8000
3  4  54  45  8000
3  4  60  21  8000
3  4  61  62  8000
4  5  4  30  8000
4  5  28  23  8000
4  5  29  49  8000
4  5  32  59  8000
4  5  33  34  8000
4  5  48  23  8000
4  5  50  56  8000
4  5  51  4  8000
4  5  61  36  8000
5  6  7  39  8000
5  6  26  4  8000
5  6  27  41  8000
5  6  32  14  8000
5  6  33  21  8000
5  6  37  45  8000
5  6  39  43  8000
5  6  47  11  8000
5  6  50  55  8000
6  7  5  51  8000
6  7  9  35  8000
6  7  11  15  8000
6  7  12  14  8000
6  7  17  17  8000
6  7  25  40  8000
6  7  29  13  8000
6  7  31  5  8000
6  7  37  17  8000
6  7  41  25  8000
6  7  45  37  8000
6  7  48  62  8000
6  7  51  5  8000
6  7  55  49  8000
6  7  56  0  8000
6  7  57  22  8000
6  7  59  49  8000
7  8  3  38  8000
7  8  5  17  8000
7  8  20  53  8000
7  8  22  9  8000
7  8  26  12  8000
7  8  37  31  8000
7  8  45  7  8000
7  8  53  54  8000
8  9  5  7  8000
8  9  14  0  8000
8  9  24  0  8000
8  9  36  34  8000
8  9  39  22  8000
8  9  56  63  8000
9  10  4  4  8000
9  10  12  7  8000
9  10  30  23  8000
9  10  33  8  8000
9  10  41  47  8000
9  10  44  25  8000
10  11  6  60  8000
10  11  7  59  8000
10  11  13  54  8000
10  11  45  8  8000
10  11  52  28  8000
10  11  54  1  8000
10  11  61  14  8000
11  12  21  5  8000
11  12  25  16  8000
11  12  26  47  8000
11  12  28  37  8000
11  12  39  30  8000
11  12  49  26  8000
11  12  54  29  8000
12  13  5  32  8000
12  13  6  4  8000
12  13  19  33  8000
12  13  21  58  8000
12  13  35  59  8000
12  13  37  45  8000
12  13  41  17  8000
13  14  1  61  8000
13  14  2  43  8000
13  14  3  26  8000
13  14  17  58  8000
13  14  25  28  8000
13  14  42  6  8000
13  14  47  26  8000
13  14  49  9  8000
14  15  1  9  8000
14  15  12  42  8000
14  15  24  31  8000
14  15  41  3  8000
14  15  46  1  8000
14  15  59  38  8000
0  1  11  51  10000
0  1  13  46  10000
0  1  15  9  10000
0  1  29  39  10000
0  1  39  19  10000
0  1  45  33  10000
0  1  48  26  10000
0  1  61  41  10000
1  2  5  12  10000
1  2  6  40  10000
1  2  10  9  10000
1  2  24  27  10000
1  2  25  23  10000
1  2  27  6  10000
1  2  36  46  10000
1  2  42  37  10000
1  2  43  13  10000
1  2  45  3  10000
1  2  51  10  10000
1  2  62  9  10000
2  3  3  40  10000
2  3  14  53  10000
2  3  26  41  10000
2  3  32  44  10000
2  3  33  61  10000
2  3  40  35  10000
2  3  47  48  10000
2  3  52  21  10000
2  3  53  10  10000
2  3  58  59  10000
3  4  7  62  10000
3  4  10  0  10000
3  4  12  0  10000
3  4  18  47  10000
3  4  36  3  10000
3  4  38  10  10000
3  4  39  55  10000
3  4  42  60  10000
3  4  53  41  10000
3  4  60  38  10000
3  4  61  46  10000
4  5  20  31  10000
4  5  30  55  10000
4  5  33  5  10000
4  5  34  17  10000
4  5  46  45  10000
4  5  58  31  10000
5  6  11  49  10000
5  6  22  17  10000
5  6  28  58  10000
5  6  34  8  10000
5  6  41  19  10000
5  6  42  31  10000
5  6  53  60  10000
5  6  62  44  10000
6  7  0  45  10000
6  7  11  42  10000
6  7  16  32  10000
6  7  28  49  10000
6  7  33  62  10000
6  7  36  44  10000
6  7  48  0  10000
6  7  52  3  10000
6  7  55  28  10000
6  7  59  9  10000
6  7  61  45  10000
7  8  14  41  10000
7  8  16  51  10000
7  8  24  0  10000
7  8  30  31  10000
7  8  40  9  10000
7  8  49  25  10000
7  8  57  33  10000
8  9  1  22  10000
8  9  14  30  10000
8  9  16  25  10000
8  9  26  40  10000
8  9  29  8  10000
8  9  30  45  10000
8  9  44  41  10000
8  9  45  13  10000
8  9  46  49  10000
8  9  47  33  10000
8  9  48  63  10000
8  9  60  48  10000
9  10  8  63  10000
9  10  25  9  10000
9  10  33  34  10000
9  10  43  63  10000
9  10  50  49  10000
10  11  9  9  10000
10  11  13  5  10000
10  11  23  46  10000
10  11  37  4  10000
10  11  38  49  10000
10  11  39  15  10000
10  11  43  44  10000
10  11  44  31  10000
10  11  63  33  10000
11  12  5  45  10000
11  12  8  25  10000
11  12  11  9  10000
11  12  12  63  10000
11  12  14  32  10000
11  12  18  59  10000
11  12  20  15  10000
11  12  34  20  10000
11  12  46  58  10000
11  12  50  4  10000
11  12  52  55  10000
11  12  56  42  10000
11  12  57  54  10000
12  13  0  6  10000
12  13  1  18  10000
12  13  8  4  10000
12  13  26  23  10000
12  13  38  39  10000
12  13  48  0  10000
12  13  56  18  10000
13  14  3  2  10000
13  14  7  40  10000
13  14  13  37  10000
13  14  25  50  10000
13  14  27  31  10000
13  14  36  36  10000
13  14  41  62  10000
13  14  43  44  10000
13  14  47  57  10000
13  14  48  46  10000
13  14  49  10  10000
13  14  53  16  10000
13  14  57  45  10000
13  14  61  16  10000
13  14  63  49  10000
14  15  7  13  10000
14  15  27  7  10000
14  15  30  8  10000
14  15  44  30  10000
14  15  47  56  10000
14  15  55  29  10000
14  15  58  27  10000
