# src_chip  dst_chip  src_pe  dst_pe  inject_cycle
# 1411 entries, 16 chips x 64 PE, 5 timesteps
# seed=69, sparsity=0.3, interval=2000
0  1  1  21  2000
0  1  2  44  2000
0  1  17  18  2000
0  1  19  26  2000
0  1  20  49  2000
0  1  23  47  2000
0  1  25  27  2000
0  1  26  31  2000
0  1  28  61  2000
0  1  30  42  2000
0  1  34  10  2000
0  1  39  62  2000
0  1  42  23  2000
0  1  49  8  2000
0  1  54  56  2000
0  1  56  46  2000
0  1  58  50  2000
0  1  63  14  2000
1  2  8  50  2000
1  2  13  9  2000
1  2  23  49  2000
1  2  28  20  2000
1  2  29  36  2000
1  2  30  9  2000
1  2  32  24  2000
1  2  33  26  2000
1  2  36  13  2000
1  2  39  51  2000
1  2  40  39  2000
1  2  47  19  2000
1  2  52  44  2000
1  2  58  46  2000
1  2  59  62  2000
1  2  63  18  2000
2  3  7  32  2000
2  3  9  24  2000
2  3  10  62  2000
2  3  11  14  2000
2  3  12  55  2000
2  3  13  58  2000
2  3  16  29  2000
2  3  21  20  2000
2  3  22  56  2000
2  3  25  29  2000
2  3  27  34  2000
2  3  28  55  2000
2  3  33  59  2000
2  3  35  4  2000
2  3  36  61  2000
2  3  37  36  2000
2  3  46  1  2000
2  3  49  57  2000
2  3  50  33  2000
2  3  51  14  2000
2  3  52  35  2000
2  3  53  52  2000
2  3  55  23  2000
2  3  56  45  2000
2  3  57  2  2000
2  3  60  10  2000
2  3  62  44  2000
3  4  0  51  2000
3  4  1  10  2000
3  4  2  44  2000
3  4  4  29  2000
3  4  7  35  2000
3  4  8  57  2000
3  4  26  60  2000
3  4  28  8  2000
3  4  29  52  2000
3  4  31  24  2000
3  4  32  23  2000
3  4  36  1  2000
3  4  37  30  2000
3  4  38  12  2000
3  4  39  23  2000
3  4  41  18  2000
3  4  46  20  2000
3  4  47  31  2000
3  4  48  42  2000
3  4  51  29  2000
3  4  57  26  2000
3  4  60  41  2000
4  5  2  54  2000
4  5  3  52  2000
4  5  8  11  2000
4  5  10  16  2000
4  5  13  20  2000
4  5  25  45  2000
4  5  29  24  2000
4  5  31  42  2000
4  5  35  63  2000
4  5  37  3  2000
4  5  48  55  2000
4  5  60  8  2000
5  6  1  47  2000
5  6  2  42  2000
5  6  3  51  2000
5  6  4  61  2000
5  6  6  32  2000
5  6  10  37  2000
5  6  16  16  2000
5  6  19  53  2000
5  6  26  45  2000
5  6  35  63  2000
5  6  37  60  2000
5  6  40  5  2000
5  6  43  8  2000
5  6  49  2  2000
5  6  54  37  2000
5  6  57  29  2000
5  6  59  61  2000
5  6  60  35  2000
5  6  63  59  2000
6  7  0  48  2000
6  7  8  27  2000
6  7  10  56  2000
6  7  12  20  2000
6  7  13  11  2000
6  7  14  24  2000
6  7  19  43  2000
6  7  21  21  2000
6  7  27  23  2000
6  7  28  35  2000
6  7  30  16  2000
6  7  38  50  2000
6  7  41  27  2000
6  7  44  22  2000
6  7  45  63  2000
6  7  47  57  2000
6  7  52  18  2000
6  7  53  11  2000
6  7  59  27  2000
7  8  0  58  2000
7  8  3  25  2000
7  8  4  42  2000
7  8  13  40  2000
7  8  14  43  2000
7  8  17  40  2000
7  8  35  45  2000
7  8  36  12  2000
7  8  43  48  2000
7  8  47  14  2000
7  8  53  11  2000
7  8  57  2  2000
7  8  59  13  2000
7  8  61  1  2000
8  9  0  33  2000
8  9  2  35  2000
8  9  4  28  2000
8  9  5  5  2000
8  9  6  56  2000
8  9  13  33  2000
8  9  14  16  2000
8  9  15  41  2000
8  9  19  43  2000
8  9  20  8  2000
8  9  24  58  2000
8  9  26  15  2000
8  9  30  8  2000
8  9  33  12  2000
8  9  34  22  2000
8  9  38  31  2000
8  9  39  51  2000
8  9  40  1  2000
8  9  50  34  2000
8  9  53  3  2000
8  9  54  49  2000
8  9  56  21  2000
8  9  63  36  2000
9  10  5  0  2000
9  10  10  54  2000
9  10  11  21  2000
9  10  15  31  2000
9  10  16  34  2000
9  10  17  11  2000
9  10  18  24  2000
9  10  19  23  2000
9  10  23  31  2000
9  10  26  33  2000
9  10  29  62  2000
9  10  30  12  2000
9  10  36  42  2000
9  10  37  42  2000
9  10  40  62  2000
9  10  41  34  2000
9  10  43  19  2000
9  10  51  33  2000
9  10  53  24  2000
9  10  54  53  2000
9  10  60  57  2000
9  10  61  24  2000
9  10  62  16  2000
10  11  5  54  2000
10  11  10  63  2000
10  11  15  63  2000
10  11  16  1  2000
10  11  21  18  2000
10  11  22  16  2000
10  11  24  55  2000
10  11  25  31  2000
10  11  28  26  2000
10  11  42  41  2000
10  11  43  47  2000
10  11  48  46  2000
10  11  51  14  2000
10  11  52  31  2000
10  11  53  2  2000
10  11  56  59  2000
10  11  57  48  2000
10  11  58  13  2000
10  11  59  12  2000
10  11  61  38  2000
11  12  2  1  2000
11  12  3  48  2000
11  12  5  18  2000
11  12  7  12  2000
11  12  14  16  2000
11  12  16  31  2000
11  12  17  50  2000
11  12  19  63  2000
11  12  26  7  2000
11  12  28  42  2000
11  12  30  26  2000
11  12  32  33  2000
11  12  36  49  2000
11  12  38  20  2000
11  12  50  28  2000
12  13  5  63  2000
12  13  7  45  2000
12  13  24  19  2000
12  13  26  22  2000
12  13  31  39  2000
12  13  32  15  2000
12  13  39  38  2000
12  13  41  54  2000
12  13  44  24  2000
12  13  63  26  2000
13  14  13  7  2000
13  14  17  22  2000
13  14  20  23  2000
13  14  28  26  2000
13  14  30  53  2000
13  14  31  61  2000
13  14  32  7  2000
13  14  35  63  2000
13  14  37  2  2000
13  14  39  55  2000
13  14  45  31  2000
13  14  51  24  2000
13  14  54  14  2000
13  14  57  4  2000
13  14  60  55  2000
13  14  61  59  2000
14  15  1  41  2000
14  15  4  39  2000
14  15  5  31  2000
14  15  10  12  2000
14  15  13  11  2000
14  15  17  32  2000
14  15  19  32  2000
14  15  20  41  2000
14  15  21  41  2000
14  15  27  42  2000
14  15  31  60  2000
14  15  33  31  2000
14  15  43  31  2000
14  15  47  3  2000
14  15  50  37  2000
14  15  52  31  2000
14  15  57  32  2000
14  15  61  25  2000
0  1  2  1  4000
0  1  3  8  4000
0  1  4  4  4000
0  1  11  48  4000
0  1  14  30  4000
0  1  15  32  4000
0  1  16  15  4000
0  1  17  19  4000
0  1  19  46  4000
0  1  23  50  4000
0  1  25  29  4000
0  1  26  29  4000
0  1  28  49  4000
0  1  39  38  4000
0  1  40  40  4000
0  1  47  61  4000
0  1  52  39  4000
0  1  56  55  4000
0  1  61  22  4000
0  1  62  5  4000
1  2  4  15  4000
1  2  7  15  4000
1  2  9  45  4000
1  2  11  40  4000
1  2  12  47  4000
1  2  14  27  4000
1  2  15  49  4000
1  2  16  5  4000
1  2  17  36  4000
1  2  22  7  4000
1  2  23  62  4000
1  2  24  54  4000
1  2  25  53  4000
1  2  26  50  4000
1  2  30  8  4000
1  2  34  53  4000
1  2  44  21  4000
1  2  48  36  4000
1  2  51  27  4000
1  2  52  32  4000
1  2  55  35  4000
1  2  56  0  4000
1  2  57  40  4000
1  2  58  18  4000
1  2  59  25  4000
1  2  60  18  4000
2  3  0  15  4000
2  3  9  38  4000
2  3  18  34  4000
2  3  23  2  4000
2  3  25  39  4000
2  3  26  17  4000
2  3  29  60  4000
2  3  31  49  4000
2  3  32  25  4000
2  3  34  63  4000
2  3  38  0  4000
2  3  39  12  4000
2  3  45  46  4000
2  3  48  43  4000
2  3  49  40  4000
2  3  52  49  4000
2  3  54  24  4000
2  3  56  15  4000
2  3  61  49  4000
2  3  63  14  4000
3  4  3  4  4000
3  4  7  27  4000
3  4  11  46  4000
3  4  12  1  4000
3  4  13  30  4000
3  4  18  32  4000
3  4  21  19  4000
3  4  24  46  4000
3  4  27  35  4000
3  4  29  62  4000
3  4  31  41  4000
3  4  32  44  4000
3  4  33  3  4000
3  4  41  7  4000
3  4  56  46  4000
3  4  59  60  4000
3  4  60  59  4000
4  5  0  58  4000
4  5  4  8  4000
4  5  5  62  4000
4  5  6  46  4000
4  5  7  59  4000
4  5  10  9  4000
4  5  19  2  4000
4  5  21  17  4000
4  5  22  28  4000
4  5  23  27  4000
4  5  26  61  4000
4  5  28  13  4000
4  5  29  28  4000
4  5  31  18  4000
4  5  32  62  4000
4  5  35  1  4000
4  5  36  60  4000
4  5  49  17  4000
4  5  52  49  4000
4  5  56  30  4000
5  6  11  43  4000
5  6  13  60  4000
5  6  25  52  4000
5  6  27  32  4000
5  6  29  51  4000
5  6  45  63  4000
5  6  46  21  4000
5  6  47  62  4000
5  6  48  20  4000
5  6  49  36  4000
5  6  54  59  4000
5  6  58  18  4000
5  6  59  36  4000
5  6  61  41  4000
6  7  4  46  4000
6  7  5  61  4000
6  7  10  30  4000
6  7  14  22  4000
6  7  16  14  4000
6  7  18  21  4000
6  7  23  56  4000
6  7  24  31  4000
6  7  26  41  4000
6  7  27  56  4000
6  7  32  6  4000
6  7  36  5  4000
6  7  40  37  4000
6  7  42  21  4000
6  7  47  24  4000
6  7  51  50  4000
6  7  52  51  4000
6  7  54  59  4000
6  7  55  57  4000
6  7  59  42  4000
7  8  1  9  4000
7  8  11  40  4000
7  8  12  52  4000
7  8  13  25  4000
7  8  19  45  4000
7  8  23  38  4000
7  8  27  24  4000
7  8  29  13  4000
7  8  37  52  4000
7  8  38  44  4000
7  8  43  28  4000
7  8  47  49  4000
7  8  53  60  4000
7  8  54  11  4000
7  8  57  21  4000
8  9  3  3  4000
8  9  4  14  4000
8  9  5  39  4000
8  9  11  60  4000
8  9  14  56  4000
8  9  16  31  4000
8  9  17  42  4000
8  9  18  47  4000
8  9  24  16  4000
8  9  26  8  4000
8  9  31  56  4000
8  9  35  49  4000
8  9  38  56  4000
8  9  43  52  4000
8  9  50  1  4000
8  9  53  5  4000
8  9  55  57  4000
8  9  60  57  4000
8  9  61  11  4000
8  9  62  30  4000
9  10  1  49  4000
9  10  2  30  4000
9  10  4  31  4000
9  10  5  2  4000
9  10  9  39  4000
9  10  15  25  4000
9  10  16  3  4000
9  10  19  52  4000
9  10  22  48  4000
9  10  23  42  4000
9  10  25  13  4000
9  10  26  45  4000
9  10  28  55  4000
9  10  33  9  4000
9  10  42  26  4000
9  10  46  32  4000
9  10  50  14  4000
9  10  56  50  4000
9  10  58  0  4000
9  10  59  1  4000
10  11  1  58  4000
10  11  2  35  4000
10  11  7  21  4000
10  11  9  53  4000
10  11  13  24  4000
10  11  16  1  4000
10  11  20  3  4000
10  11  21  48  4000
10  11  23  33  4000
10  11  25  62  4000
10  11  29  35  4000
10  11  34  57  4000
10  11  35  9  4000
10  11  40  30  4000
10  11  43  17  4000
10  11  45  42  4000
10  11  48  63  4000
10  11  51  13  4000
10  11  57  19  4000
10  11  60  34  4000
10  11  62  5  4000
11  12  2  24  4000
11  12  3  16  4000
11  12  5  15  4000
11  12  10  53  4000
11  12  19  39  4000
11  12  22  0  4000
11  12  25  29  4000
11  12  26  23  4000
11  12  29  35  4000
11  12  30  20  4000
11  12  32  63  4000
11  12  37  59  4000
11  12  44  19  4000
11  12  47  6  4000
11  12  49  21  4000
11  12  55  62  4000
12  13  2  37  4000
12  13  4  37  4000
12  13  5  30  4000
12  13  6  7  4000
12  13  7  54  4000
12  13  9  15  4000
12  13  16  19  4000
12  13  17  14  4000
12  13  18  36  4000
12  13  19  56  4000
12  13  30  54  4000
12  13  32  56  4000
12  13  41  2  4000
12  13  46  21  4000
12  13  49  46  4000
12  13  53  0  4000
12  13  60  42  4000
13  14  2  16  4000
13  14  3  63  4000
13  14  6  36  4000
13  14  8  37  4000
13  14  9  17  4000
13  14  10  29  4000
13  14  13  29  4000
13  14  14  16  4000
13  14  16  16  4000
13  14  18  41  4000
13  14  19  41  4000
13  14  20  1  4000
13  14  21  3  4000
13  14  27  41  4000
13  14  32  40  4000
13  14  33  31  4000
13  14  40  2  4000
13  14  41  45  4000
13  14  51  23  4000
13  14  52  9  4000
13  14  55  50  4000
13  14  60  21  4000
14  15  2  36  4000
14  15  3  17  4000
14  15  4  10  4000
14  15  8  41  4000
14  15  15  26  4000
14  15  18  8  4000
14  15  20  47  4000
14  15  23  62  4000
14  15  24  13  4000
14  15  25  41  4000
14  15  26  31  4000
14  15  39  39  4000
14  15  40  55  4000
14  15  41  36  4000
14  15  54  18  4000
14  15  55  43  4000
14  15  57  9  4000
14  15  61  56  4000
0  1  2  13  6000
0  1  6  62  6000
0  1  8  50  6000
0  1  15  5  6000
0  1  16  14  6000
0  1  19  13  6000
0  1  23  18  6000
0  1  35  33  6000
0  1  36  3  6000
0  1  39  8  6000
0  1  41  11  6000
0  1  42  13  6000
0  1  46  35  6000
0  1  50  16  6000
0  1  52  51  6000
0  1  61  4  6000
1  2  3  50  6000
1  2  4  4  6000
1  2  8  49  6000
1  2  14  19  6000
1  2  17  21  6000
1  2  19  16  6000
1  2  21  40  6000
1  2  22  12  6000
1  2  23  50  6000
1  2  26  30  6000
1  2  29  29  6000
1  2  31  63  6000
1  2  33  60  6000
1  2  36  14  6000
1  2  37  55  6000
1  2  39  48  6000
1  2  47  2  6000
1  2  56  51  6000
1  2  59  13  6000
2  3  0  32  6000
2  3  2  31  6000
2  3  8  46  6000
2  3  14  24  6000
2  3  21  40  6000
2  3  31  54  6000
2  3  33  37  6000
2  3  34  52  6000
2  3  37  62  6000
2  3  42  42  6000
2  3  43  31  6000
2  3  44  63  6000
2  3  47  15  6000
2  3  49  11  6000
2  3  57  54  6000
2  3  62  29  6000
3  4  0  35  6000
3  4  1  62  6000
3  4  3  58  6000
3  4  7  40  6000
3  4  9  7  6000
3  4  17  45  6000
3  4  19  5  6000
3  4  21  44  6000
3  4  22  36  6000
3  4  23  52  6000
3  4  24  22  6000
3  4  25  51  6000
3  4  27  62  6000
3  4  28  49  6000
3  4  30  47  6000
3  4  31  26  6000
3  4  34  34  6000
3  4  36  27  6000
3  4  39  15  6000
3  4  40  5  6000
3  4  45  47  6000
3  4  48  41  6000
3  4  49  5  6000
3  4  51  1  6000
3  4  54  5  6000
3  4  56  48  6000
3  4  60  14  6000
3  4  61  37  6000
3  4  63  55  6000
4  5  0  49  6000
4  5  4  62  6000
4  5  7  43  6000
4  5  9  1  6000
4  5  18  43  6000
4  5  20  39  6000
4  5  26  30  6000
4  5  34  6  6000
4  5  38  43  6000
4  5  44  8  6000
4  5  47  2  6000
4  5  48  26  6000
4  5  50  19  6000
4  5  54  13  6000
4  5  56  3  6000
5  6  1  50  6000
5  6  4  37  6000
5  6  5  32  6000
5  6  11  15  6000
5  6  16  40  6000
5  6  28  45  6000
5  6  31  33  6000
5  6  32  21  6000
5  6  34  43  6000
5  6  37  55  6000
5  6  39  33  6000
5  6  40  44  6000
5  6  41  9  6000
5  6  47  15  6000
5  6  48  31  6000
5  6  52  34  6000
5  6  53  56  6000
5  6  57  10  6000
5  6  58  39  6000
6  7  5  10  6000
6  7  6  62  6000
6  7  8  8  6000
6  7  11  44  6000
6  7  12  58  6000
6  7  17  42  6000
6  7  22  17  6000
6  7  30  2  6000
6  7  32  36  6000
6  7  34  8  6000
6  7  37  4  6000
6  7  39  8  6000
6  7  50  40  6000
6  7  54  36  6000
6  7  59  49  6000
6  7  62  32  6000
7  8  0  8  6000
7  8  9  60  6000
7  8  15  51  6000
7  8  22  18  6000
7  8  28  43  6000
7  8  32  44  6000
7  8  33  49  6000
7  8  35  16  6000
7  8  37  26  6000
7  8  38  3  6000
7  8  39  28  6000
7  8  43  39  6000
7  8  45  49  6000
7  8  46  28  6000
7  8  49  19  6000
7  8  51  62  6000
7  8  54  29  6000
7  8  56  20  6000
7  8  60  45  6000
7  8  63  12  6000
8  9  5  41  6000
8  9  7  17  6000
8  9  8  35  6000
8  9  16  9  6000
8  9  18  59  6000
8  9  23  14  6000
8  9  25  0  6000
8  9  26  54  6000
8  9  27  19  6000
8  9  29  7  6000
8  9  33  41  6000
8  9  34  2  6000
8  9  37  58  6000
8  9  38  28  6000
8  9  39  5  6000
8  9  40  55  6000
8  9  42  53  6000
8  9  47  26  6000
8  9  53  12  6000
8  9  57  60  6000
8  9  59  27  6000
9  10  1  43  6000
9  10  3  40  6000
9  10  7  24  6000
9  10  10  3  6000
9  10  11  3  6000
9  10  12  33  6000
9  10  15  23  6000
9  10  17  0  6000
9  10  20  6  6000
9  10  29  61  6000
9  10  31  11  6000
9  10  34  7  6000
9  10  35  28  6000
9  10  38  53  6000
9  10  40  56  6000
9  10  41  41  6000
9  10  43  54  6000
9  10  48  12  6000
9  10  60  9  6000
9  10  63  12  6000
10  11  0  2  6000
10  11  3  36  6000
10  11  4  14  6000
10  11  6  10  6000
10  11  11  23  6000
10  11  15  42  6000
10  11  17  52  6000
10  11  19  21  6000
10  11  21  48  6000
10  11  22  34  6000
10  11  24  43  6000
10  11  33  28  6000
10  11  35  17  6000
10  11  38  27  6000
10  11  40  57  6000
10  11  42  29  6000
10  11  44  50  6000
10  11  45  48  6000
10  11  46  36  6000
10  11  48  29  6000
10  11  52  27  6000
10  11  53  26  6000
10  11  54  18  6000
11  12  1  39  6000
11  12  2  26  6000
11  12  6  17  6000
11  12  7  51  6000
11  12  9  50  6000
11  12  10  44  6000
11  12  16  27  6000
11  12  17  7  6000
11  12  18  46  6000
11  12  22  28  6000
11  12  24  22  6000
11  12  41  36  6000
11  12  43  57  6000
11  12  46  50  6000
11  12  47  12  6000
11  12  51  57  6000
11  12  55  19  6000
11  12  58  13  6000
11  12  61  12  6000
11  12  62  18  6000
12  13  0  52  6000
12  13  2  13  6000
12  13  4  33  6000
12  13  10  7  6000
12  13  12  61  6000
12  13  13  52  6000
12  13  17  23  6000
12  13  20  37  6000
12  13  21  32  6000
12  13  22  58  6000
12  13  23  19  6000
12  13  28  17  6000
12  13  32  37  6000
12  13  33  10  6000
12  13  36  36  6000
12  13  37  20  6000
12  13  39  56  6000
12  13  40  18  6000
12  13  50  22  6000
12  13  52  15  6000
12  13  57  44  6000
12  13  60  37  6000
13  14  6  9  6000
13  14  14  56  6000
13  14  22  5  6000
13  14  24  23  6000
13  14  26  23  6000
13  14  30  50  6000
13  14  31  52  6000
13  14  34  63  6000
13  14  35  55  6000
13  14  38  34  6000
13  14  39  62  6000
13  14  42  62  6000
13  14  48  13  6000
13  14  52  22  6000
13  14  53  29  6000
13  14  54  37  6000
13  14  60  29  6000
13  14  61  27  6000
13  14  63  42  6000
14  15  0  46  6000
14  15  3  39  6000
14  15  18  63  6000
14  15  22  62  6000
14  15  23  42  6000
14  15  24  46  6000
14  15  26  22  6000
14  15  28  14  6000
14  15  32  53  6000
14  15  36  34  6000
14  15  37  33  6000
14  15  40  5  6000
14  15  41  47  6000
14  15  44  49  6000
14  15  49  47  6000
14  15  50  54  6000
14  15  56  4  6000
14  15  58  1  6000
0  1  3  53  8000
0  1  4  58  8000
0  1  5  12  8000
0  1  7  38  8000
0  1  10  45  8000
0  1  16  9  8000
0  1  17  27  8000
0  1  18  29  8000
0  1  19  45  8000
0  1  22  61  8000
0  1  31  50  8000
0  1  41  23  8000
0  1  43  6  8000
0  1  45  31  8000
0  1  51  46  8000
0  1  58  58  8000
0  1  62  17  8000
1  2  0  15  8000
1  2  1  29  8000
1  2  4  55  8000
1  2  7  27  8000
1  2  11  62  8000
1  2  12  3  8000
1  2  13  54  8000
1  2  17  42  8000
1  2  18  24  8000
1  2  22  33  8000
1  2  24  0  8000
1  2  26  53  8000
1  2  30  36  8000
1  2  31  54  8000
1  2  32  6  8000
1  2  33  30  8000
1  2  34  29  8000
1  2  35  30  8000
1  2  36  35  8000
1  2  38  37  8000
1  2  43  32  8000
1  2  44  51  8000
1  2  48  57  8000
1  2  50  22  8000
1  2  51  55  8000
1  2  55  11  8000
1  2  61  35  8000
2  3  1  37  8000
2  3  8  23  8000
2  3  11  15  8000
2  3  12  60  8000
2  3  16  29  8000
2  3  18  38  8000
2  3  19  2  8000
2  3  25  38  8000
2  3  30  40  8000
2  3  36  29  8000
2  3  39  26  8000
2  3  44  24  8000
2  3  46  57  8000
2  3  47  6  8000
2  3  48  13  8000
2  3  50  5  8000
2  3  51  56  8000
2  3  53  14  8000
2  3  54  33  8000
2  3  56  54  8000
2  3  57  32  8000
2  3  58  58  8000
3  4  2  13  8000
3  4  5  14  8000
3  4  7  0  8000
3  4  9  56  8000
3  4  13  23  8000
3  4  15  56  8000
3  4  19  41  8000
3  4  23  36  8000
3  4  26  43  8000
3  4  32  11  8000
3  4  33  50  8000
3  4  34  50  8000
3  4  42  57  8000
3  4  43  4  8000
3  4  44  18  8000
3  4  46  1  8000
3  4  55  12  8000
3  4  58  5  8000
3  4  60  12  8000
3  4  63  22  8000
4  5  3  40  8000
4  5  14  58  8000
4  5  19  5  8000
4  5  22  28  8000
4  5  23  18  8000
4  5  29  3  8000
4  5  33  16  8000
4  5  37  4  8000
4  5  38  55  8000
4  5  40  21  8000
4  5  41  36  8000
4  5  50  23  8000
4  5  52  30  8000
4  5  56  12  8000
4  5  59  61  8000
4  5  61  52  8000
4  5  62  34  8000
5  6  0  45  8000
5  6  4  53  8000
5  6  5  28  8000
5  6  9  10  8000
5  6  12  63  8000
5  6  20  11  8000
5  6  24  56  8000
5  6  25  63  8000
5  6  28  46  8000
5  6  36  32  8000
5  6  37  54  8000
5  6  38  52  8000
5  6  39  61  8000
5  6  40  39  8000
5  6  49  42  8000
5  6  53  39  8000
5  6  59  23  8000
5  6  61  37  8000
5  6  63  14  8000
6  7  1  23  8000
6  7  4  44  8000
6  7  13  18  8000
6  7  15  21  8000
6  7  17  8  8000
6  7  24  31  8000
6  7  28  14  8000
6  7  33  31  8000
6  7  39  27  8000
6  7  44  53  8000
6  7  49  16  8000
6  7  52  36  8000
6  7  53  58  8000
6  7  55  42  8000
6  7  63  30  8000
7  8  2  14  8000
7  8  5  24  8000
7  8  6  41  8000
7  8  9  45  8000
7  8  11  15  8000
7  8  16  58  8000
7  8  18  20  8000
7  8  22  2  8000
7  8  23  19  8000
7  8  24  59  8000
7  8  25  41  8000
7  8  26  5  8000
7  8  32  20  8000
7  8  35  42  8000
7  8  39  44  8000
7  8  42  32  8000
7  8  48  21  8000
7  8  49  6  8000
7  8  54  16  8000
7  8  56  56  8000
7  8  63  7  8000
8  9  5  43  8000
8  9  12  31  8000
8  9  29  25  8000
8  9  32  19  8000
8  9  33  63  8000
8  9  35  8  8000
8  9  38  29  8000
8  9  43  9  8000
8  9  46  8  8000
8  9  47  40  8000
8  9  52  15  8000
8  9  53  61  8000
8  9  54  63  8000
8  9  55  17  8000
8  9  56  1  8000
8  9  58  38  8000
9  10  0  25  8000
9  10  7  20  8000
9  10  8  12  8000
9  10  12  41  8000
9  10  13  23  8000
9  10  26  46  8000
9  10  27  18  8000
9  10  28  26  8000
9  10  30  10  8000
9  10  31  43  8000
9  10  32  9  8000
9  10  34  21  8000
9  10  36  16  8000
9  10  37  27  8000
9  10  40  26  8000
9  10  44  26  8000
9  10  50  26  8000
9  10  52  41  8000
9  10  56  39  8000
9  10  57  39  8000
9  10  61  41  8000
10  11  1  39  8000
10  11  2  16  8000
10  11  5  4  8000
10  11  8  55  8000
10  11  12  17  8000
10  11  15  58  8000
10  11  21  45  8000
10  11  28  11  8000
10  11  29  0  8000
10  11  34  21  8000
10  11  42  9  8000
10  11  45  27  8000
10  11  52  3  8000
10  11  57  29  8000
10  11  58  28  8000
10  11  61  27  8000
11  12  4  50  8000
11  12  5  19  8000
11  12  7  25  8000
11  12  11  46  8000
11  12  13  30  8000
11  12  14  51  8000
11  12  18  4  8000
11  12  19  35  8000
11  12  23  2  8000
11  12  26  28  8000
11  12  27  28  8000
11  12  29  59  8000
11  12  30  46  8000
11  12  40  13  8000
11  12  41  40  8000
11  12  51  46  8000
11  12  52  45  8000
11  12  55  39  8000
11  12  57  59  8000
11  12  58  56  8000
11  12  61  0  8000
11  12  62  56  8000
12  13  3  41  8000
12  13  8  34  8000
12  13  11  46  8000
12  13  15  36  8000
12  13  16  33  8000
12  13  20  17  8000
12  13  21  58  8000
12  13  25  2  8000
12  13  26  47  8000
12  13  27  19  8000
12  13  30  6  8000
12  13  33  6  8000
12  13  37  52  8000
12  13  38  16  8000
12  13  42  10  8000
12  13  48  9  8000
12  13  50  26  8000
12  13  51  23  8000
12  13  57  49  8000
12  13  58  53  8000
13  14  0  45  8000
13  14  1  57  8000
13  14  12  54  8000
13  14  13  63  8000
13  14  14  44  8000
13  14  18  57  8000
13  14  20  60  8000
13  14  28  63  8000
13  14  37  49  8000
13  14  39  37  8000
13  14  42  21  8000
13  14  44  28  8000
13  14  45  45  8000
13  14  52  45  8000
13  14  53  16  8000
13  14  56  35  8000
13  14  57  37  8000
13  14  58  1  8000
13  14  61  58  8000
13  14  62  7  8000
13  14  63  20  8000
14  15  5  32  8000
14  15  10  2  8000
14  15  13  16  8000
14  15  15  7  8000
14  15  16  34  8000
14  15  18  41  8000
14  15  19  7  8000
14  15  26  46  8000
14  15  29  49  8000
14  15  30  14  8000
14  15  32  20  8000
14  15  37  37  8000
14  15  38  1  8000
14  15  41  2  8000
14  15  42  34  8000
14  15  46  49  8000
14  15  47  59  8000
14  15  50  2  8000
14  15  58  62  8000
14  15  60  10  8000
0  1  2  29  10000
0  1  3  59  10000
0  1  4  37  10000
0  1  20  35  10000
0  1  21  32  10000
0  1  28  20  10000
0  1  33  61  10000
0  1  36  0  10000
0  1  37  46  10000
0  1  38  49  10000
0  1  40  41  10000
0  1  43  5  10000
0  1  48  45  10000
0  1  50  9  10000
0  1  53  29  10000
0  1  59  10  10000
1  2  2  41  10000
1  2  5  6  10000
1  2  8  29  10000
1  2  12  10  10000
1  2  16  14  10000
1  2  17  47  10000
1  2  18  60  10000
1  2  26  51  10000
1  2  27  24  10000
1  2  31  47  10000
1  2  36  63  10000
1  2  41  7  10000
1  2  43  15  10000
1  2  45  60  10000
1  2  53  62  10000
1  2  58  42  10000
1  2  61  43  10000
2  3  0  54  10000
2  3  2  39  10000
2  3  6  46  10000
2  3  8  18  10000
2  3  27  50  10000
2  3  30  26  10000
2  3  36  45  10000
2  3  40  8  10000
2  3  42  9  10000
2  3  43  50  10000
2  3  45  22  10000
2  3  46  15  10000
2  3  47  7  10000
2  3  48  17  10000
2  3  51  14  10000
2  3  52  34  10000
2  3  54  12  10000
2  3  56  59  10000
2  3  61  3  10000
3  4  0  54  10000
3  4  2  45  10000
3  4  5  6  10000
3  4  11  28  10000
3  4  16  55  10000
3  4  17  26  10000
3  4  20  39  10000
3  4  28  25  10000
3  4  29  0  10000
3  4  31  63  10000
3  4  32  2  10000
3  4  35  45  10000
3  4  43  14  10000
3  4  48  59  10000
3  4  50  37  10000
3  4  52  45  10000
3  4  59  30  10000
3  4  61  36  10000
3  4  63  17  10000
4  5  0  61  10000
4  5  1  61  10000
4  5  3  62  10000
4  5  4  38  10000
4  5  16  37  10000
4  5  20  2  10000
4  5  26  7  10000
4  5  27  28  10000
4  5  29  44  10000
4  5  32  17  10000
4  5  34  32  10000
4  5  36  63  10000
4  5  38  7  10000
4  5  40  55  10000
4  5  42  44  10000
4  5  44  7  10000
4  5  50  52  10000
4  5  61  24  10000
5  6  0  52  10000
5  6  1  25  10000
5  6  2  42  10000
5  6  3  27  10000
5  6  7  37  10000
5  6  9  54  10000
5  6  12  10  10000
5  6  14  61  10000
5  6  15  10  10000
5  6  16  25  10000
5  6  17  59  10000
5  6  20  15  10000
5  6  21  47  10000
5  6  23  50  10000
5  6  25  59  10000
5  6  28  54  10000
5  6  29  49  10000
5  6  47  51  10000
5  6  51  43  10000
5  6  58  20  10000
5  6  60  43  10000
5  6  61  44  10000
5  6  63  49  10000
6  7  6  62  10000
6  7  17  58  10000
6  7  18  42  10000
6  7  19  62  10000
6  7  24  45  10000
6  7  27  5  10000
6  7  28  17  10000
6  7  32  41  10000
6  7  35  30  10000
6  7  38  11  10000
6  7  41  16  10000
6  7  43  29  10000
6  7  57  37  10000
6  7  62  26  10000
6  7  63  1  10000
7  8  7  51  10000
7  8  9  32  10000
7  8  16  63  10000
7  8  20  55  10000
7  8  22  58  10000
7  8  27  15  10000
7  8  34  10  10000
7  8  37  54  10000
7  8  38  50  10000
7  8  39  3  10000
7  8  53  53  10000
7  8  56  39  10000
7  8  59  5  10000
7  8  60  2  10000
8  9  0  62  10000
8  9  6  41  10000
8  9  8  30  10000
8  9  10  15  10000
8  9  16  48  10000
8  9  17  63  10000
8  9  18  58  10000
8  9  24  41  10000
8  9  31  46  10000
8  9  33  15  10000
8  9  34  6  10000
8  9  39  16  10000
8  9  48  27  10000
8  9  52  51  10000
8  9  60  0  10000
9  10  2  56  10000
9  10  4  41  10000
9  10  7  6  10000
9  10  9  23  10000
9  10  16  56  10000
9  10  17  52  10000
9  10  20  8  10000
9  10  25  24  10000
9  10  29  6  10000
9  10  30  18  10000
9  10  32  52  10000
9  10  33  26  10000
9  10  34  55  10000
9  10  37  32  10000
9  10  41  41  10000
9  10  42  10  10000
9  10  44  2  10000
9  10  45  13  10000
9  10  46  11  10000
9  10  49  17  10000
9  10  54  35  10000
9  10  58  52  10000
9  10  62  16  10000
10  11  0  32  10000
10  11  2  44  10000
10  11  3  3  10000
10  11  9  42  10000
10  11  13  9  10000
10  11  18  51  10000
10  11  19  2  10000
10  11  23  41  10000
10  11  31  1  10000
10  11  36  58  10000
10  11  38  37  10000
10  11  42  33  10000
10  11  45  52  10000
10  11  47  44  10000
10  11  49  37  10000
10  11  50  12  10000
10  11  53  58  10000
10  11  55  31  10000
10  11  60  62  10000
11  12  2  62  10000
11  12  3  12  10000
11  12  5  35  10000
11  12  6  34  10000
11  12  8  41  10000
11  12  9  6  10000
11  12  14  33  10000
11  12  18  48  10000
11  12  22  34  10000
11  12  26  7  10000
11  12  28  48  10000
11  12  29  11  10000
11  12  31  48  10000
11  12  35  58  10000
11  12  37  18  10000
11  12  46  13  10000
11  12  49  30  10000
11  12  60  2  10000
12  13  1  28  10000
12  13  4  56  10000
12  13  5  52  10000
12  13  7  47  10000
12  13  9  61  10000
12  13  11  15  10000
12  13  13  5  10000
12  13  20  42  10000
12  13  22  28  10000
12  13  23  48  10000
12  13  26  1  10000
12  13  29  2  10000
12  13  32  59  10000
12  13  35  14  10000
12  13  37  53  10000
12  13  38  43  10000
12  13  40  1  10000
12  13  43  4  10000
12  13  44  63  10000
12  13  52  55  10000
12  13  54  50  10000
13  14  2  3  10000
13  14  3  2  10000
13  14  5  1  10000
13  14  9  30  10000
13  14  10  11  10000
13  14  11  32  10000
13  14  20  6  10000
13  14  24  44  10000
13  14  28  13  10000
13  14  31  10  10000
13  14  37  25  10000
13  14  38  7  10000
13  14  41  30  10000
13  14  42  30  10000
13  14  57  63  10000
13  14  62  60  10000
14  15  11  43  10000
14  15  14  13  10000
14  15  23  17  10000
14  15  29  39  10000
14  15  30  6  10000
14  15  39  53  10000
14  15  44  22  10000
14  15  52  4  10000
14  15  53  38  10000
14  15  54  22  10000
14  15  58  52  10000
14  15  61  5  10000
14  15  62  59  10000
