0 1 49 178 2000 2
0 1 128 114 2000 2
0 1 27 13 2000 2
0 1 136 209 2000 2
0 1 133 235 2000 2
0 1 4 16 2000 2
0 1 137 240 2000 2
0 1 227 211 2000 2
0 1 142 127 2000 2
0 1 214 161 2000 2
0 1 142 173 2000 2
0 1 58 249 2000 2
0 1 63 162 2000 2
0 1 129 180 2000 2
0 1 200 194 2000 2
0 1 48 73 2000 2
0 1 42 222 2000 2
0 1 40 74 2000 2
0 1 2 54 2000 2
0 1 46 3 2000 2
0 1 234 114 2000 2
0 1 74 34 2000 2
0 1 3 239 2000 2
0 1 71 231 2000 2
0 1 160 101 2000 2
0 1 143 67 2000 2
0 1 31 46 2000 2
0 1 233 89 2000 2
0 1 80 116 2000 2
0 1 227 234 2000 2
0 1 213 138 2000 2
0 1 61 87 2000 2
0 1 77 234 2000 2
0 1 238 3 2000 2
0 1 157 217 2000 2
0 1 247 77 2000 2
0 1 163 203 2000 2
0 1 127 149 2000 2
0 1 190 225 2000 2
0 1 105 181 2000 2
0 1 210 161 2000 2
0 1 195 208 4000 2
0 1 13 149 4000 2
0 1 187 44 4000 2
0 1 206 153 4000 2
0 1 28 150 4000 2
0 1 179 46 4000 2
0 1 214 146 4000 2
0 1 218 114 4000 2
0 1 167 63 4000 2
0 1 251 252 4000 2
0 1 186 239 4000 2
0 1 86 129 4000 2
0 1 1 22 4000 2
0 1 236 100 4000 2
0 1 209 200 4000 2
0 1 84 238 4000 2
0 1 0 89 4000 2
0 1 68 128 4000 2
0 1 204 169 4000 2
0 1 247 248 4000 2
0 1 192 10 4000 2
0 1 84 44 4000 2
0 1 35 239 4000 2
0 1 96 198 4000 2
0 1 153 4 4000 2
0 1 217 23 4000 2
0 1 90 70 4000 2
0 1 34 156 4000 2
0 1 85 208 4000 2
0 1 212 27 4000 2
0 1 206 235 4000 2
0 1 28 227 4000 2
0 1 9 33 4000 2
0 1 101 228 6000 2
0 1 105 147 6000 2
0 1 77 133 6000 2
0 1 111 169 6000 2
0 1 194 150 6000 2
0 1 23 211 6000 2
0 1 226 58 6000 2
0 1 230 252 6000 2
0 1 59 115 6000 2
0 1 47 81 6000 2
0 1 235 114 6000 2
0 1 156 252 6000 2
0 1 198 17 6000 2
0 1 206 250 6000 2
0 1 40 98 6000 2
0 1 172 19 6000 2
0 1 146 11 6000 2
0 1 137 113 6000 2
0 1 115 132 6000 2
0 1 155 0 6000 2
0 1 195 96 6000 2
0 1 187 210 6000 2
0 1 147 53 6000 2
0 1 64 80 6000 2
0 1 166 86 6000 2
0 1 163 115 6000 2
0 1 98 92 6000 2
0 1 225 224 6000 2
0 1 193 53 6000 2
0 1 5 102 6000 2
0 1 11 232 6000 2
0 1 19 189 6000 2
0 1 32 50 6000 2
0 1 210 18 8000 2
0 1 156 174 8000 2
0 1 141 134 8000 2
0 1 196 140 8000 2
0 1 197 4 8000 2
0 1 155 228 8000 2
0 1 140 104 8000 2
0 1 200 1 8000 2
0 1 51 116 8000 2
0 1 9 206 8000 2
0 1 186 100 8000 2
0 1 19 241 8000 2
0 1 90 224 8000 2
0 1 94 152 8000 2
0 1 110 61 8000 2
0 1 202 167 8000 2
0 1 67 27 8000 2
0 1 228 214 8000 2
0 1 10 33 8000 2
0 1 128 127 8000 2
0 1 205 216 8000 2
0 1 247 132 8000 2
0 1 222 19 8000 2
0 1 91 187 8000 2
0 1 139 84 8000 2
0 1 112 50 8000 2
0 1 236 88 8000 2
0 1 170 192 8000 2
0 1 66 218 8000 2
0 1 107 223 8000 2
0 1 8 118 8000 2
0 1 119 216 8000 2
0 1 191 253 8000 2
0 1 250 35 8000 2
0 1 175 212 8000 2
0 1 141 161 8000 2
0 1 8 177 8000 2
0 1 217 231 8000 2
0 1 140 141 10000 2
0 1 201 110 10000 2
0 1 233 84 10000 2
0 1 176 216 10000 2
0 1 163 186 10000 2
0 1 127 68 10000 2
0 1 14 207 10000 2
0 1 89 7 10000 2
0 1 57 255 10000 2
0 1 33 194 10000 2
0 1 217 41 10000 2
0 1 114 143 10000 2
0 1 204 107 10000 2
0 1 161 81 10000 2
0 1 19 99 10000 2
0 1 0 5 10000 2
0 1 26 57 10000 2
0 1 92 21 10000 2
0 1 42 154 10000 2
0 1 211 214 10000 2
0 1 188 150 10000 2
0 1 41 70 10000 2
0 1 172 36 10000 2
0 1 162 44 10000 2
0 1 159 203 10000 2
0 1 38 165 10000 2
0 1 78 220 10000 2
0 1 26 13 10000 2
0 1 77 51 10000 2
0 1 243 34 10000 2
0 1 105 231 10000 2
0 1 79 81 10000 2
0 1 21 75 10000 2
0 1 189 187 10000 2
0 1 83 148 10000 2
0 1 198 79 10000 2
0 1 127 123 10000 2
0 1 112 41 10000 2
0 1 106 11 10000 2
