3 0 3 120 2000 2
3 0 101 63 2000 2
3 0 61 230 2000 2
3 0 77 94 2000 2
3 0 105 106 2000 2
3 0 51 9 2000 2
3 0 156 22 2000 2
3 0 211 61 2000 2
3 0 71 144 2000 2
3 0 14 183 2000 2
3 0 71 251 2000 2
3 0 27 178 2000 2
3 0 230 193 2000 2
3 0 233 29 2000 2
3 0 209 150 2000 2
3 0 20 62 2000 2
3 0 250 248 2000 2
3 0 19 136 2000 2
3 0 166 112 2000 2
3 0 91 241 2000 2
3 0 125 87 2000 2
3 0 9 4 2000 2
3 0 80 63 2000 2
3 0 164 22 2000 2
3 0 129 86 2000 2
3 0 192 223 2000 2
3 0 64 49 2000 2
3 0 136 211 2000 2
3 0 18 88 2000 2
3 0 248 13 2000 2
3 0 146 81 2000 2
3 0 91 235 2000 2
3 0 37 166 2000 2
3 0 211 81 2000 2
3 0 1 178 2000 2
3 0 231 223 2000 2
3 0 226 81 2000 2
3 0 138 55 2000 2
3 0 83 82 2000 2
3 0 151 96 4000 2
3 0 58 237 4000 2
3 0 133 172 4000 2
3 0 160 175 4000 2
3 0 164 6 4000 2
3 0 165 72 4000 2
3 0 36 84 4000 2
3 0 49 94 4000 2
3 0 47 171 4000 2
3 0 219 130 4000 2
3 0 243 113 4000 2
3 0 89 107 4000 2
3 0 170 88 4000 2
3 0 54 248 4000 2
3 0 11 160 4000 2
3 0 160 50 4000 2
3 0 64 46 4000 2
3 0 22 5 4000 2
3 0 159 88 4000 2
3 0 10 222 4000 2
3 0 211 179 4000 2
3 0 70 224 4000 2
3 0 13 24 4000 2
3 0 136 118 4000 2
3 0 38 216 4000 2
3 0 187 158 4000 2
3 0 120 152 4000 2
3 0 94 19 4000 2
3 0 225 189 4000 2
3 0 235 208 4000 2
3 0 232 122 4000 2
3 0 112 194 4000 2
3 0 242 96 4000 2
3 0 237 219 4000 2
3 0 54 101 4000 2
3 0 180 31 4000 2
3 0 25 219 6000 2
3 0 83 200 6000 2
3 0 167 17 6000 2
3 0 196 15 6000 2
3 0 252 162 6000 2
3 0 85 27 6000 2
3 0 56 60 6000 2
3 0 124 188 6000 2
3 0 82 18 6000 2
3 0 35 138 6000 2
3 0 243 20 6000 2
3 0 89 139 6000 2
3 0 218 96 6000 2
3 0 138 22 6000 2
3 0 126 142 6000 2
3 0 24 200 6000 2
3 0 82 159 6000 2
3 0 3 192 6000 2
3 0 159 147 6000 2
3 0 250 33 6000 2
3 0 37 47 6000 2
3 0 10 199 6000 2
3 0 67 241 6000 2
3 0 129 196 6000 2
3 0 65 84 6000 2
3 0 25 159 6000 2
3 0 94 99 6000 2
3 0 91 246 6000 2
3 0 148 250 6000 2
3 0 46 191 6000 2
3 0 148 162 6000 2
3 0 204 119 6000 2
3 0 231 236 6000 2
3 0 118 244 6000 2
3 0 114 212 6000 2
3 0 9 70 6000 2
3 0 185 200 6000 2
3 0 54 79 6000 2
3 0 15 83 6000 2
3 0 134 49 6000 2
3 0 90 245 6000 2
3 0 130 255 6000 2
3 0 106 36 6000 2
3 0 220 19 6000 2
3 0 70 103 6000 2
3 0 214 122 6000 2
3 0 235 185 8000 2
3 0 127 190 8000 2
3 0 181 238 8000 2
3 0 127 149 8000 2
3 0 63 159 8000 2
3 0 212 65 8000 2
3 0 23 128 8000 2
3 0 14 232 8000 2
3 0 85 189 8000 2
3 0 88 27 8000 2
3 0 21 194 8000 2
3 0 74 167 8000 2
3 0 126 136 8000 2
3 0 239 148 8000 2
3 0 161 30 8000 2
3 0 161 231 8000 2
3 0 140 5 8000 2
3 0 178 229 8000 2
3 0 23 232 8000 2
3 0 212 27 8000 2
3 0 30 29 8000 2
3 0 111 115 8000 2
3 0 148 252 8000 2
3 0 111 106 8000 2
3 0 23 182 8000 2
3 0 85 155 8000 2
3 0 121 206 8000 2
3 0 142 179 8000 2
3 0 203 226 8000 2
3 0 73 85 8000 2
3 0 161 143 8000 2
3 0 38 82 8000 2
3 0 31 132 8000 2
3 0 241 152 8000 2
3 0 138 198 8000 2
3 0 13 216 8000 2
3 0 181 91 8000 2
3 0 209 207 8000 2
3 0 125 51 8000 2
3 0 46 35 8000 2
3 0 33 167 8000 2
3 0 186 141 10000 2
3 0 94 57 10000 2
3 0 113 182 10000 2
3 0 168 186 10000 2
3 0 55 83 10000 2
3 0 7 143 10000 2
3 0 245 116 10000 2
3 0 219 214 10000 2
3 0 111 211 10000 2
3 0 189 104 10000 2
3 0 42 239 10000 2
3 0 72 120 10000 2
3 0 228 80 10000 2
3 0 106 85 10000 2
3 0 9 45 10000 2
3 0 105 90 10000 2
3 0 79 231 10000 2
3 0 52 213 10000 2
3 0 73 89 10000 2
3 0 54 121 10000 2
3 0 130 209 10000 2
3 0 186 147 10000 2
3 0 126 37 10000 2
3 0 87 137 10000 2
3 0 62 5 10000 2
3 0 202 97 10000 2
3 0 11 7 10000 2
3 0 20 28 10000 2
3 0 18 148 10000 2
3 0 244 93 10000 2
3 0 218 67 10000 2
3 0 121 248 10000 2
3 0 31 232 10000 2
3 0 132 146 10000 2
3 0 53 250 10000 2
3 0 135 67 10000 2
3 0 155 98 10000 2
3 0 133 231 10000 2
3 0 138 173 10000 2
