1 2 131 54 2000 2
1 2 118 51 2000 2
1 2 50 49 2000 2
1 2 144 158 2000 2
1 2 146 226 2000 2
1 2 132 161 2000 2
1 2 38 54 2000 2
1 2 66 8 2000 2
1 2 22 151 2000 2
1 2 76 203 2000 2
1 2 181 16 2000 2
1 2 136 27 2000 2
1 2 73 7 2000 2
1 2 176 93 2000 2
1 2 223 39 2000 2
1 2 234 74 2000 2
1 2 141 52 2000 2
1 2 147 216 2000 2
1 2 122 57 2000 2
1 2 76 230 2000 2
1 2 89 143 2000 2
1 2 246 240 2000 2
1 2 55 207 2000 2
1 2 119 255 2000 2
1 2 5 48 2000 2
1 2 34 144 2000 2
1 2 242 2 2000 2
1 2 121 204 2000 2
1 2 210 184 2000 2
1 2 96 101 2000 2
1 2 134 215 2000 2
1 2 195 66 2000 2
1 2 214 194 2000 2
1 2 34 47 2000 2
1 2 137 238 2000 2
1 2 165 105 2000 2
1 2 52 3 2000 2
1 2 153 210 2000 2
1 2 161 201 2000 2
1 2 155 2 2000 2
1 2 81 160 2000 2
1 2 167 122 2000 2
1 2 235 201 2000 2
1 2 155 199 2000 2
1 2 252 79 4000 2
1 2 0 168 4000 2
1 2 128 93 4000 2
1 2 125 98 4000 2
1 2 123 168 4000 2
1 2 203 89 4000 2
1 2 114 0 4000 2
1 2 171 14 4000 2
1 2 232 186 4000 2
1 2 62 130 4000 2
1 2 170 98 4000 2
1 2 20 63 4000 2
1 2 89 134 4000 2
1 2 76 198 4000 2
1 2 137 153 4000 2
1 2 132 196 4000 2
1 2 121 51 4000 2
1 2 8 119 4000 2
1 2 122 161 4000 2
1 2 50 98 4000 2
1 2 218 130 4000 2
1 2 12 28 4000 2
1 2 184 67 4000 2
1 2 117 174 4000 2
1 2 199 68 4000 2
1 2 61 181 4000 2
1 2 224 98 4000 2
1 2 227 211 4000 2
1 2 243 235 4000 2
1 2 91 20 4000 2
1 2 138 152 4000 2
1 2 62 33 4000 2
1 2 61 103 4000 2
1 2 219 54 4000 2
1 2 10 2 4000 2
1 2 28 29 4000 2
1 2 101 155 4000 2
1 2 70 215 6000 2
1 2 105 245 6000 2
1 2 89 143 6000 2
1 2 114 1 6000 2
1 2 104 225 6000 2
1 2 236 22 6000 2
1 2 129 2 6000 2
1 2 205 209 6000 2
1 2 13 188 6000 2
1 2 206 113 6000 2
1 2 41 70 6000 2
1 2 241 228 6000 2
1 2 233 152 6000 2
1 2 216 96 6000 2
1 2 82 103 6000 2
1 2 101 0 6000 2
1 2 216 49 6000 2
1 2 16 208 6000 2
1 2 121 252 6000 2
1 2 62 234 6000 2
1 2 9 225 6000 2
1 2 138 159 6000 2
1 2 100 132 6000 2
1 2 121 54 6000 2
1 2 80 176 6000 2
1 2 36 184 6000 2
1 2 217 130 6000 2
1 2 11 39 6000 2
1 2 252 221 6000 2
1 2 238 29 6000 2
1 2 28 167 6000 2
1 2 164 53 6000 2
1 2 111 91 8000 2
1 2 178 159 8000 2
1 2 82 219 8000 2
1 2 65 146 8000 2
1 2 101 18 8000 2
1 2 13 235 8000 2
1 2 53 230 8000 2
1 2 249 135 8000 2
1 2 192 180 8000 2
1 2 202 194 8000 2
1 2 78 27 8000 2
1 2 137 184 8000 2
1 2 63 217 8000 2
1 2 97 176 8000 2
1 2 63 78 8000 2
1 2 53 85 8000 2
1 2 38 114 8000 2
1 2 217 253 8000 2
1 2 169 167 8000 2
1 2 48 34 8000 2
1 2 186 185 8000 2
1 2 102 49 8000 2
1 2 145 110 8000 2
1 2 145 56 8000 2
1 2 88 92 8000 2
1 2 72 35 8000 2
1 2 28 171 8000 2
1 2 9 34 8000 2
1 2 251 163 8000 2
1 2 15 174 8000 2
1 2 42 155 8000 2
1 2 146 171 8000 2
1 2 149 131 8000 2
1 2 65 235 8000 2
1 2 224 107 8000 2
1 2 31 167 8000 2
1 2 192 80 8000 2
1 2 167 236 8000 2
1 2 139 222 8000 2
1 2 141 145 8000 2
1 2 222 9 8000 2
1 2 94 51 8000 2
1 2 25 67 8000 2
1 2 151 63 8000 2
1 2 195 114 8000 2
1 2 187 221 8000 2
1 2 131 233 8000 2
1 2 17 196 10000 2
1 2 139 86 10000 2
1 2 140 90 10000 2
1 2 5 254 10000 2
1 2 190 137 10000 2
1 2 181 40 10000 2
1 2 234 176 10000 2
1 2 252 116 10000 2
1 2 231 4 10000 2
1 2 60 224 10000 2
1 2 164 201 10000 2
1 2 69 123 10000 2
1 2 59 243 10000 2
1 2 241 189 10000 2
1 2 210 200 10000 2
1 2 201 89 10000 2
1 2 26 121 10000 2
1 2 88 200 10000 2
1 2 78 74 10000 2
1 2 109 43 10000 2
1 2 79 148 10000 2
1 2 132 189 10000 2
1 2 245 36 10000 2
1 2 70 18 10000 2
1 2 194 55 10000 2
1 2 167 93 10000 2
1 2 244 58 10000 2
1 2 254 97 10000 2
1 2 180 88 10000 2
1 2 21 148 10000 2
