2 3 44 234 2000 2
2 3 19 238 2000 2
2 3 136 160 2000 2
2 3 143 91 2000 2
2 3 148 208 2000 2
2 3 178 45 2000 2
2 3 28 54 2000 2
2 3 249 238 2000 2
2 3 122 131 2000 2
2 3 157 123 2000 2
2 3 129 23 2000 2
2 3 92 238 2000 2
2 3 201 80 2000 2
2 3 41 82 2000 2
2 3 8 189 2000 2
2 3 226 130 2000 2
2 3 143 172 2000 2
2 3 116 133 2000 2
2 3 67 45 2000 2
2 3 11 251 2000 2
2 3 173 146 2000 2
2 3 193 101 2000 2
2 3 55 187 2000 2
2 3 42 217 2000 2
2 3 4 101 2000 2
2 3 161 29 2000 2
2 3 228 105 2000 2
2 3 220 236 2000 2
2 3 248 18 2000 2
2 3 166 41 2000 2
2 3 101 109 2000 2
2 3 147 240 2000 2
2 3 249 123 2000 2
2 3 169 86 2000 2
2 3 169 4 2000 2
2 3 186 28 2000 2
2 3 102 133 2000 2
2 3 22 178 2000 2
2 3 226 178 2000 2
2 3 46 76 2000 2
2 3 211 156 2000 2
2 3 145 110 2000 2
2 3 251 134 2000 2
2 3 172 202 4000 2
2 3 15 14 4000 2
2 3 226 209 4000 2
2 3 212 124 4000 2
2 3 193 160 4000 2
2 3 48 250 4000 2
2 3 255 153 4000 2
2 3 104 137 4000 2
2 3 196 50 4000 2
2 3 155 227 4000 2
2 3 4 239 4000 2
2 3 223 135 4000 2
2 3 225 173 4000 2
2 3 141 214 4000 2
2 3 72 149 4000 2
2 3 132 181 4000 2
2 3 162 209 4000 2
2 3 169 42 4000 2
2 3 212 45 4000 2
2 3 154 165 4000 2
2 3 139 66 4000 2
2 3 251 247 4000 2
2 3 9 121 4000 2
2 3 161 52 4000 2
2 3 93 188 4000 2
2 3 97 58 4000 2
2 3 114 130 4000 2
2 3 244 224 4000 2
2 3 79 118 4000 2
2 3 115 42 4000 2
2 3 24 19 4000 2
2 3 122 50 4000 2
2 3 241 235 4000 2
2 3 3 192 4000 2
2 3 58 179 4000 2
2 3 88 224 4000 2
2 3 233 101 4000 2
2 3 153 129 4000 2
2 3 106 110 4000 2
2 3 166 31 4000 2
2 3 114 139 4000 2
2 3 243 4 6000 2
2 3 178 158 6000 2
2 3 35 1 6000 2
2 3 193 203 6000 2
2 3 238 133 6000 2
2 3 59 113 6000 2
2 3 60 140 6000 2
2 3 36 115 6000 2
2 3 9 2 6000 2
2 3 16 211 6000 2
2 3 196 170 6000 2
2 3 249 226 6000 2
2 3 146 25 6000 2
2 3 194 149 6000 2
2 3 216 27 6000 2
2 3 150 167 6000 2
2 3 250 192 6000 2
2 3 217 98 6000 2
2 3 171 116 6000 2
2 3 135 146 6000 2
2 3 105 133 6000 2
2 3 99 77 6000 2
2 3 31 219 6000 2
2 3 235 77 6000 2
2 3 82 0 6000 2
2 3 97 90 6000 2
2 3 170 221 6000 2
2 3 36 76 6000 2
2 3 89 132 6000 2
2 3 38 82 6000 2
2 3 152 39 6000 2
2 3 183 39 6000 2
2 3 202 229 6000 2
2 3 10 204 6000 2
2 3 150 174 6000 2
2 3 40 151 6000 2
2 3 155 166 6000 2
2 3 188 6 6000 2
2 3 91 185 6000 2
2 3 247 221 6000 2
2 3 32 180 6000 2
2 3 143 132 6000 2
2 3 49 28 6000 2
2 3 187 40 8000 2
2 3 204 84 8000 2
2 3 222 104 8000 2
2 3 209 72 8000 2
2 3 12 246 8000 2
2 3 157 77 8000 2
2 3 41 169 8000 2
2 3 99 76 8000 2
2 3 249 71 8000 2
2 3 244 107 8000 2
2 3 81 25 8000 2
2 3 42 246 8000 2
2 3 180 208 8000 2
2 3 239 27 8000 2
2 3 161 111 8000 2
2 3 177 212 8000 2
2 3 251 213 8000 2
2 3 161 201 8000 2
2 3 234 68 8000 2
2 3 74 192 8000 2
2 3 203 52 8000 2
2 3 68 182 8000 2
2 3 200 108 8000 2
2 3 157 154 8000 2
2 3 229 217 8000 2
2 3 4 178 8000 2
2 3 37 32 8000 2
2 3 101 27 8000 2
2 3 176 23 8000 2
2 3 47 126 8000 2
2 3 253 7 8000 2
2 3 253 3 8000 2
2 3 39 214 8000 2
2 3 133 254 8000 2
2 3 252 185 8000 2
2 3 228 115 8000 2
2 3 15 126 10000 2
2 3 41 54 10000 2
2 3 116 102 10000 2
2 3 124 117 10000 2
2 3 169 220 10000 2
2 3 15 156 10000 2
2 3 141 48 10000 2
2 3 163 173 10000 2
2 3 70 99 10000 2
2 3 194 55 10000 2
2 3 117 106 10000 2
2 3 234 224 10000 2
2 3 232 59 10000 2
2 3 215 70 10000 2
2 3 90 131 10000 2
2 3 230 58 10000 2
2 3 76 237 10000 2
2 3 172 246 10000 2
2 3 196 79 10000 2
2 3 138 232 10000 2
2 3 189 123 10000 2
2 3 150 55 10000 2
2 3 176 179 10000 2
2 3 179 209 10000 2
2 3 197 25 10000 2
2 3 48 107 10000 2
2 3 162 235 10000 2
2 3 105 147 10000 2
2 3 149 177 10000 2
2 3 187 94 10000 2
