0 0 211 530 2000 2
0 0 349 420 2000 2
0 0 96 434 2000 2
0 0 286 480 2000 2
0 0 462 336 2000 2
0 0 539 278 2000 2
0 0 152 645 2000 2
0 0 646 302 2000 2
0 0 870 924 2000 2
0 0 178 741 2000 2
0 0 36 413 2000 2
0 0 951 520 2000 2
0 0 268 265 2000 2
0 0 144 166 2000 2
0 0 886 732 2000 2
0 0 301 753 2000 2
0 0 239 614 2000 2
0 0 80 67 2000 2
0 0 168 569 2000 2
0 0 35 532 2000 2
0 0 240 642 2000 2
0 0 27 176 2000 2
0 0 145 366 2000 2
0 0 409 451 2000 2
0 0 316 115 2000 2
0 0 803 279 2000 2
0 0 759 2 2000 2
0 0 0 954 2000 2
0 0 47 855 2000 2
0 0 337 95 2000 2
0 0 804 894 2000 2
0 0 865 434 2000 2
0 0 752 531 2000 2
0 0 705 314 2000 2
0 0 690 668 2000 2
0 0 277 889 2000 2
0 0 827 718 2000 2
0 0 28 234 2000 2
0 0 265 563 2000 2
0 0 446 210 2000 2
0 0 957 852 2000 2
0 0 665 158 2000 2
0 0 380 159 2000 2
0 0 36 95 2000 2
0 0 208 727 2000 2
0 0 951 964 2000 2
0 0 768 275 2000 2
0 0 100 593 2000 2
0 0 540 677 2000 2
0 0 310 688 2000 2
0 0 431 841 2000 2
0 0 188 277 2000 2
0 0 919 966 2000 2
0 0 384 111 2000 2
0 0 884 156 2000 2
0 0 86 520 2000 2
0 0 872 202 2000 2
0 0 831 947 2000 2
0 0 890 414 2000 2
0 0 1004 506 2000 2
0 0 388 1017 2000 2
0 0 509 340 2000 2
0 0 371 156 2000 2
0 0 424 904 2000 2
0 0 133 194 2000 2
0 0 985 525 2000 2
0 0 14 788 2000 2
0 0 480 602 2000 2
0 0 407 275 2000 2
0 0 360 98 2000 2
0 0 938 825 2000 2
0 0 131 490 2000 2
0 0 655 534 2000 2
0 0 106 1000 2000 2
0 0 478 132 2000 2
0 0 410 301 2000 2
0 0 592 689 2000 2
0 0 43 365 2000 2
0 0 646 100 2000 2
0 0 19 333 2000 2
0 0 739 633 2000 2
0 0 322 477 2000 2
0 0 1021 606 2000 2
0 0 993 453 2000 2
0 0 723 664 2000 2
0 0 888 446 2000 2
0 0 177 855 2000 2
0 0 772 39 2000 2
0 0 1013 599 2000 2
0 0 661 487 2000 2
0 0 530 958 2000 2
0 0 45 100 2000 2
0 0 542 846 2000 2
0 0 69 874 2000 2
0 0 736 2 2000 2
0 0 999 1005 2000 2
0 0 332 496 2000 2
0 0 370 463 2000 2
0 0 286 987 2000 2
0 0 768 298 2000 2
0 0 606 626 2000 2
0 0 1016 185 2000 2
0 0 340 514 2000 2
0 0 703 146 2000 2
0 0 924 459 2000 2
0 0 705 113 2000 2
0 0 313 356 2000 2
0 0 960 690 2000 2
0 0 499 114 2000 2
0 0 648 489 2000 2
0 0 608 999 2000 2
0 0 546 873 2000 2
0 0 982 363 2000 2
0 0 182 629 2000 2
0 0 259 592 2000 2
0 0 420 41 2000 2
0 0 310 900 2000 2
0 0 94 846 2000 2
0 0 824 394 2000 2
0 0 804 528 2000 2
0 0 528 737 2000 2
0 0 232 898 2000 2
0 0 542 129 2000 2
0 0 1002 819 2000 2
0 0 496 444 2000 2
0 0 405 216 2000 2
0 0 537 548 2000 2
0 0 622 181 2000 2
0 0 626 892 2000 2
0 0 196 704 2000 2
0 0 835 195 2000 2
0 0 141 548 2000 2
0 0 803 902 2000 2
0 0 324 406 2000 2
0 0 95 936 2000 2
0 0 329 165 2000 2
0 0 530 179 2000 2
0 0 78 525 2000 2
0 0 196 543 2000 2
0 0 746 185 2000 2
0 0 204 601 2000 2
0 0 747 248 2000 2
0 0 229 238 2000 2
0 0 134 441 2000 2
0 0 432 776 2000 2
0 0 1019 153 2000 2
0 0 745 912 2000 2
0 0 865 544 2000 2
0 0 369 505 2000 2
0 0 904 405 2000 2
0 0 217 874 2000 2
0 0 337 306 2000 2
0 0 858 733 2000 2
0 0 758 70 2000 2
0 0 45 742 2000 2
0 0 764 68 2000 2
0 0 923 370 2000 2
0 0 444 71 2000 2
0 0 182 938 2000 2
0 0 206 673 2000 2
0 0 974 587 2000 2
0 0 353 992 2000 2
0 0 260 82 2000 2
0 0 606 417 2000 2
0 0 604 592 2000 2
0 0 284 313 2000 2
0 0 144 758 2000 2
0 0 600 86 2000 2
0 0 880 651 2000 2
0 0 214 89 2000 2
0 0 303 123 2000 2
0 0 787 649 2000 2
0 0 502 891 2000 2
0 0 941 680 2000 2
0 0 959 340 2000 2
0 0 873 22 2000 2
0 0 139 25 2000 2
0 0 340 193 2000 2
0 0 975 194 2000 2
0 0 191 558 2000 2
0 0 9 868 2000 2
0 0 572 440 2000 2
0 0 480 88 2000 2
0 0 83 879 2000 2
0 0 551 629 2000 2
0 0 418 308 2000 2
0 0 588 571 2000 2
0 0 180 540 2000 2
0 0 625 530 2000 2
0 0 405 629 2000 2
0 0 990 220 2000 2
0 0 601 903 2000 2
0 0 947 541 2000 2
0 0 171 807 2000 2
0 0 780 401 2000 2
0 0 791 452 2000 2
0 0 876 777 2000 2
0 0 166 154 2000 2
0 0 522 119 2000 2
0 0 474 428 2000 2
0 0 508 744 2000 2
0 0 818 703 2000 2
0 0 494 314 2000 2
0 0 891 465 2000 2
0 0 273 40 2000 2
0 0 956 773 2000 2
0 0 954 44 2000 2
0 0 909 762 2000 2
0 0 544 676 2000 2
0 0 261 556 2000 2
0 0 459 149 2000 2
0 0 255 322 2000 2
0 0 196 287 2000 2
0 0 598 404 2000 2
0 0 751 888 2000 2
0 0 698 842 2000 2
0 0 970 555 2000 2
0 0 316 883 2000 2
0 0 867 798 2000 2
0 0 831 639 2000 2
0 0 211 966 2000 2
0 0 70 256 2000 2
0 0 442 920 2000 2
0 0 627 506 2000 2
0 0 577 574 2000 2
0 0 203 574 2000 2
0 0 582 129 2000 2
0 0 402 949 2000 2
0 0 248 372 2000 2
0 0 800 481 2000 2
0 0 13 367 2000 2
0 0 767 960 2000 2
0 0 531 925 2000 2
0 0 309 855 2000 2
0 0 424 249 2000 2
0 0 870 465 2000 2
0 0 186 566 2000 2
0 0 171 854 2000 2
0 0 362 180 2000 2
0 0 630 320 2000 2
0 0 421 611 2000 2
0 0 763 646 2000 2
0 0 4 50 2000 2
0 0 93 592 2000 2
0 0 442 431 2000 2
0 0 472 287 2000 2
0 0 242 796 2000 2
0 0 1014 839 2000 2
0 0 690 815 2000 2
0 0 804 984 2000 2
0 0 345 843 2000 2
0 0 659 133 2000 2
0 0 53 546 2000 2
0 0 949 322 2000 2
0 0 944 322 2000 2
0 0 146 445 2000 2
0 0 140 681 2000 2
0 0 164 101 2000 2
0 0 188 132 2000 2
0 0 406 995 2000 2
0 0 975 1005 2000 2
0 0 439 186 2000 2
0 0 698 150 2000 2
0 0 518 690 2000 2
0 0 738 118 2000 2
0 0 858 115 2000 2
0 0 561 115 2000 2
0 0 547 666 2000 2
0 0 796 206 2000 2
0 0 1007 429 2000 2
0 0 754 175 2000 2
0 0 110 149 2000 2
0 0 924 117 2000 2
0 0 165 245 2000 2
0 0 474 425 2000 2
0 0 92 51 2000 2
0 0 42 387 2000 2
0 0 397 291 2000 2
0 0 412 283 2000 2
0 0 719 882 2000 2
0 0 745 456 2000 2
0 0 917 520 2000 2
0 0 545 595 2000 2
0 0 647 836 2000 2
0 0 48 938 2000 2
0 0 151 1 2000 2
0 0 597 632 2000 2
0 0 248 177 2000 2
0 0 466 1005 2000 2
0 0 243 590 2000 2
0 0 328 578 2000 2
0 0 633 880 2000 2
0 0 222 896 2000 2
0 0 564 801 2000 2
0 0 981 964 2000 2
0 0 391 950 2000 2
0 0 401 615 2000 2
0 0 826 901 2000 2
0 0 701 308 2000 2
0 0 928 803 2000 2
0 0 128 281 2000 2
0 0 519 360 2000 2
0 0 401 418 2000 2
0 0 969 764 2000 2
0 0 68 672 2000 2
0 0 607 271 2000 2
0 0 930 888 2000 2
0 0 617 730 2000 2
0 0 989 732 2000 2
0 0 763 942 2000 2
0 0 873 707 2000 2
0 0 61 753 2000 2
0 0 768 46 2000 2
0 0 668 942 2000 2
0 0 540 335 2000 2
0 0 698 785 2000 2
0 0 593 174 2000 2
0 0 181 494 2000 2
0 0 209 803 2000 2
0 0 385 222 2000 2
0 0 951 940 2000 2
0 0 472 681 2000 2
0 0 332 162 2000 2
0 0 479 786 2000 2
0 0 427 780 2000 2
0 0 222 148 2000 2
0 0 64 192 2000 2
0 0 720 639 2000 2
0 0 151 545 2000 2
0 0 774 400 2000 2
0 0 404 412 2000 2
0 0 15 682 2000 2
0 0 12 759 2000 2
0 0 221 175 2000 2
0 0 1004 262 4000 2
0 0 680 510 4000 2
0 0 155 91 4000 2
0 0 448 932 4000 2
0 0 701 714 4000 2
0 0 277 143 4000 2
0 0 552 62 4000 2
0 0 135 1012 4000 2
0 0 760 848 4000 2
0 0 975 890 4000 2
0 0 717 250 4000 2
0 0 998 647 4000 2
0 0 15 345 4000 2
0 0 22 444 4000 2
0 0 919 322 4000 2
0 0 409 592 4000 2
0 0 385 296 4000 2
0 0 1019 929 4000 2
0 0 757 643 4000 2
0 0 67 727 4000 2
0 0 921 838 4000 2
0 0 432 337 4000 2
0 0 47 439 4000 2
0 0 283 47 4000 2
0 0 407 623 4000 2
0 0 874 392 4000 2
0 0 778 464 4000 2
0 0 632 981 4000 2
0 0 325 812 4000 2
0 0 506 1013 4000 2
0 0 10 163 4000 2
0 0 843 87 4000 2
0 0 140 814 4000 2
0 0 60 878 4000 2
0 0 0 385 4000 2
0 0 784 767 4000 2
0 0 237 42 4000 2
0 0 187 117 4000 2
0 0 991 833 4000 2
0 0 451 902 4000 2
0 0 468 325 4000 2
0 0 708 506 4000 2
0 0 972 757 4000 2
0 0 161 822 4000 2
0 0 763 997 4000 2
0 0 417 795 4000 2
0 0 665 2 4000 2
0 0 584 126 4000 2
0 0 487 989 4000 2
0 0 976 847 4000 2
0 0 275 214 4000 2
0 0 914 48 4000 2
0 0 887 592 4000 2
0 0 249 307 4000 2
0 0 139 985 4000 2
0 0 216 467 4000 2
0 0 615 888 4000 2
0 0 588 941 4000 2
0 0 710 203 4000 2
0 0 329 578 4000 2
0 0 114 933 4000 2
0 0 89 300 4000 2
0 0 520 1023 4000 2
0 0 7 872 4000 2
0 0 953 732 4000 2
0 0 4 458 4000 2
0 0 565 958 4000 2
0 0 220 859 4000 2
0 0 1010 275 4000 2
0 0 292 365 4000 2
0 0 841 141 4000 2
0 0 236 814 4000 2
0 0 572 342 4000 2
0 0 634 14 4000 2
0 0 203 426 4000 2
0 0 46 890 4000 2
0 0 263 293 4000 2
0 0 221 331 4000 2
0 0 517 271 4000 2
0 0 189 761 4000 2
0 0 869 858 4000 2
0 0 830 38 4000 2
0 0 745 761 4000 2
0 0 760 721 4000 2
0 0 311 579 4000 2
0 0 430 850 4000 2
0 0 683 467 4000 2
0 0 680 914 4000 2
0 0 975 659 4000 2
0 0 729 189 4000 2
0 0 854 28 4000 2
0 0 465 846 4000 2
0 0 430 172 4000 2
0 0 575 672 4000 2
0 0 608 985 4000 2
0 0 595 283 4000 2
0 0 507 335 4000 2
0 0 553 868 4000 2
0 0 140 152 4000 2
0 0 289 292 4000 2
0 0 424 604 4000 2
0 0 320 637 4000 2
0 0 860 913 4000 2
0 0 463 966 4000 2
0 0 716 636 4000 2
0 0 183 242 4000 2
0 0 741 1008 4000 2
0 0 502 548 4000 2
0 0 324 218 4000 2
0 0 932 472 4000 2
0 0 662 555 4000 2
0 0 522 939 4000 2
0 0 206 872 4000 2
0 0 62 299 4000 2
0 0 87 453 4000 2
0 0 968 792 4000 2
0 0 130 796 4000 2
0 0 27 712 4000 2
0 0 453 278 4000 2
0 0 187 621 4000 2
0 0 1013 169 4000 2
0 0 106 51 4000 2
0 0 425 875 4000 2
0 0 319 836 4000 2
0 0 404 180 4000 2
0 0 650 519 4000 2
0 0 100 702 4000 2
0 0 129 88 4000 2
0 0 910 903 4000 2
0 0 700 273 4000 2
0 0 998 465 4000 2
0 0 889 981 4000 2
0 0 805 920 4000 2
0 0 723 780 4000 2
0 0 455 775 4000 2
0 0 889 261 4000 2
0 0 398 546 4000 2
0 0 104 514 4000 2
0 0 236 430 4000 2
0 0 205 994 4000 2
0 0 514 165 4000 2
0 0 761 725 4000 2
0 0 752 343 4000 2
0 0 491 156 4000 2
0 0 703 71 4000 2
0 0 438 481 4000 2
0 0 29 870 4000 2
0 0 743 334 4000 2
0 0 121 184 4000 2
0 0 767 256 4000 2
0 0 647 896 4000 2
0 0 720 579 4000 2
0 0 443 134 4000 2
0 0 335 498 4000 2
0 0 1004 315 4000 2
0 0 678 677 4000 2
0 0 145 784 4000 2
0 0 62 532 4000 2
0 0 706 369 4000 2
0 0 102 760 4000 2
0 0 597 306 4000 2
0 0 76 844 4000 2
0 0 301 526 4000 2
0 0 634 110 4000 2
0 0 780 151 4000 2
0 0 232 460 4000 2
0 0 716 882 4000 2
0 0 311 154 4000 2
0 0 166 774 4000 2
0 0 555 267 4000 2
0 0 191 762 4000 2
0 0 1004 282 4000 2
0 0 684 256 4000 2
0 0 625 771 4000 2
0 0 660 180 4000 2
0 0 626 437 4000 2
0 0 929 537 4000 2
0 0 276 77 4000 2
0 0 179 142 4000 2
0 0 796 784 4000 2
0 0 211 201 4000 2
0 0 193 327 4000 2
0 0 1008 401 4000 2
0 0 510 305 4000 2
0 0 539 1003 4000 2
0 0 683 251 4000 2
0 0 313 607 4000 2
0 0 248 966 4000 2
0 0 61 1023 4000 2
0 0 62 237 4000 2
0 0 893 988 4000 2
0 0 1020 189 4000 2
0 0 923 549 4000 2
0 0 540 852 4000 2
0 0 712 552 4000 2
0 0 22 164 4000 2
0 0 181 309 4000 2
0 0 161 664 4000 2
0 0 881 5 4000 2
0 0 654 227 4000 2
0 0 545 372 4000 2
0 0 237 434 4000 2
0 0 938 331 4000 2
0 0 345 568 4000 2
0 0 32 361 4000 2
0 0 689 135 4000 2
0 0 130 75 4000 2
0 0 852 808 4000 2
0 0 873 748 4000 2
0 0 966 361 4000 2
0 0 10 262 4000 2
0 0 699 848 4000 2
0 0 121 59 4000 2
0 0 961 539 4000 2
0 0 1016 166 4000 2
0 0 808 938 4000 2
0 0 192 797 4000 2
0 0 487 756 4000 2
0 0 372 729 4000 2
0 0 224 255 4000 2
0 0 543 401 4000 2
0 0 32 400 4000 2
0 0 739 850 4000 2
0 0 457 144 4000 2
0 0 636 620 4000 2
0 0 702 131 4000 2
0 0 937 928 4000 2
0 0 803 878 4000 2
0 0 43 533 4000 2
0 0 892 419 4000 2
0 0 402 206 4000 2
0 0 927 804 4000 2
0 0 714 35 4000 2
0 0 460 972 4000 2
0 0 880 807 4000 2
0 0 117 402 4000 2
0 0 108 1022 4000 2
0 0 261 904 4000 2
0 0 918 1008 4000 2
0 0 807 291 4000 2
0 0 629 185 4000 2
0 0 735 51 4000 2
0 0 740 459 4000 2
0 0 361 782 4000 2
0 0 14 462 4000 2
0 0 129 924 4000 2
0 0 423 284 4000 2
0 0 152 433 4000 2
0 0 124 443 4000 2
0 0 407 448 4000 2
0 0 960 806 4000 2
0 0 953 199 4000 2
0 0 474 599 4000 2
0 0 912 686 4000 2
0 0 828 264 4000 2
0 0 548 723 4000 2
0 0 887 533 4000 2
0 0 793 93 4000 2
0 0 768 382 4000 2
0 0 929 909 4000 2
0 0 44 338 4000 2
0 0 83 771 4000 2
0 0 207 424 4000 2
0 0 711 637 4000 2
0 0 569 484 4000 2
0 0 911 123 4000 2
0 0 391 264 4000 2
0 0 623 428 4000 2
0 0 653 843 4000 2
0 0 253 194 4000 2
0 0 230 597 4000 2
0 0 206 175 4000 2
0 0 615 274 4000 2
0 0 933 134 4000 2
0 0 551 160 4000 2
0 0 527 143 4000 2
0 0 655 269 4000 2
0 0 48 205 4000 2
0 0 51 523 4000 2
0 0 50 695 4000 2
0 0 758 936 4000 2
0 0 813 561 4000 2
0 0 368 866 4000 2
0 0 690 404 4000 2
0 0 960 125 4000 2
0 0 617 908 4000 2
0 0 853 221 4000 2
0 0 313 472 4000 2
0 0 660 598 4000 2
0 0 503 966 4000 2
0 0 461 700 4000 2
0 0 418 725 6000 2
0 0 988 217 6000 2
0 0 650 744 6000 2
0 0 472 648 6000 2
0 0 350 63 6000 2
0 0 556 71 6000 2
0 0 798 683 6000 2
0 0 987 237 6000 2
0 0 769 178 6000 2
0 0 395 861 6000 2
0 0 613 26 6000 2
0 0 865 142 6000 2
0 0 433 519 6000 2
0 0 340 547 6000 2
0 0 737 213 6000 2
0 0 112 54 6000 2
0 0 763 826 6000 2
0 0 444 738 6000 2
0 0 84 341 6000 2
0 0 194 941 6000 2
0 0 190 147 6000 2
0 0 683 572 6000 2
0 0 479 661 6000 2
0 0 998 423 6000 2
0 0 597 429 6000 2
0 0 410 629 6000 2
0 0 157 191 6000 2
0 0 32 300 6000 2
0 0 38 591 6000 2
0 0 138 214 6000 2
0 0 821 767 6000 2
0 0 1017 299 6000 2
0 0 991 889 6000 2
0 0 704 742 6000 2
0 0 76 613 6000 2
0 0 857 30 6000 2
0 0 208 607 6000 2
0 0 398 266 6000 2
0 0 999 752 6000 2
0 0 933 476 6000 2
0 0 281 594 6000 2
0 0 382 929 6000 2
0 0 391 518 6000 2
0 0 132 913 6000 2
0 0 78 88 6000 2
0 0 812 968 6000 2
0 0 181 951 6000 2
0 0 542 98 6000 2
0 0 22 616 6000 2
0 0 663 471 6000 2
0 0 838 577 6000 2
0 0 289 762 6000 2
0 0 383 556 6000 2
0 0 655 840 6000 2
0 0 786 878 6000 2
0 0 664 1019 6000 2
0 0 102 958 6000 2
0 0 733 331 6000 2
0 0 567 631 6000 2
0 0 269 700 6000 2
0 0 831 948 6000 2
0 0 540 377 6000 2
0 0 688 567 6000 2
0 0 564 199 6000 2
0 0 968 617 6000 2
0 0 667 999 6000 2
0 0 560 978 6000 2
0 0 962 992 6000 2
0 0 320 735 6000 2
0 0 644 72 6000 2
0 0 45 655 6000 2
0 0 376 96 6000 2
0 0 828 21 6000 2
0 0 686 884 6000 2
0 0 131 142 6000 2
0 0 258 651 6000 2
0 0 514 371 6000 2
0 0 183 193 6000 2
0 0 556 44 6000 2
0 0 767 296 6000 2
0 0 285 437 6000 2
0 0 64 829 6000 2
0 0 800 733 6000 2
0 0 39 164 6000 2
0 0 165 337 6000 2
0 0 475 295 6000 2
0 0 547 231 6000 2
0 0 209 76 6000 2
0 0 985 234 6000 2
0 0 505 352 6000 2
0 0 656 729 6000 2
0 0 450 111 6000 2
0 0 485 168 6000 2
0 0 824 269 6000 2
0 0 765 580 6000 2
0 0 495 633 6000 2
0 0 522 783 6000 2
0 0 801 918 6000 2
0 0 858 843 6000 2
0 0 887 791 6000 2
0 0 19 54 6000 2
0 0 152 968 6000 2
0 0 764 249 6000 2
0 0 849 923 6000 2
0 0 395 910 6000 2
0 0 125 975 6000 2
0 0 799 266 6000 2
0 0 502 610 6000 2
0 0 404 406 6000 2
0 0 747 414 6000 2
0 0 701 63 6000 2
0 0 288 372 6000 2
0 0 891 263 6000 2
0 0 811 661 6000 2
0 0 771 660 6000 2
0 0 422 269 6000 2
0 0 133 429 6000 2
0 0 274 128 6000 2
0 0 178 96 6000 2
0 0 32 414 6000 2
0 0 469 111 6000 2
0 0 85 428 6000 2
0 0 238 150 6000 2
0 0 787 580 6000 2
0 0 753 616 6000 2
0 0 331 546 6000 2
0 0 1000 242 6000 2
0 0 468 701 6000 2
0 0 440 193 6000 2
0 0 174 563 6000 2
0 0 406 66 6000 2
0 0 123 460 6000 2
0 0 126 392 6000 2
0 0 521 171 6000 2
0 0 80 1001 6000 2
0 0 140 607 6000 2
0 0 895 547 6000 2
0 0 885 361 6000 2
0 0 758 735 6000 2
0 0 953 363 6000 2
0 0 352 825 6000 2
0 0 525 834 6000 2
0 0 834 131 6000 2
0 0 827 453 6000 2
0 0 938 583 6000 2
0 0 531 309 6000 2
0 0 853 854 6000 2
0 0 868 540 6000 2
0 0 625 863 6000 2
0 0 487 843 6000 2
0 0 1004 930 6000 2
0 0 659 747 6000 2
0 0 798 211 6000 2
0 0 908 509 6000 2
0 0 813 992 6000 2
0 0 128 372 6000 2
0 0 1008 681 6000 2
0 0 587 657 6000 2
0 0 865 112 6000 2
0 0 872 667 6000 2
0 0 593 747 6000 2
0 0 415 141 6000 2
0 0 888 219 6000 2
0 0 1014 538 6000 2
0 0 95 726 6000 2
0 0 129 466 6000 2
0 0 582 553 6000 2
0 0 666 949 6000 2
0 0 609 754 6000 2
0 0 802 82 6000 2
0 0 600 722 6000 2
0 0 390 815 6000 2
0 0 909 271 6000 2
0 0 960 283 6000 2
0 0 429 808 6000 2
0 0 273 271 6000 2
0 0 725 880 6000 2
0 0 288 789 6000 2
0 0 778 622 6000 2
0 0 390 175 6000 2
0 0 583 650 6000 2
0 0 186 503 6000 2
0 0 154 486 6000 2
0 0 17 486 6000 2
0 0 272 235 6000 2
0 0 934 60 6000 2
0 0 112 420 6000 2
0 0 942 943 6000 2
0 0 723 2 6000 2
0 0 930 670 6000 2
0 0 636 353 6000 2
0 0 691 693 6000 2
0 0 533 941 6000 2
0 0 343 960 6000 2
0 0 777 728 6000 2
0 0 493 594 6000 2
0 0 292 30 6000 2
0 0 629 324 6000 2
0 0 190 879 6000 2
0 0 942 129 6000 2
0 0 236 341 6000 2
0 0 435 601 6000 2
0 0 285 953 6000 2
0 0 603 916 6000 2
0 0 287 232 6000 2
0 0 42 154 6000 2
0 0 1013 624 6000 2
0 0 679 918 6000 2
0 0 526 399 6000 2
0 0 981 648 6000 2
0 0 777 165 6000 2
0 0 198 281 6000 2
0 0 764 208 6000 2
0 0 765 62 6000 2
0 0 1013 23 6000 2
0 0 986 58 6000 2
0 0 552 544 6000 2
0 0 701 311 6000 2
0 0 806 448 6000 2
0 0 171 611 6000 2
0 0 269 645 6000 2
0 0 761 648 6000 2
0 0 474 471 6000 2
0 0 871 701 6000 2
0 0 357 439 6000 2
0 0 626 429 6000 2
0 0 336 962 6000 2
0 0 281 783 6000 2
0 0 94 860 6000 2
0 0 997 371 6000 2
0 0 643 487 6000 2
0 0 132 35 6000 2
0 0 1014 392 6000 2
0 0 760 838 6000 2
0 0 625 25 6000 2
0 0 664 646 6000 2
0 0 553 674 6000 2
0 0 747 645 6000 2
0 0 618 536 6000 2
0 0 484 492 6000 2
0 0 532 486 6000 2
0 0 998 789 6000 2
0 0 744 372 6000 2
0 0 637 543 6000 2
0 0 778 865 6000 2
0 0 201 614 6000 2
0 0 717 111 6000 2
0 0 878 912 6000 2
0 0 416 362 6000 2
0 0 928 698 6000 2
0 0 207 116 6000 2
0 0 334 296 6000 2
0 0 910 18 6000 2
0 0 909 254 6000 2
0 0 844 76 6000 2
0 0 680 299 6000 2
0 0 344 850 6000 2
0 0 395 42 6000 2
0 0 1013 709 6000 2
0 0 469 444 6000 2
0 0 527 450 6000 2
0 0 334 792 6000 2
0 0 1016 1015 6000 2
0 0 245 546 6000 2
0 0 930 908 6000 2
0 0 184 950 6000 2
0 0 1012 624 6000 2
0 0 74 743 6000 2
0 0 566 1018 6000 2
0 0 739 492 6000 2
0 0 47 981 6000 2
0 0 565 345 6000 2
0 0 755 245 6000 2
0 0 352 341 6000 2
0 0 37 265 6000 2
0 0 727 345 6000 2
0 0 92 323 6000 2
0 0 572 789 6000 2
0 0 555 862 6000 2
0 0 337 172 6000 2
0 0 365 321 6000 2
0 0 502 853 6000 2
0 0 558 785 6000 2
0 0 180 73 6000 2
0 0 804 601 6000 2
0 0 751 295 6000 2
0 0 466 655 6000 2
0 0 389 107 6000 2
0 0 622 491 6000 2
0 0 264 999 6000 2
0 0 680 411 6000 2
0 0 50 813 8000 2
0 0 14 85 8000 2
0 0 199 433 8000 2
0 0 730 758 8000 2
0 0 760 1004 8000 2
0 0 137 635 8000 2
0 0 1020 913 8000 2
0 0 198 791 8000 2
0 0 687 231 8000 2
0 0 406 543 8000 2
0 0 962 333 8000 2
0 0 471 571 8000 2
0 0 713 792 8000 2
0 0 39 409 8000 2
0 0 407 938 8000 2
0 0 708 406 8000 2
0 0 415 34 8000 2
0 0 387 395 8000 2
0 0 750 299 8000 2
0 0 108 588 8000 2
0 0 335 910 8000 2
0 0 496 307 8000 2
0 0 530 901 8000 2
0 0 531 473 8000 2
0 0 544 518 8000 2
0 0 664 807 8000 2
0 0 998 972 8000 2
0 0 639 328 8000 2
0 0 22 616 8000 2
0 0 260 464 8000 2
0 0 348 93 8000 2
0 0 924 300 8000 2
0 0 64 779 8000 2
0 0 1009 402 8000 2
0 0 266 106 8000 2
0 0 551 532 8000 2
0 0 427 298 8000 2
0 0 835 1010 8000 2
0 0 398 244 8000 2
0 0 208 405 8000 2
0 0 114 966 8000 2
0 0 841 158 8000 2
0 0 802 935 8000 2
0 0 984 569 8000 2
0 0 345 227 8000 2
0 0 282 399 8000 2
0 0 917 907 8000 2
0 0 489 882 8000 2
0 0 230 719 8000 2
0 0 391 127 8000 2
0 0 284 936 8000 2
0 0 51 384 8000 2
0 0 280 140 8000 2
0 0 30 574 8000 2
0 0 849 398 8000 2
0 0 415 689 8000 2
0 0 513 1011 8000 2
0 0 193 8 8000 2
0 0 365 821 8000 2
0 0 589 287 8000 2
0 0 19 359 8000 2
0 0 736 570 8000 2
0 0 736 575 8000 2
0 0 814 510 8000 2
0 0 932 790 8000 2
0 0 81 418 8000 2
0 0 80 148 8000 2
0 0 912 682 8000 2
0 0 310 627 8000 2
0 0 117 3 8000 2
0 0 601 151 8000 2
0 0 170 473 8000 2
0 0 994 323 8000 2
0 0 38 517 8000 2
0 0 207 912 8000 2
0 0 424 13 8000 2
0 0 782 632 8000 2
0 0 290 335 8000 2
0 0 543 185 8000 2
0 0 277 895 8000 2
0 0 142 804 8000 2
0 0 874 500 8000 2
0 0 177 237 8000 2
0 0 255 589 8000 2
0 0 62 916 8000 2
0 0 342 591 8000 2
0 0 86 13 8000 2
0 0 943 541 8000 2
0 0 644 546 8000 2
0 0 316 366 8000 2
0 0 694 840 8000 2
0 0 566 168 8000 2
0 0 341 390 8000 2
0 0 209 93 8000 2
0 0 244 317 8000 2
0 0 391 60 8000 2
0 0 388 363 8000 2
0 0 41 450 8000 2
0 0 905 188 8000 2
0 0 20 623 8000 2
0 0 179 445 8000 2
0 0 659 741 8000 2
0 0 944 619 8000 2
0 0 228 640 8000 2
0 0 3 124 8000 2
0 0 785 480 8000 2
0 0 143 759 8000 2
0 0 543 128 8000 2
0 0 954 805 8000 2
0 0 207 939 8000 2
0 0 560 279 8000 2
0 0 828 539 8000 2
0 0 800 167 8000 2
0 0 365 71 8000 2
0 0 995 939 8000 2
0 0 130 139 8000 2
0 0 195 248 8000 2
0 0 274 299 8000 2
0 0 276 800 8000 2
0 0 459 415 8000 2
0 0 435 655 8000 2
0 0 994 27 8000 2
0 0 1018 962 8000 2
0 0 333 932 8000 2
0 0 224 260 8000 2
0 0 682 434 8000 2
0 0 829 279 8000 2
0 0 879 861 8000 2
0 0 147 568 8000 2
0 0 838 209 8000 2
0 0 926 508 8000 2
0 0 657 937 8000 2
0 0 992 668 8000 2
0 0 0 285 8000 2
0 0 769 296 8000 2
0 0 903 867 8000 2
0 0 763 745 8000 2
0 0 852 552 8000 2
0 0 4 803 8000 2
0 0 1012 581 8000 2
0 0 323 664 8000 2
0 0 5 850 8000 2
0 0 227 248 8000 2
0 0 723 164 8000 2
0 0 618 173 8000 2
0 0 389 443 8000 2
0 0 216 988 8000 2
0 0 219 640 8000 2
0 0 868 622 8000 2
0 0 771 882 8000 2
0 0 114 980 8000 2
0 0 1022 412 8000 2
0 0 514 533 8000 2
0 0 199 362 8000 2
0 0 230 41 8000 2
0 0 197 773 8000 2
0 0 863 228 8000 2
0 0 333 1010 8000 2
0 0 864 986 8000 2
0 0 826 469 8000 2
0 0 218 593 8000 2
0 0 765 986 8000 2
0 0 557 448 8000 2
0 0 644 389 8000 2
0 0 382 760 8000 2
0 0 674 86 8000 2
0 0 1015 399 8000 2
0 0 641 316 8000 2
0 0 328 144 8000 2
0 0 134 316 8000 2
0 0 580 919 8000 2
0 0 899 781 8000 2
0 0 6 81 8000 2
0 0 816 544 8000 2
0 0 161 110 8000 2
0 0 594 351 8000 2
0 0 203 674 8000 2
0 0 190 871 8000 2
0 0 761 474 8000 2
0 0 793 878 8000 2
0 0 393 296 8000 2
0 0 665 417 8000 2
0 0 591 727 8000 2
0 0 147 13 8000 2
0 0 360 279 8000 2
0 0 367 578 8000 2
0 0 927 289 8000 2
0 0 686 559 8000 2
0 0 445 403 8000 2
0 0 944 252 8000 2
0 0 350 370 8000 2
0 0 246 264 8000 2
0 0 1019 700 8000 2
0 0 566 742 8000 2
0 0 218 308 8000 2
0 0 686 928 8000 2
0 0 304 506 8000 2
0 0 280 262 8000 2
0 0 411 933 8000 2
0 0 545 818 8000 2
0 0 88 306 8000 2
0 0 789 1004 8000 2
0 0 876 856 8000 2
0 0 76 804 8000 2
0 0 309 873 8000 2
0 0 474 54 8000 2
0 0 173 444 8000 2
0 0 375 6 8000 2
0 0 1022 577 8000 2
0 0 67 177 8000 2
0 0 240 341 8000 2
0 0 1005 552 8000 2
0 0 576 83 8000 2
0 0 999 331 8000 2
0 0 86 561 8000 2
0 0 351 653 8000 2
0 0 957 1011 8000 2
0 0 469 604 8000 2
0 0 97 257 8000 2
0 0 175 795 8000 2
0 0 1010 42 8000 2
0 0 10 625 8000 2
0 0 288 83 8000 2
0 0 108 811 8000 2
0 0 811 691 8000 2
0 0 378 475 8000 2
0 0 182 1 8000 2
0 0 554 519 8000 2
0 0 340 57 8000 2
0 0 582 697 8000 2
0 0 738 912 8000 2
0 0 537 905 8000 2
0 0 345 714 8000 2
0 0 778 57 8000 2
0 0 624 465 8000 2
0 0 859 30 8000 2
0 0 745 360 8000 2
0 0 927 1003 8000 2
0 0 878 83 8000 2
0 0 974 196 8000 2
0 0 646 716 8000 2
0 0 727 444 8000 2
0 0 87 295 8000 2
0 0 688 455 8000 2
0 0 641 314 8000 2
0 0 44 487 8000 2
0 0 147 977 8000 2
0 0 685 205 8000 2
0 0 777 888 8000 2
0 0 742 159 8000 2
0 0 660 685 8000 2
0 0 601 110 8000 2
0 0 74 468 8000 2
0 0 755 388 8000 2
0 0 442 433 8000 2
0 0 483 1013 8000 2
0 0 251 806 8000 2
0 0 568 248 8000 2
0 0 455 937 8000 2
0 0 828 682 8000 2
0 0 274 865 8000 2
0 0 40 127 8000 2
0 0 276 334 8000 2
0 0 655 494 8000 2
0 0 986 240 8000 2
0 0 484 931 8000 2
0 0 995 915 8000 2
0 0 32 197 8000 2
0 0 701 554 8000 2
0 0 536 665 8000 2
0 0 429 370 8000 2
0 0 53 500 8000 2
0 0 326 488 8000 2
0 0 563 641 8000 2
0 0 301 756 8000 2
0 0 134 944 8000 2
0 0 381 159 8000 2
0 0 566 902 8000 2
0 0 179 257 8000 2
0 0 989 623 8000 2
0 0 389 779 8000 2
0 0 697 248 8000 2
0 0 754 959 8000 2
0 0 588 620 8000 2
0 0 907 76 8000 2
0 0 133 484 8000 2
0 0 5 946 8000 2
0 0 717 554 8000 2
0 0 928 676 8000 2
0 0 56 30 8000 2
0 0 967 549 8000 2
0 0 525 150 10000 2
0 0 740 1013 10000 2
0 0 854 732 10000 2
0 0 33 72 10000 2
0 0 486 433 10000 2
0 0 339 225 10000 2
0 0 529 99 10000 2
0 0 674 296 10000 2
0 0 254 304 10000 2
0 0 192 960 10000 2
0 0 605 630 10000 2
0 0 51 395 10000 2
0 0 828 734 10000 2
0 0 339 102 10000 2
0 0 249 479 10000 2
0 0 508 372 10000 2
0 0 316 895 10000 2
0 0 202 945 10000 2
0 0 114 141 10000 2
0 0 753 974 10000 2
0 0 998 965 10000 2
0 0 770 673 10000 2
0 0 624 537 10000 2
0 0 863 642 10000 2
0 0 305 52 10000 2
0 0 265 807 10000 2
0 0 1008 1022 10000 2
0 0 305 162 10000 2
0 0 830 295 10000 2
0 0 867 298 10000 2
0 0 11 586 10000 2
0 0 59 681 10000 2
0 0 133 821 10000 2
0 0 429 578 10000 2
0 0 180 354 10000 2
0 0 580 722 10000 2
0 0 809 672 10000 2
0 0 78 937 10000 2
0 0 272 39 10000 2
0 0 1007 45 10000 2
0 0 310 855 10000 2
0 0 227 506 10000 2
0 0 739 530 10000 2
0 0 950 102 10000 2
0 0 865 512 10000 2
0 0 466 637 10000 2
0 0 932 368 10000 2
0 0 882 392 10000 2
0 0 251 295 10000 2
0 0 123 713 10000 2
0 0 697 953 10000 2
0 0 556 30 10000 2
0 0 957 685 10000 2
0 0 693 573 10000 2
0 0 278 745 10000 2
0 0 473 237 10000 2
0 0 868 93 10000 2
0 0 186 903 10000 2
0 0 242 963 10000 2
0 0 400 141 10000 2
0 0 250 505 10000 2
0 0 158 914 10000 2
0 0 516 399 10000 2
0 0 103 409 10000 2
0 0 750 949 10000 2
0 0 19 963 10000 2
0 0 845 496 10000 2
0 0 972 141 10000 2
0 0 125 558 10000 2
0 0 122 210 10000 2
0 0 230 537 10000 2
0 0 814 289 10000 2
0 0 940 499 10000 2
0 0 417 899 10000 2
0 0 775 716 10000 2
0 0 194 133 10000 2
0 0 912 140 10000 2
0 0 1012 556 10000 2
0 0 438 849 10000 2
0 0 649 730 10000 2
0 0 926 538 10000 2
0 0 394 130 10000 2
0 0 754 162 10000 2
0 0 708 360 10000 2
0 0 246 450 10000 2
0 0 239 967 10000 2
0 0 442 722 10000 2
0 0 670 584 10000 2
0 0 933 879 10000 2
0 0 73 781 10000 2
0 0 601 181 10000 2
0 0 496 127 10000 2
0 0 82 319 10000 2
0 0 478 647 10000 2
0 0 47 297 10000 2
0 0 913 617 10000 2
0 0 562 835 10000 2
0 0 625 439 10000 2
0 0 597 799 10000 2
0 0 957 821 10000 2
0 0 328 875 10000 2
0 0 68 845 10000 2
0 0 100 860 10000 2
0 0 584 651 10000 2
0 0 88 420 10000 2
0 0 461 247 10000 2
0 0 1022 483 10000 2
0 0 185 829 10000 2
0 0 963 172 10000 2
0 0 775 492 10000 2
0 0 729 806 10000 2
0 0 309 235 10000 2
0 0 254 204 10000 2
0 0 136 589 10000 2
0 0 935 289 10000 2
0 0 192 144 10000 2
0 0 607 141 10000 2
0 0 448 629 10000 2
0 0 207 63 10000 2
0 0 405 742 10000 2
0 0 413 363 10000 2
0 0 217 721 10000 2
0 0 472 312 10000 2
0 0 887 664 10000 2
0 0 912 594 10000 2
0 0 718 678 10000 2
0 0 135 740 10000 2
0 0 38 47 10000 2
0 0 536 61 10000 2
0 0 450 547 10000 2
0 0 627 789 10000 2
0 0 277 100 10000 2
0 0 991 677 10000 2
0 0 456 593 10000 2
0 0 933 982 10000 2
0 0 80 737 10000 2
0 0 486 813 10000 2
0 0 924 894 10000 2
0 0 998 182 10000 2
0 0 363 17 10000 2
0 0 499 471 10000 2
0 0 103 78 10000 2
0 0 958 167 10000 2
0 0 286 102 10000 2
0 0 142 933 10000 2
0 0 720 901 10000 2
0 0 783 834 10000 2
0 0 248 114 10000 2
0 0 701 361 10000 2
0 0 541 720 10000 2
0 0 304 944 10000 2
0 0 821 853 10000 2
0 0 359 145 10000 2
0 0 676 1010 10000 2
0 0 781 900 10000 2
0 0 527 153 10000 2
0 0 749 904 10000 2
0 0 66 492 10000 2
0 0 132 66 10000 2
0 0 666 780 10000 2
0 0 123 208 10000 2
0 0 630 651 10000 2
0 0 818 992 10000 2
0 0 221 649 10000 2
0 0 705 941 10000 2
0 0 450 737 10000 2
0 0 388 401 10000 2
0 0 174 72 10000 2
0 0 583 843 10000 2
0 0 339 753 10000 2
0 0 552 916 10000 2
0 0 31 329 10000 2
0 0 815 96 10000 2
0 0 211 594 10000 2
0 0 739 1022 10000 2
0 0 297 815 10000 2
0 0 476 854 10000 2
0 0 929 377 10000 2
0 0 878 320 10000 2
0 0 772 240 10000 2
0 0 121 88 10000 2
0 0 361 860 10000 2
0 0 569 748 10000 2
0 0 340 599 10000 2
0 0 658 548 10000 2
0 0 592 730 10000 2
0 0 38 773 10000 2
0 0 496 338 10000 2
0 0 549 906 10000 2
0 0 12 196 10000 2
0 0 469 932 10000 2
0 0 352 810 10000 2
0 0 680 2 10000 2
0 0 374 210 10000 2
0 0 242 391 10000 2
0 0 826 768 10000 2
0 0 983 744 10000 2
0 0 969 654 10000 2
0 0 983 545 10000 2
0 0 834 795 10000 2
0 0 445 741 10000 2
0 0 797 691 10000 2
0 0 430 875 10000 2
0 0 881 900 10000 2
0 0 606 428 10000 2
0 0 1006 345 10000 2
0 0 862 476 10000 2
0 0 199 935 10000 2
0 0 431 145 10000 2
0 0 792 747 10000 2
0 0 773 487 10000 2
0 0 800 775 10000 2
0 0 512 301 10000 2
0 0 91 149 10000 2
0 0 54 536 10000 2
0 0 32 184 10000 2
0 0 138 455 10000 2
0 0 876 343 10000 2
0 0 688 34 10000 2
0 0 332 744 10000 2
0 0 968 1002 10000 2
0 0 1022 584 10000 2
0 0 1016 437 10000 2
0 0 251 422 10000 2
0 0 673 1012 10000 2
0 0 459 693 10000 2
0 0 675 87 10000 2
0 0 10 305 10000 2
0 0 951 515 10000 2
0 0 335 952 10000 2
0 0 176 848 10000 2
0 0 285 315 10000 2
0 0 545 496 10000 2
0 0 209 403 10000 2
0 0 279 740 10000 2
0 0 921 50 10000 2
0 0 886 346 10000 2
0 0 126 933 10000 2
0 0 995 443 10000 2
0 0 749 745 10000 2
0 0 908 335 10000 2
0 0 573 611 10000 2
0 0 572 401 10000 2
0 0 795 232 10000 2
0 0 633 626 10000 2
0 0 202 43 10000 2
0 0 766 926 10000 2
0 0 600 426 10000 2
0 0 198 521 10000 2
0 0 588 392 10000 2
0 0 262 283 10000 2
0 0 918 552 10000 2
0 0 647 413 10000 2
0 0 1023 626 10000 2
0 0 397 487 10000 2
0 0 662 941 10000 2
0 0 252 31 10000 2
0 0 588 571 10000 2
0 0 31 644 10000 2
0 0 372 783 10000 2
0 0 119 565 10000 2
0 0 853 54 10000 2
0 0 194 268 10000 2
0 0 500 537 10000 2
0 0 986 40 10000 2
0 0 422 622 10000 2
0 0 445 782 10000 2
0 0 413 951 10000 2
0 0 194 997 10000 2
0 0 754 373 10000 2
0 0 589 433 10000 2
0 0 980 211 10000 2
0 0 426 996 10000 2
0 0 317 415 10000 2
0 0 548 584 10000 2
0 0 611 727 10000 2
0 0 588 615 10000 2
0 0 443 910 10000 2
0 0 141 509 10000 2
0 0 992 892 10000 2
0 0 59 456 10000 2
0 0 730 666 10000 2
0 0 80 358 10000 2
0 0 305 662 10000 2
0 0 67 274 10000 2
0 0 937 997 10000 2
0 0 925 425 10000 2
0 0 963 295 10000 2
0 0 371 798 10000 2
0 0 833 298 10000 2
0 0 644 71 10000 2
0 0 1023 788 10000 2
0 0 218 197 10000 2
0 0 453 456 10000 2
0 0 1001 436 10000 2
0 0 983 161 10000 2
0 0 416 961 10000 2
0 0 848 363 10000 2
0 0 159 613 10000 2
0 0 316 540 10000 2
0 0 28 416 10000 2
0 0 402 155 10000 2
0 0 729 356 10000 2
0 0 831 861 10000 2
0 0 157 405 10000 2
0 0 915 343 10000 2
0 0 911 557 10000 2
0 0 701 314 10000 2
0 0 414 924 10000 2
0 0 614 827 10000 2
0 0 129 37 10000 2
0 0 728 391 10000 2
0 0 611 1021 10000 2
0 0 656 184 10000 2
0 0 539 331 10000 2
0 0 789 830 10000 2
0 0 409 555 10000 2
0 0 774 560 10000 2
0 0 891 216 10000 2
0 0 638 391 10000 2
0 0 769 313 10000 2
0 0 497 47 10000 2
0 0 720 106 10000 2
0 0 898 183 10000 2
0 0 7 585 10000 2
0 0 693 340 10000 2
0 0 992 983 10000 2
0 0 518 393 10000 2
0 0 366 877 10000 2
