0 1 122 165 2000 2
0 1 223 64 2000 2
0 1 211 154 2000 2
0 1 59 65 2000 2
0 1 144 86 2000 2
0 1 41 18 2000 2
0 1 89 103 2000 2
0 1 32 235 2000 2
0 1 55 27 2000 2
0 1 197 107 2000 2
0 1 98 30 2000 2
0 1 108 7 2000 2
0 1 245 107 2000 2
0 1 158 221 2000 2
0 1 237 235 2000 2
0 1 157 110 2000 2
0 1 62 139 2000 2
0 1 4 143 2000 2
0 1 191 158 2000 2
0 1 85 212 2000 2
0 1 170 158 2000 2
0 1 17 163 2000 2
0 1 159 28 2000 2
0 1 168 2 2000 2
0 1 38 171 2000 2
0 1 126 92 2000 2
0 1 109 128 2000 2
0 1 238 1 2000 2
0 1 58 241 2000 2
0 1 176 187 2000 2
0 1 226 93 2000 2
0 1 117 104 2000 2
0 1 203 229 2000 2
0 1 37 170 2000 2
0 1 17 13 2000 2
0 1 143 67 2000 2
0 1 92 216 4000 2
0 1 64 160 4000 2
0 1 48 71 4000 2
0 1 113 55 4000 2
0 1 186 185 4000 2
0 1 83 178 4000 2
0 1 198 165 4000 2
0 1 61 28 4000 2
0 1 63 6 4000 2
0 1 60 164 4000 2
0 1 71 14 4000 2
0 1 170 66 4000 2
0 1 127 169 4000 2
0 1 124 134 4000 2
0 1 28 209 4000 2
0 1 40 255 4000 2
0 1 21 51 4000 2
0 1 230 76 4000 2
0 1 182 53 4000 2
0 1 210 34 4000 2
0 1 207 243 4000 2
0 1 99 200 4000 2
0 1 191 6 4000 2
0 1 86 248 4000 2
0 1 152 206 4000 2
0 1 76 184 4000 2
0 1 139 137 4000 2
0 1 175 173 4000 2
0 1 134 35 4000 2
0 1 125 116 4000 2
0 1 9 159 4000 2
0 1 76 189 4000 2
0 1 45 0 4000 2
0 1 66 239 4000 2
0 1 49 83 4000 2
0 1 86 87 4000 2
0 1 2 166 6000 2
0 1 50 241 6000 2
0 1 85 137 6000 2
0 1 100 55 6000 2
0 1 37 118 6000 2
0 1 77 140 6000 2
0 1 50 0 6000 2
0 1 207 135 6000 2
0 1 82 185 6000 2
0 1 98 199 6000 2
0 1 231 87 6000 2
0 1 61 67 6000 2
0 1 250 96 6000 2
0 1 32 248 6000 2
0 1 215 228 6000 2
0 1 220 158 6000 2
0 1 89 230 6000 2
0 1 85 178 6000 2
0 1 12 129 6000 2
0 1 108 46 6000 2
0 1 162 136 6000 2
0 1 63 39 6000 2
0 1 158 71 6000 2
0 1 168 169 6000 2
0 1 116 71 6000 2
0 1 77 123 6000 2
0 1 184 156 6000 2
0 1 200 138 6000 2
0 1 110 118 6000 2
0 1 8 191 6000 2
0 1 86 102 6000 2
0 1 75 49 6000 2
0 1 103 101 6000 2
0 1 78 28 6000 2
0 1 13 25 8000 2
0 1 124 203 8000 2
0 1 24 84 8000 2
0 1 197 229 8000 2
0 1 244 27 8000 2
0 1 92 183 8000 2
0 1 83 184 8000 2
0 1 106 190 8000 2
0 1 19 217 8000 2
0 1 187 144 8000 2
0 1 141 108 8000 2
0 1 228 12 8000 2
0 1 180 161 8000 2
0 1 21 194 8000 2
0 1 21 174 8000 2
0 1 166 85 8000 2
0 1 85 53 8000 2
0 1 162 21 8000 2
0 1 15 78 8000 2
0 1 50 157 8000 2
0 1 118 107 8000 2
0 1 178 196 8000 2
0 1 221 21 8000 2
0 1 130 13 8000 2
0 1 80 91 8000 2
0 1 123 71 8000 2
0 1 184 45 8000 2
0 1 84 125 8000 2
0 1 164 119 8000 2
0 1 119 125 8000 2
0 1 227 25 8000 2
0 1 24 34 8000 2
0 1 234 101 8000 2
0 1 241 210 8000 2
0 1 124 238 8000 2
0 1 223 81 10000 2
0 1 194 57 10000 2
0 1 53 239 10000 2
0 1 11 83 10000 2
0 1 50 204 10000 2
0 1 52 73 10000 2
0 1 173 247 10000 2
0 1 205 164 10000 2
0 1 177 124 10000 2
0 1 178 113 10000 2
0 1 161 245 10000 2
0 1 107 11 10000 2
0 1 160 226 10000 2
0 1 213 4 10000 2
0 1 13 99 10000 2
0 1 245 213 10000 2
0 1 190 86 10000 2
0 1 244 26 10000 2
0 1 94 50 10000 2
0 1 229 178 10000 2
0 1 0 89 10000 2
0 1 242 167 10000 2
0 1 149 221 10000 2
0 1 147 66 10000 2
0 1 253 72 10000 2
0 1 76 124 10000 2
0 1 153 175 10000 2
0 1 199 250 10000 2
0 1 225 105 10000 2
0 1 136 20 10000 2
0 1 33 14 10000 2
0 1 161 173 10000 2
0 1 169 165 10000 2
0 1 5 180 10000 2
0 1 128 81 10000 2
0 1 98 107 10000 2
0 1 191 10 10000 2
0 1 91 147 10000 2
0 1 6 191 10000 2
0 1 195 76 10000 2
0 1 214 32 10000 2
