2 3 19 137 2000 2
2 3 248 192 2000 2
2 3 4 155 2000 2
2 3 137 119 2000 2
2 3 215 226 2000 2
2 3 189 64 2000 2
2 3 6 41 2000 2
2 3 167 23 2000 2
2 3 220 246 2000 2
2 3 255 201 2000 2
2 3 172 217 2000 2
2 3 117 247 2000 2
2 3 125 84 2000 2
2 3 96 109 2000 2
2 3 185 132 2000 2
2 3 165 174 2000 2
2 3 71 232 2000 2
2 3 159 121 2000 2
2 3 123 176 2000 2
2 3 182 50 2000 2
2 3 200 210 2000 2
2 3 170 232 2000 2
2 3 177 252 2000 2
2 3 203 62 2000 2
2 3 5 162 2000 2
2 3 213 221 2000 2
2 3 227 127 2000 2
2 3 130 134 2000 2
2 3 127 6 2000 2
2 3 195 96 2000 2
2 3 130 82 2000 2
2 3 252 90 2000 2
2 3 150 197 2000 2
2 3 165 88 2000 2
2 3 108 45 2000 2
2 3 177 143 2000 2
2 3 28 109 2000 2
2 3 170 87 2000 2
2 3 107 127 2000 2
2 3 136 63 2000 2
2 3 232 133 2000 2
2 3 69 232 2000 2
2 3 49 57 2000 2
2 3 248 172 2000 2
2 3 4 190 2000 2
2 3 208 27 2000 2
2 3 98 172 2000 2
2 3 221 202 4000 2
2 3 31 204 4000 2
2 3 36 217 4000 2
2 3 81 116 4000 2
2 3 217 52 4000 2
2 3 183 19 4000 2
2 3 161 78 4000 2
2 3 221 92 4000 2
2 3 56 144 4000 2
2 3 130 141 4000 2
2 3 75 206 4000 2
2 3 212 35 4000 2
2 3 125 130 4000 2
2 3 0 140 4000 2
2 3 150 40 4000 2
2 3 141 113 4000 2
2 3 90 22 4000 2
2 3 120 31 4000 2
2 3 142 222 4000 2
2 3 174 221 4000 2
2 3 215 181 4000 2
2 3 235 78 4000 2
2 3 140 53 4000 2
2 3 186 32 4000 2
2 3 246 200 4000 2
2 3 131 78 4000 2
2 3 254 219 4000 2
2 3 129 201 4000 2
2 3 51 240 4000 2
2 3 106 88 4000 2
2 3 240 206 4000 2
2 3 138 94 4000 2
2 3 20 35 4000 2
2 3 21 220 4000 2
2 3 201 5 4000 2
2 3 177 15 4000 2
2 3 145 101 4000 2
2 3 19 98 4000 2
2 3 97 22 6000 2
2 3 228 52 6000 2
2 3 86 58 6000 2
2 3 112 178 6000 2
2 3 124 44 6000 2
2 3 49 75 6000 2
2 3 157 221 6000 2
2 3 93 22 6000 2
2 3 128 24 6000 2
2 3 81 240 6000 2
2 3 107 49 6000 2
2 3 158 210 6000 2
2 3 43 97 6000 2
2 3 0 145 6000 2
2 3 176 48 6000 2
2 3 10 211 6000 2
2 3 86 63 6000 2
2 3 196 138 6000 2
2 3 104 155 6000 2
2 3 163 156 6000 2
2 3 195 9 6000 2
2 3 72 150 6000 2
2 3 226 41 6000 2
2 3 42 102 6000 2
2 3 66 225 6000 2
2 3 28 62 6000 2
2 3 76 4 6000 2
2 3 13 251 6000 2
2 3 47 125 6000 2
2 3 168 204 6000 2
2 3 144 188 6000 2
2 3 164 201 6000 2
2 3 131 185 6000 2
2 3 227 254 6000 2
2 3 135 17 6000 2
2 3 246 225 6000 2
2 3 187 114 6000 2
2 3 43 37 6000 2
2 3 9 227 8000 2
2 3 235 144 8000 2
2 3 203 224 8000 2
2 3 184 166 8000 2
2 3 68 82 8000 2
2 3 24 97 8000 2
2 3 115 29 8000 2
2 3 35 107 8000 2
2 3 115 8 8000 2
2 3 63 105 8000 2
2 3 183 36 8000 2
2 3 34 246 8000 2
2 3 53 180 8000 2
2 3 14 238 8000 2
2 3 7 95 8000 2
2 3 77 137 8000 2
2 3 130 137 8000 2
2 3 18 185 8000 2
2 3 185 218 8000 2
2 3 90 151 8000 2
2 3 253 144 8000 2
2 3 51 248 8000 2
2 3 201 198 8000 2
2 3 89 236 8000 2
2 3 202 183 8000 2
2 3 228 238 8000 2
2 3 167 197 8000 2
2 3 6 228 8000 2
2 3 234 124 8000 2
2 3 36 20 8000 2
2 3 147 196 8000 2
2 3 237 46 8000 2
2 3 76 244 8000 2
2 3 113 248 8000 2
2 3 123 178 8000 2
2 3 163 59 8000 2
2 3 39 164 8000 2
2 3 109 103 8000 2
2 3 33 70 8000 2
2 3 111 75 10000 2
2 3 132 32 10000 2
2 3 235 58 10000 2
2 3 56 104 10000 2
2 3 99 90 10000 2
2 3 139 191 10000 2
2 3 8 9 10000 2
2 3 227 41 10000 2
2 3 201 196 10000 2
2 3 246 91 10000 2
2 3 50 115 10000 2
2 3 16 62 10000 2
2 3 114 56 10000 2
2 3 234 93 10000 2
2 3 125 112 10000 2
2 3 203 12 10000 2
2 3 181 180 10000 2
2 3 229 246 10000 2
2 3 116 126 10000 2
2 3 114 141 10000 2
2 3 3 31 10000 2
2 3 254 123 10000 2
2 3 141 24 10000 2
2 3 140 201 10000 2
2 3 102 64 10000 2
2 3 10 237 10000 2
2 3 145 38 10000 2
2 3 53 220 10000 2
2 3 0 224 10000 2
2 3 130 255 10000 2
