1 2 219 228 2000 2
1 2 216 136 2000 2
1 2 247 163 2000 2
1 2 244 36 2000 2
1 2 231 132 2000 2
1 2 17 252 2000 2
1 2 26 157 2000 2
1 2 67 211 2000 2
1 2 98 134 2000 2
1 2 54 123 2000 2
1 2 10 11 2000 2
1 2 218 15 2000 2
1 2 240 166 2000 2
1 2 90 34 2000 2
1 2 62 149 2000 2
1 2 226 29 2000 2
1 2 230 164 2000 2
1 2 91 134 2000 2
1 2 196 174 2000 2
1 2 100 10 2000 2
1 2 80 47 2000 2
1 2 182 1 2000 2
1 2 17 29 2000 2
1 2 103 200 2000 2
1 2 133 193 2000 2
1 2 139 141 2000 2
1 2 91 8 2000 2
1 2 37 217 2000 2
1 2 178 118 2000 2
1 2 101 142 2000 2
1 2 15 192 2000 2
1 2 66 165 2000 2
1 2 188 253 2000 2
1 2 186 112 2000 2
1 2 33 82 2000 2
1 2 15 0 2000 2
1 2 253 23 4000 2
1 2 216 22 4000 2
1 2 106 2 4000 2
1 2 43 122 4000 2
1 2 48 82 4000 2
1 2 11 243 4000 2
1 2 130 173 4000 2
1 2 28 74 4000 2
1 2 203 229 4000 2
1 2 112 140 4000 2
1 2 126 189 4000 2
1 2 76 125 4000 2
1 2 89 127 4000 2
1 2 42 182 4000 2
1 2 169 77 4000 2
1 2 93 111 4000 2
1 2 51 95 4000 2
1 2 121 44 4000 2
1 2 18 118 4000 2
1 2 12 201 4000 2
1 2 195 111 4000 2
1 2 8 20 4000 2
1 2 72 179 4000 2
1 2 197 231 4000 2
1 2 48 158 4000 2
1 2 32 200 4000 2
1 2 97 44 4000 2
1 2 23 66 4000 2
1 2 22 105 4000 2
1 2 244 85 4000 2
1 2 148 243 4000 2
1 2 128 18 4000 2
1 2 82 216 4000 2
1 2 233 163 4000 2
1 2 132 242 4000 2
1 2 163 91 4000 2
1 2 98 165 4000 2
1 2 50 150 4000 2
1 2 183 87 4000 2
1 2 112 58 4000 2
1 2 43 237 4000 2
1 2 64 235 4000 2
1 2 155 63 4000 2
1 2 95 201 4000 2
1 2 24 248 6000 2
1 2 76 157 6000 2
1 2 81 61 6000 2
1 2 88 21 6000 2
1 2 180 118 6000 2
1 2 155 135 6000 2
1 2 62 48 6000 2
1 2 135 67 6000 2
1 2 156 162 6000 2
1 2 110 192 6000 2
1 2 67 16 6000 2
1 2 196 35 6000 2
1 2 228 88 6000 2
1 2 95 253 6000 2
1 2 119 255 6000 2
1 2 80 215 6000 2
1 2 202 230 6000 2
1 2 173 220 6000 2
1 2 56 193 6000 2
1 2 145 2 6000 2
1 2 15 17 6000 2
1 2 248 167 6000 2
1 2 25 246 6000 2
1 2 169 200 6000 2
1 2 84 197 6000 2
1 2 218 184 6000 2
1 2 31 243 6000 2
1 2 80 46 6000 2
1 2 65 236 6000 2
1 2 75 240 6000 2
1 2 132 71 6000 2
1 2 198 163 6000 2
1 2 111 8 6000 2
1 2 24 43 8000 2
1 2 228 178 8000 2
1 2 58 232 8000 2
1 2 97 207 8000 2
1 2 206 167 8000 2
1 2 38 207 8000 2
1 2 115 236 8000 2
1 2 66 217 8000 2
1 2 149 101 8000 2
1 2 56 5 8000 2
1 2 172 50 8000 2
1 2 222 33 8000 2
1 2 213 150 8000 2
1 2 117 112 8000 2
1 2 39 193 8000 2
1 2 230 58 8000 2
1 2 183 234 8000 2
1 2 66 62 8000 2
1 2 28 15 8000 2
1 2 220 86 8000 2
1 2 35 197 8000 2
1 2 155 29 8000 2
1 2 73 16 8000 2
1 2 32 150 8000 2
1 2 218 109 8000 2
1 2 173 30 8000 2
1 2 251 146 8000 2
1 2 227 47 8000 2
1 2 237 140 8000 2
1 2 192 226 8000 2
1 2 71 190 8000 2
1 2 122 223 8000 2
1 2 166 221 8000 2
1 2 20 95 8000 2
1 2 218 32 8000 2
1 2 69 126 8000 2
1 2 232 250 8000 2
1 2 98 229 8000 2
1 2 20 32 8000 2
1 2 72 149 8000 2
1 2 147 77 8000 2
1 2 55 135 8000 2
1 2 104 102 8000 2
1 2 174 111 8000 2
1 2 117 174 8000 2
1 2 217 126 8000 2
1 2 186 188 8000 2
1 2 154 247 8000 2
1 2 158 247 8000 2
1 2 114 40 8000 2
1 2 76 169 8000 2
1 2 210 188 10000 2
1 2 182 154 10000 2
1 2 81 31 10000 2
1 2 233 174 10000 2
1 2 70 224 10000 2
1 2 241 145 10000 2
1 2 117 38 10000 2
1 2 166 140 10000 2
1 2 80 154 10000 2
1 2 189 76 10000 2
1 2 147 44 10000 2
1 2 17 218 10000 2
1 2 27 126 10000 2
1 2 61 154 10000 2
1 2 103 26 10000 2
1 2 44 51 10000 2
1 2 112 239 10000 2
1 2 213 234 10000 2
1 2 105 6 10000 2
1 2 178 15 10000 2
1 2 213 122 10000 2
1 2 73 174 10000 2
1 2 11 195 10000 2
1 2 27 238 10000 2
1 2 46 12 10000 2
1 2 67 247 10000 2
1 2 31 203 10000 2
1 2 220 254 10000 2
1 2 80 155 10000 2
1 2 0 251 10000 2
1 2 172 128 10000 2
1 2 138 178 10000 2
1 2 44 167 10000 2
1 2 179 9 10000 2
1 2 45 206 10000 2
1 2 104 235 10000 2
1 2 29 172 10000 2
1 2 168 75 10000 2
1 2 25 178 10000 2
1 2 218 189 10000 2
1 2 103 159 10000 2
1 2 203 255 10000 2
1 2 15 143 10000 2
