3 0 73 200 2000 2
3 0 171 188 2000 2
3 0 251 93 2000 2
3 0 170 71 2000 2
3 0 160 107 2000 2
3 0 214 124 2000 2
3 0 135 158 2000 2
3 0 7 17 2000 2
3 0 235 86 2000 2
3 0 15 230 2000 2
3 0 38 137 2000 2
3 0 164 123 2000 2
3 0 205 234 2000 2
3 0 42 202 2000 2
3 0 200 201 2000 2
3 0 37 70 2000 2
3 0 98 129 2000 2
3 0 141 11 2000 2
3 0 130 15 2000 2
3 0 215 99 2000 2
3 0 143 31 2000 2
3 0 184 1 2000 2
3 0 31 249 2000 2
3 0 85 55 2000 2
3 0 44 12 2000 2
3 0 116 139 2000 2
3 0 143 233 2000 2
3 0 186 235 2000 2
3 0 47 154 2000 2
3 0 101 170 2000 2
3 0 94 234 2000 2
3 0 88 98 2000 2
3 0 128 193 2000 2
3 0 3 111 2000 2
3 0 26 242 2000 2
3 0 241 208 2000 2
3 0 35 189 2000 2
3 0 120 238 2000 2
3 0 121 197 2000 2
3 0 126 136 2000 2
3 0 240 15 2000 2
3 0 81 64 2000 2
3 0 250 239 4000 2
3 0 60 200 4000 2
3 0 252 111 4000 2
3 0 105 40 4000 2
3 0 133 242 4000 2
3 0 244 213 4000 2
3 0 212 20 4000 2
3 0 128 121 4000 2
3 0 200 114 4000 2
3 0 29 229 4000 2
3 0 47 206 4000 2
3 0 104 253 4000 2
3 0 124 147 4000 2
3 0 218 84 4000 2
3 0 186 96 4000 2
3 0 172 138 4000 2
3 0 112 210 4000 2
3 0 53 43 4000 2
3 0 68 83 4000 2
3 0 41 90 4000 2
3 0 212 28 4000 2
3 0 52 17 4000 2
3 0 112 162 4000 2
3 0 54 57 4000 2
3 0 73 2 4000 2
3 0 4 234 4000 2
3 0 154 157 4000 2
3 0 86 109 4000 2
3 0 39 10 4000 2
3 0 233 237 4000 2
3 0 172 20 4000 2
3 0 163 16 4000 2
3 0 0 210 4000 2
3 0 204 98 4000 2
3 0 107 87 4000 2
3 0 99 135 4000 2
3 0 112 200 4000 2
3 0 10 171 4000 2
3 0 177 120 4000 2
3 0 190 214 4000 2
3 0 214 33 4000 2
3 0 17 124 4000 2
3 0 121 167 4000 2
3 0 253 169 4000 2
3 0 106 58 4000 2
3 0 9 3 4000 2
3 0 77 131 6000 2
3 0 22 25 6000 2
3 0 93 21 6000 2
3 0 137 145 6000 2
3 0 102 83 6000 2
3 0 192 132 6000 2
3 0 179 192 6000 2
3 0 42 165 6000 2
3 0 77 80 6000 2
3 0 135 199 6000 2
3 0 63 220 6000 2
3 0 226 20 6000 2
3 0 45 1 6000 2
3 0 98 145 6000 2
3 0 146 97 6000 2
3 0 225 52 6000 2
3 0 51 67 6000 2
3 0 121 67 6000 2
3 0 248 60 6000 2
3 0 33 25 6000 2
3 0 184 121 6000 2
3 0 165 57 6000 2
3 0 23 138 6000 2
3 0 248 209 6000 2
3 0 0 65 6000 2
3 0 170 160 6000 2
3 0 54 192 6000 2
3 0 38 112 6000 2
3 0 125 38 6000 2
3 0 132 59 6000 2
3 0 243 1 6000 2
3 0 155 241 6000 2
3 0 211 238 6000 2
3 0 106 172 6000 2
3 0 138 142 6000 2
3 0 138 70 6000 2
3 0 39 103 8000 2
3 0 67 106 8000 2
3 0 235 120 8000 2
3 0 181 126 8000 2
3 0 181 14 8000 2
3 0 199 197 8000 2
3 0 208 170 8000 2
3 0 220 13 8000 2
3 0 82 71 8000 2
3 0 73 90 8000 2
3 0 156 73 8000 2
3 0 57 109 8000 2
3 0 166 22 8000 2
3 0 226 112 8000 2
3 0 125 155 8000 2
3 0 79 110 8000 2
3 0 173 244 8000 2
3 0 212 22 8000 2
3 0 94 47 8000 2
3 0 168 194 8000 2
3 0 3 234 8000 2
3 0 57 54 8000 2
3 0 114 108 8000 2
3 0 152 62 8000 2
3 0 177 199 8000 2
3 0 155 132 8000 2
3 0 75 133 8000 2
3 0 81 84 8000 2
3 0 86 114 8000 2
3 0 35 144 8000 2
3 0 236 101 8000 2
3 0 252 126 8000 2
3 0 24 1 8000 2
3 0 212 130 8000 2
3 0 203 250 10000 2
3 0 197 253 10000 2
3 0 205 158 10000 2
3 0 45 149 10000 2
3 0 123 114 10000 2
3 0 239 255 10000 2
3 0 68 199 10000 2
3 0 69 181 10000 2
3 0 123 65 10000 2
3 0 209 73 10000 2
3 0 120 170 10000 2
3 0 134 251 10000 2
3 0 115 117 10000 2
3 0 36 34 10000 2
3 0 207 122 10000 2
3 0 114 77 10000 2
3 0 154 152 10000 2
3 0 205 246 10000 2
3 0 8 250 10000 2
3 0 83 245 10000 2
3 0 212 157 10000 2
3 0 151 142 10000 2
3 0 38 210 10000 2
3 0 146 213 10000 2
3 0 102 115 10000 2
3 0 80 25 10000 2
3 0 93 131 10000 2
3 0 145 231 10000 2
3 0 133 27 10000 2
