2 0 96 127 2000 2
2 0 153 55 2000 2
2 0 165 59 2000 2
2 0 30 194 2000 2
2 0 180 62 4000 2
2 0 233 225 4000 2
2 0 119 240 4000 2
2 0 127 205 4000 2
2 0 91 129 6000 2
2 0 145 25 6000 2
2 0 116 95 6000 2
2 0 97 43 6000 2
2 0 249 109 6000 2
2 0 138 81 8000 2
2 0 215 241 8000 2
2 0 105 157 8000 2
2 0 61 239 8000 2
2 0 51 212 8000 2
2 0 52 189 10000 2
2 0 97 67 10000 2
2 0 88 154 10000 2
2 0 91 144 10000 2
2 0 161 96 10000 2
3 0 86 20 2000 2
3 0 234 27 2000 2
3 0 251 24 2000 2
3 0 215 151 2000 2
3 0 216 93 2000 2
3 0 109 165 2000 2
3 0 55 156 4000 2
3 0 211 163 4000 2
3 0 57 115 4000 2
3 0 148 255 4000 2
3 0 180 64 4000 2
3 0 105 38 4000 2
3 0 79 30 4000 2
3 0 117 244 4000 2
3 0 137 204 6000 2
3 0 189 245 6000 2
3 0 95 57 8000 2
3 0 179 165 8000 2
3 0 171 191 8000 2
3 0 170 99 8000 2
3 0 110 24 8000 2
3 0 44 140 10000 2
3 0 199 179 10000 2
3 0 152 78 10000 2
3 0 168 52 10000 2
1 0 73 189 2000 2
1 0 180 31 2000 2
1 0 231 46 4000 2
1 0 223 249 6000 2
1 0 105 146 6000 2
1 0 179 76 6000 2
1 0 213 26 6000 2
1 0 12 195 6000 2
1 0 18 154 8000 2
1 0 58 39 8000 2
1 0 62 109 8000 2
1 0 219 74 8000 2
1 0 182 179 10000 2
1 0 240 161 10000 2
1 0 142 237 10000 2
