0 1 96 52 2000 2
0 1 203 145 2000 2
0 1 249 238 2000 2
0 1 254 47 2000 2
0 1 125 169 2000 2
0 1 62 59 2000 2
0 1 56 72 2000 2
0 1 155 213 4000 2
0 1 119 72 4000 2
0 1 10 105 4000 2
0 1 136 94 4000 2
0 1 219 54 4000 2
0 1 132 19 4000 2
0 1 214 113 4000 2
0 1 100 117 4000 2
0 1 246 76 4000 2
0 1 100 180 6000 2
0 1 32 2 6000 2
0 1 55 139 6000 2
0 1 112 221 6000 2
0 1 247 239 6000 2
0 1 16 232 8000 2
0 1 82 146 8000 2
0 1 174 173 8000 2
0 1 3 245 8000 2
0 1 22 67 8000 2
0 1 240 60 10000 2
0 1 191 100 10000 2
0 1 60 111 10000 2
2 1 12 30 2000 2
2 1 247 206 2000 2
2 1 239 69 2000 2
2 1 250 101 2000 2
2 1 10 35 2000 2
2 1 110 185 4000 2
2 1 171 192 4000 2
2 1 213 196 6000 2
2 1 216 139 6000 2
2 1 36 118 6000 2
2 1 170 211 8000 2
2 1 233 45 8000 2
2 1 145 117 8000 2
2 1 79 85 10000 2
2 1 230 213 10000 2
2 1 1 162 10000 2
2 1 40 244 10000 2
2 1 108 112 10000 2
3 1 122 41 2000 2
3 1 41 204 2000 2
3 1 28 69 2000 2
3 1 220 84 4000 2
3 1 164 85 4000 2
3 1 6 62 4000 2
3 1 254 23 4000 2
3 1 19 246 4000 2
3 1 100 46 6000 2
3 1 203 24 8000 2
3 1 135 242 8000 2
3 1 151 41 8000 2
3 1 33 194 8000 2
3 1 204 61 8000 2
3 1 77 11 8000 2
3 1 49 51 10000 2
3 1 199 156 10000 2
3 1 156 89 10000 2
3 1 188 249 10000 2
3 1 3 82 10000 2
