0 3 100 77 2000 2
0 3 252 177 2000 2
0 3 128 48 2000 2
0 3 26 8 2000 2
0 3 196 202 2000 2
0 3 11 185 2000 2
0 3 181 32 4000 2
0 3 229 81 4000 2
0 3 127 31 4000 2
0 3 54 57 6000 2
0 3 138 238 6000 2
0 3 149 191 6000 2
0 3 107 128 6000 2
0 3 44 6 8000 2
0 3 3 106 8000 2
0 3 169 20 8000 2
0 3 176 93 8000 2
0 3 246 95 8000 2
0 3 143 20 8000 2
0 3 230 249 8000 2
0 3 71 20 10000 2
0 3 95 92 10000 2
0 3 24 232 10000 2
2 3 143 228 2000 2
2 3 130 179 2000 2
2 3 95 138 4000 2
2 3 44 231 4000 2
2 3 237 105 4000 2
2 3 244 161 4000 2
2 3 187 182 4000 2
2 3 42 233 4000 2
2 3 199 174 4000 2
2 3 218 50 6000 2
2 3 67 151 6000 2
2 3 116 12 8000 2
2 3 170 52 10000 2
2 3 186 5 10000 2
2 3 108 160 10000 2
1 3 182 170 2000 2
1 3 40 223 2000 2
1 3 182 138 2000 2
1 3 191 222 4000 2
1 3 87 196 4000 2
1 3 43 188 4000 2
1 3 178 197 4000 2
1 3 50 159 4000 2
1 3 112 235 6000 2
1 3 151 81 6000 2
1 3 139 3 6000 2
1 3 105 8 6000 2
1 3 226 88 8000 2
1 3 201 3 8000 2
1 3 13 37 8000 2
1 3 47 151 8000 2
1 3 180 33 8000 2
1 3 236 233 8000 2
1 3 207 88 10000 2
1 3 149 19 10000 2
1 3 21 115 10000 2
1 3 136 240 10000 2
1 3 7 116 10000 2
1 3 106 27 10000 2
