0 2 86 253 2000 2
0 2 231 217 2000 2
0 2 252 71 2000 2
0 2 134 220 2000 2
0 2 199 238 2000 2
0 2 56 243 2000 2
0 2 89 1 2000 2
0 2 121 0 2000 2
0 2 95 116 2000 2
0 2 142 106 4000 2
0 2 23 245 4000 2
0 2 46 49 4000 2
0 2 143 208 4000 2
0 2 184 117 4000 2
0 2 130 138 4000 2
0 2 64 84 4000 2
0 2 47 232 4000 2
0 2 170 171 6000 2
0 2 229 125 6000 2
0 2 42 230 6000 2
0 2 176 70 6000 2
0 2 228 98 6000 2
0 2 0 217 6000 2
0 2 100 0 8000 2
0 2 225 194 8000 2
0 2 212 231 8000 2
0 2 85 139 8000 2
0 2 255 181 8000 2
0 2 167 236 8000 2
0 2 141 72 8000 2
0 2 26 51 10000 2
0 2 72 229 10000 2
0 2 175 198 10000 2
0 2 32 245 10000 2
0 2 221 61 10000 2
0 2 57 73 10000 2
3 2 37 137 2000 2
3 2 131 146 2000 2
3 2 214 2 2000 2
3 2 214 2 4000 2
3 2 191 105 6000 2
3 2 97 173 10000 2
3 2 52 70 10000 2
3 2 232 176 10000 2
1 2 79 193 2000 2
1 2 0 23 2000 2
1 2 249 5 2000 2
1 2 242 201 4000 2
1 2 224 198 4000 2
1 2 243 241 4000 2
1 2 215 48 4000 2
1 2 216 230 6000 2
1 2 71 22 6000 2
1 2 158 188 6000 2
1 2 56 101 6000 2
1 2 42 162 6000 2
1 2 105 169 8000 2
1 2 56 41 8000 2
1 2 210 234 8000 2
1 2 191 33 8000 2
1 2 65 56 8000 2
1 2 16 167 10000 2
1 2 195 38 10000 2
1 2 209 173 10000 2
