2 3 139 66 2000 2
2 3 77 127 2000 2
2 3 5 185 2000 2
2 3 17 12 2000 2
2 3 46 109 2000 2
2 3 247 219 2000 2
2 3 4 92 2000 2
2 3 41 61 2000 2
2 3 17 252 2000 2
2 3 87 16 2000 2
2 3 19 175 2000 2
2 3 118 66 2000 2
2 3 95 205 2000 2
2 3 30 26 2000 2
2 3 231 221 2000 2
2 3 157 195 2000 2
2 3 243 14 2000 2
2 3 93 2 2000 2
2 3 161 130 2000 2
2 3 42 70 2000 2
2 3 13 24 2000 2
2 3 211 137 2000 2
2 3 8 117 2000 2
2 3 23 216 2000 2
2 3 196 5 2000 2
2 3 206 141 2000 2
2 3 236 230 2000 2
2 3 70 252 2000 2
2 3 68 53 2000 2
2 3 94 245 2000 2
2 3 83 21 2000 2
2 3 59 76 2000 2
2 3 181 54 2000 2
2 3 165 124 2000 2
2 3 211 128 2000 2
2 3 135 183 2000 2
2 3 210 11 2000 2
2 3 47 13 2000 2
2 3 241 88 2000 2
2 3 200 175 2000 2
2 3 194 90 2000 2
2 3 147 23 2000 2
2 3 85 197 2000 2
2 3 85 240 2000 2
2 3 218 221 2000 2
2 3 135 243 2000 2
2 3 213 230 2000 2
2 3 66 132 2000 2
2 3 126 90 2000 2
2 3 68 57 2000 2
2 3 156 11 2000 2
2 3 243 162 2000 2
2 3 195 236 2000 2
2 3 90 72 2000 2
2 3 193 96 2000 2
2 3 10 147 2000 2
2 3 163 127 2000 2
2 3 72 204 2000 2
2 3 77 143 2000 2
2 3 203 105 2000 2
2 3 193 101 2000 2
2 3 207 142 2000 2
2 3 238 248 2000 2
2 3 70 59 2000 2
2 3 193 255 2000 2
2 3 97 73 2000 2
2 3 144 198 2000 2
2 3 32 85 4000 2
2 3 132 174 4000 2
2 3 127 14 4000 2
2 3 127 87 4000 2
2 3 21 191 4000 2
2 3 7 1 4000 2
2 3 148 160 4000 2
2 3 227 222 4000 2
2 3 243 247 4000 2
2 3 157 163 4000 2
2 3 160 98 4000 2
2 3 136 101 4000 2
2 3 130 207 4000 2
2 3 43 17 4000 2
2 3 139 148 4000 2
2 3 220 13 4000 2
2 3 161 189 4000 2
2 3 8 14 4000 2
2 3 225 21 4000 2
2 3 6 107 4000 2
2 3 133 245 4000 2
2 3 42 95 4000 2
2 3 40 126 4000 2
2 3 95 56 4000 2
2 3 188 210 4000 2
2 3 221 12 4000 2
2 3 84 45 4000 2
2 3 23 53 4000 2
2 3 129 63 4000 2
2 3 212 240 4000 2
2 3 41 215 4000 2
2 3 40 184 4000 2
2 3 45 46 4000 2
2 3 135 228 4000 2
2 3 141 99 4000 2
2 3 214 195 4000 2
2 3 130 4 4000 2
2 3 98 28 4000 2
2 3 247 124 4000 2
2 3 135 238 4000 2
2 3 103 250 4000 2
2 3 254 51 4000 2
2 3 234 249 4000 2
2 3 115 156 4000 2
2 3 206 188 4000 2
2 3 65 28 4000 2
2 3 232 140 4000 2
2 3 126 179 4000 2
2 3 9 50 4000 2
2 3 108 233 4000 2
2 3 75 218 4000 2
2 3 242 218 4000 2
2 3 186 182 4000 2
2 3 214 29 4000 2
2 3 225 14 4000 2
2 3 65 134 4000 2
2 3 96 36 4000 2
2 3 92 81 4000 2
2 3 99 10 4000 2
2 3 237 231 4000 2
2 3 82 122 4000 2
2 3 113 203 4000 2
2 3 185 33 4000 2
2 3 36 252 4000 2
2 3 16 5 4000 2
2 3 250 135 4000 2
2 3 198 235 4000 2
2 3 209 90 4000 2
2 3 230 144 4000 2
2 3 53 223 4000 2
2 3 17 77 4000 2
2 3 168 116 4000 2
2 3 105 173 4000 2
2 3 131 64 4000 2
2 3 46 252 4000 2
2 3 119 140 4000 2
2 3 36 134 4000 2
2 3 132 99 4000 2
2 3 120 124 4000 2
2 3 69 97 4000 2
2 3 202 201 4000 2
2 3 200 250 4000 2
2 3 190 229 4000 2
2 3 172 153 4000 2
2 3 230 148 6000 2
2 3 232 248 6000 2
2 3 1 179 6000 2
2 3 228 31 6000 2
2 3 58 88 6000 2
2 3 58 65 6000 2
2 3 111 37 6000 2
2 3 39 211 6000 2
2 3 24 249 6000 2
2 3 236 251 6000 2
2 3 208 46 6000 2
2 3 63 191 6000 2
2 3 35 114 6000 2
2 3 71 13 6000 2
2 3 18 2 6000 2
2 3 151 176 6000 2
2 3 16 1 6000 2
2 3 6 206 6000 2
2 3 62 18 6000 2
2 3 6 248 6000 2
2 3 82 137 6000 2
2 3 149 247 6000 2
2 3 38 237 6000 2
2 3 32 170 6000 2
2 3 245 95 6000 2
2 3 101 182 6000 2
2 3 209 7 6000 2
2 3 236 58 6000 2
2 3 114 162 6000 2
2 3 113 12 6000 2
2 3 74 155 6000 2
2 3 159 123 6000 2
2 3 196 253 6000 2
2 3 202 56 6000 2
2 3 50 59 6000 2
2 3 152 240 6000 2
2 3 84 161 6000 2
2 3 106 131 6000 2
2 3 203 217 6000 2
2 3 176 214 6000 2
2 3 201 200 6000 2
2 3 237 91 6000 2
2 3 89 39 6000 2
2 3 99 57 6000 2
2 3 143 208 6000 2
2 3 226 105 6000 2
2 3 226 67 6000 2
2 3 114 25 6000 2
2 3 168 57 6000 2
2 3 221 170 6000 2
2 3 222 169 6000 2
2 3 3 39 6000 2
2 3 255 22 6000 2
2 3 147 207 6000 2
2 3 103 163 6000 2
2 3 12 25 6000 2
2 3 144 145 6000 2
2 3 234 244 6000 2
2 3 117 152 6000 2
2 3 213 51 6000 2
2 3 192 63 6000 2
2 3 222 182 6000 2
2 3 236 158 6000 2
2 3 5 59 6000 2
2 3 202 228 6000 2
2 3 117 83 6000 2
2 3 194 49 6000 2
2 3 175 99 6000 2
2 3 214 6 6000 2
2 3 133 219 6000 2
2 3 161 93 6000 2
2 3 143 18 6000 2
2 3 111 215 6000 2
2 3 254 95 8000 2
2 3 250 139 8000 2
2 3 141 181 8000 2
2 3 53 101 8000 2
2 3 86 96 8000 2
2 3 68 0 8000 2
2 3 195 84 8000 2
2 3 230 200 8000 2
2 3 6 23 8000 2
2 3 116 238 8000 2
2 3 67 240 8000 2
2 3 59 61 8000 2
2 3 221 230 8000 2
2 3 32 101 8000 2
2 3 26 80 8000 2
2 3 9 165 8000 2
2 3 12 26 8000 2
2 3 86 80 8000 2
2 3 80 116 8000 2
2 3 196 71 8000 2
2 3 223 58 8000 2
2 3 159 8 8000 2
2 3 75 18 8000 2
2 3 69 225 8000 2
2 3 194 57 8000 2
2 3 171 200 8000 2
2 3 150 41 8000 2
2 3 186 210 8000 2
2 3 79 119 8000 2
2 3 132 63 8000 2
2 3 173 115 8000 2
2 3 243 202 8000 2
2 3 148 181 8000 2
2 3 56 238 8000 2
2 3 248 223 8000 2
2 3 66 179 8000 2
2 3 84 87 8000 2
2 3 233 101 8000 2
2 3 76 12 8000 2
2 3 5 83 8000 2
2 3 224 164 8000 2
2 3 32 42 8000 2
2 3 29 170 8000 2
2 3 125 170 8000 2
2 3 16 216 8000 2
2 3 201 150 8000 2
2 3 80 152 8000 2
2 3 82 165 8000 2
2 3 131 208 8000 2
2 3 198 28 8000 2
2 3 143 250 8000 2
2 3 188 217 8000 2
2 3 84 191 8000 2
2 3 110 24 8000 2
2 3 147 91 8000 2
2 3 192 143 8000 2
2 3 92 198 8000 2
2 3 32 115 8000 2
2 3 120 205 8000 2
2 3 211 133 8000 2
2 3 187 22 8000 2
2 3 211 26 8000 2
2 3 170 149 8000 2
2 3 35 144 8000 2
2 3 103 150 8000 2
2 3 139 95 8000 2
2 3 78 116 8000 2
2 3 102 10 8000 2
2 3 242 70 8000 2
2 3 24 91 8000 2
2 3 30 156 8000 2
2 3 89 21 8000 2
2 3 12 5 8000 2
2 3 111 133 8000 2
2 3 218 224 8000 2
2 3 36 80 8000 2
2 3 196 97 8000 2
2 3 38 181 8000 2
2 3 195 60 8000 2
2 3 167 128 8000 2
2 3 94 103 8000 2
2 3 33 127 8000 2
2 3 207 81 8000 2
2 3 19 230 8000 2
2 3 95 225 8000 2
2 3 197 145 10000 2
2 3 98 223 10000 2
2 3 20 211 10000 2
2 3 66 87 10000 2
2 3 220 178 10000 2
2 3 178 242 10000 2
2 3 126 112 10000 2
2 3 206 244 10000 2
2 3 161 235 10000 2
2 3 130 217 10000 2
2 3 28 135 10000 2
2 3 23 246 10000 2
2 3 228 199 10000 2
2 3 153 43 10000 2
2 3 167 23 10000 2
2 3 51 39 10000 2
2 3 68 76 10000 2
2 3 130 171 10000 2
2 3 187 44 10000 2
2 3 184 11 10000 2
2 3 9 99 10000 2
2 3 248 1 10000 2
2 3 14 104 10000 2
2 3 201 141 10000 2
2 3 96 251 10000 2
2 3 213 21 10000 2
2 3 46 37 10000 2
2 3 238 21 10000 2
2 3 127 51 10000 2
2 3 15 248 10000 2
2 3 185 14 10000 2
2 3 118 65 10000 2
2 3 195 179 10000 2
2 3 52 153 10000 2
2 3 174 194 10000 2
2 3 113 189 10000 2
2 3 23 128 10000 2
2 3 233 100 10000 2
2 3 76 86 10000 2
2 3 164 220 10000 2
2 3 125 36 10000 2
2 3 192 164 10000 2
2 3 49 204 10000 2
2 3 37 84 10000 2
2 3 35 144 10000 2
2 3 250 65 10000 2
2 3 69 67 10000 2
2 3 1 103 10000 2
2 3 25 27 10000 2
2 3 84 232 10000 2
2 3 248 211 10000 2
2 3 158 44 10000 2
2 3 161 129 10000 2
2 3 145 209 10000 2
2 3 183 206 10000 2
2 3 215 108 10000 2
2 3 12 96 10000 2
2 3 64 40 10000 2
2 3 168 217 10000 2
2 3 131 201 10000 2
2 3 74 200 10000 2
2 3 141 232 10000 2
2 3 147 112 10000 2
2 3 165 254 10000 2
2 3 144 12 10000 2
2 3 249 110 10000 2
2 3 39 7 10000 2
2 3 194 7 10000 2
2 3 97 28 10000 2
