3 0 50 160 2000 2
3 0 110 247 2000 2
3 0 24 222 2000 2
3 0 90 163 2000 2
3 0 88 253 2000 2
3 0 150 233 2000 2
3 0 244 191 2000 2
3 0 193 2 2000 2
3 0 192 211 2000 2
3 0 178 45 2000 2
3 0 211 108 2000 2
3 0 77 6 2000 2
3 0 2 81 2000 2
3 0 60 208 2000 2
3 0 168 20 2000 2
3 0 45 169 2000 2
3 0 150 82 2000 2
3 0 73 182 2000 2
3 0 243 222 2000 2
3 0 21 130 2000 2
3 0 195 112 2000 2
3 0 204 177 2000 2
3 0 188 15 2000 2
3 0 58 41 2000 2
3 0 198 79 2000 2
3 0 240 22 2000 2
3 0 205 139 2000 2
3 0 29 247 2000 2
3 0 19 3 2000 2
3 0 186 171 2000 2
3 0 197 178 2000 2
3 0 195 229 2000 2
3 0 47 45 2000 2
3 0 43 34 2000 2
3 0 42 192 2000 2
3 0 165 189 2000 2
3 0 235 136 2000 2
3 0 245 65 2000 2
3 0 23 5 2000 2
3 0 137 197 2000 2
3 0 162 38 2000 2
3 0 102 170 2000 2
3 0 128 247 2000 2
3 0 19 246 2000 2
3 0 108 58 2000 2
3 0 172 246 2000 2
3 0 217 21 2000 2
3 0 46 163 2000 2
3 0 93 138 2000 2
3 0 91 49 2000 2
3 0 120 101 2000 2
3 0 165 186 2000 2
3 0 119 156 2000 2
3 0 173 16 2000 2
3 0 198 60 2000 2
3 0 102 213 2000 2
3 0 84 248 2000 2
3 0 200 25 2000 2
3 0 168 202 2000 2
3 0 147 19 2000 2
3 0 90 158 2000 2
3 0 73 78 2000 2
3 0 16 25 2000 2
3 0 227 149 2000 2
3 0 238 101 2000 2
3 0 94 248 2000 2
3 0 118 16 2000 2
3 0 203 252 2000 2
3 0 46 244 2000 2
3 0 1 75 2000 2
3 0 161 75 2000 2
3 0 110 158 2000 2
3 0 134 84 2000 2
3 0 181 151 2000 2
3 0 238 224 2000 2
3 0 92 217 2000 2
3 0 130 98 2000 2
3 0 79 57 2000 2
3 0 144 177 2000 2
3 0 197 140 2000 2
3 0 57 201 2000 2
3 0 9 75 2000 2
3 0 152 177 4000 2
3 0 36 18 4000 2
3 0 249 111 4000 2
3 0 168 172 4000 2
3 0 91 205 4000 2
3 0 118 192 4000 2
3 0 117 170 4000 2
3 0 137 255 4000 2
3 0 96 122 4000 2
3 0 209 186 4000 2
3 0 89 191 4000 2
3 0 255 186 4000 2
3 0 37 41 4000 2
3 0 200 164 4000 2
3 0 76 29 4000 2
3 0 183 136 4000 2
3 0 75 102 4000 2
3 0 13 139 4000 2
3 0 226 99 4000 2
3 0 99 62 4000 2
3 0 202 218 4000 2
3 0 170 142 4000 2
3 0 182 196 4000 2
3 0 198 39 4000 2
3 0 127 156 4000 2
3 0 16 250 4000 2
3 0 54 27 4000 2
3 0 181 13 4000 2
3 0 121 199 4000 2
3 0 54 150 4000 2
3 0 85 192 4000 2
3 0 128 240 4000 2
3 0 188 67 4000 2
3 0 119 101 4000 2
3 0 64 212 4000 2
3 0 80 193 4000 2
3 0 144 251 4000 2
3 0 21 87 4000 2
3 0 97 149 4000 2
3 0 150 143 4000 2
3 0 105 100 4000 2
3 0 171 79 4000 2
3 0 70 84 4000 2
3 0 51 145 4000 2
3 0 15 238 4000 2
3 0 53 17 4000 2
3 0 110 116 4000 2
3 0 25 119 4000 2
3 0 203 190 4000 2
3 0 182 87 4000 2
3 0 69 160 4000 2
3 0 245 56 4000 2
3 0 122 179 4000 2
3 0 242 205 4000 2
3 0 244 7 4000 2
3 0 181 36 4000 2
3 0 89 248 4000 2
3 0 195 123 4000 2
3 0 25 200 4000 2
3 0 191 116 4000 2
3 0 76 116 4000 2
3 0 216 83 4000 2
3 0 59 9 4000 2
3 0 101 157 4000 2
3 0 64 33 4000 2
3 0 109 21 4000 2
3 0 134 163 4000 2
3 0 171 42 4000 2
3 0 221 68 4000 2
3 0 35 5 4000 2
3 0 75 200 4000 2
3 0 212 39 4000 2
3 0 138 5 4000 2
3 0 210 113 4000 2
3 0 247 201 4000 2
3 0 44 64 4000 2
3 0 1 192 4000 2
3 0 116 229 4000 2
3 0 87 154 4000 2
3 0 111 139 4000 2
3 0 35 184 4000 2
3 0 238 217 4000 2
3 0 215 114 4000 2
3 0 226 219 4000 2
3 0 211 65 4000 2
3 0 196 141 4000 2
3 0 161 131 6000 2
3 0 103 112 6000 2
3 0 60 44 6000 2
3 0 199 24 6000 2
3 0 135 145 6000 2
3 0 68 77 6000 2
3 0 238 154 6000 2
3 0 3 88 6000 2
3 0 35 196 6000 2
3 0 186 132 6000 2
3 0 241 78 6000 2
3 0 164 189 6000 2
3 0 238 122 6000 2
3 0 210 204 6000 2
3 0 117 184 6000 2
3 0 144 98 6000 2
3 0 32 99 6000 2
3 0 173 194 6000 2
3 0 180 108 6000 2
3 0 235 38 6000 2
3 0 91 60 6000 2
3 0 10 205 6000 2
3 0 43 45 6000 2
3 0 13 151 6000 2
3 0 202 36 6000 2
3 0 0 208 6000 2
3 0 119 36 6000 2
3 0 188 116 6000 2
3 0 142 123 6000 2
3 0 164 31 6000 2
3 0 127 132 6000 2
3 0 119 38 6000 2
3 0 30 108 6000 2
3 0 128 60 6000 2
3 0 251 75 6000 2
3 0 169 242 6000 2
3 0 13 124 6000 2
3 0 185 113 6000 2
3 0 166 22 6000 2
3 0 123 9 6000 2
3 0 202 50 6000 2
3 0 155 74 6000 2
3 0 62 74 6000 2
3 0 174 58 6000 2
3 0 0 44 6000 2
3 0 142 26 6000 2
3 0 33 3 6000 2
3 0 244 95 6000 2
3 0 163 230 6000 2
3 0 77 234 6000 2
3 0 99 52 6000 2
3 0 229 115 6000 2
3 0 211 165 6000 2
3 0 19 123 6000 2
3 0 103 102 6000 2
3 0 164 47 6000 2
3 0 226 255 6000 2
3 0 178 243 6000 2
3 0 46 121 6000 2
3 0 214 28 6000 2
3 0 25 42 6000 2
3 0 214 21 6000 2
3 0 154 209 6000 2
3 0 214 188 6000 2
3 0 219 138 6000 2
3 0 127 52 6000 2
3 0 186 74 6000 2
3 0 99 155 6000 2
3 0 95 150 6000 2
3 0 20 99 6000 2
3 0 145 180 6000 2
3 0 98 2 6000 2
3 0 158 148 6000 2
3 0 196 194 6000 2
3 0 78 196 6000 2
3 0 68 39 6000 2
3 0 30 88 6000 2
3 0 17 76 6000 2
3 0 252 253 6000 2
3 0 141 120 6000 2
3 0 219 104 6000 2
3 0 154 214 6000 2
3 0 65 58 6000 2
3 0 17 160 8000 2
3 0 169 248 8000 2
3 0 17 46 8000 2
3 0 222 57 8000 2
3 0 171 72 8000 2
3 0 94 208 8000 2
3 0 186 125 8000 2
3 0 40 111 8000 2
3 0 110 73 8000 2
3 0 178 189 8000 2
3 0 185 111 8000 2
3 0 167 195 8000 2
3 0 250 15 8000 2
3 0 172 134 8000 2
3 0 139 173 8000 2
3 0 251 241 8000 2
3 0 218 255 8000 2
3 0 148 152 8000 2
3 0 214 193 8000 2
3 0 138 168 8000 2
3 0 124 78 8000 2
3 0 127 244 8000 2
3 0 241 62 8000 2
3 0 242 112 8000 2
3 0 155 15 8000 2
3 0 176 0 8000 2
3 0 3 105 8000 2
3 0 91 184 8000 2
3 0 145 78 8000 2
3 0 164 30 8000 2
3 0 41 72 8000 2
3 0 76 65 8000 2
3 0 64 59 8000 2
3 0 154 183 8000 2
3 0 165 78 8000 2
3 0 73 239 8000 2
3 0 102 64 8000 2
3 0 243 28 8000 2
3 0 50 166 8000 2
3 0 24 68 8000 2
3 0 95 220 8000 2
3 0 178 67 8000 2
3 0 150 231 8000 2
3 0 184 247 8000 2
3 0 210 166 8000 2
3 0 60 98 8000 2
3 0 196 21 8000 2
3 0 76 12 8000 2
3 0 212 89 8000 2
3 0 163 32 8000 2
3 0 151 217 8000 2
3 0 89 186 8000 2
3 0 230 154 8000 2
3 0 179 158 8000 2
3 0 0 121 8000 2
3 0 131 181 8000 2
3 0 152 82 8000 2
3 0 232 79 8000 2
3 0 0 78 8000 2
3 0 72 193 8000 2
3 0 41 53 8000 2
3 0 150 67 8000 2
3 0 88 239 8000 2
3 0 170 221 8000 2
3 0 255 229 8000 2
3 0 157 98 8000 2
3 0 201 173 8000 2
3 0 210 194 8000 2
3 0 209 25 8000 2
3 0 167 241 8000 2
3 0 110 5 8000 2
3 0 17 179 8000 2
3 0 38 5 8000 2
3 0 222 161 8000 2
3 0 195 36 8000 2
3 0 41 231 8000 2
3 0 218 216 10000 2
3 0 249 103 10000 2
3 0 220 156 10000 2
3 0 82 16 10000 2
3 0 88 241 10000 2
3 0 218 143 10000 2
3 0 123 221 10000 2
3 0 26 222 10000 2
3 0 93 158 10000 2
3 0 93 179 10000 2
3 0 31 169 10000 2
3 0 223 35 10000 2
3 0 53 20 10000 2
3 0 38 151 10000 2
3 0 200 83 10000 2
3 0 226 56 10000 2
3 0 67 13 10000 2
3 0 146 206 10000 2
3 0 13 2 10000 2
3 0 39 64 10000 2
3 0 172 177 10000 2
3 0 228 49 10000 2
3 0 253 174 10000 2
3 0 29 121 10000 2
3 0 103 184 10000 2
3 0 19 75 10000 2
3 0 202 142 10000 2
3 0 235 158 10000 2
3 0 183 241 10000 2
3 0 140 36 10000 2
3 0 48 227 10000 2
3 0 113 83 10000 2
3 0 49 126 10000 2
3 0 40 36 10000 2
3 0 195 27 10000 2
3 0 69 227 10000 2
3 0 45 155 10000 2
3 0 146 63 10000 2
3 0 101 148 10000 2
3 0 215 245 10000 2
3 0 66 110 10000 2
3 0 59 97 10000 2
3 0 10 236 10000 2
3 0 164 28 10000 2
3 0 64 159 10000 2
3 0 93 238 10000 2
3 0 187 109 10000 2
3 0 152 217 10000 2
3 0 192 57 10000 2
3 0 165 168 10000 2
3 0 123 48 10000 2
3 0 239 76 10000 2
3 0 51 83 10000 2
3 0 31 114 10000 2
3 0 37 116 10000 2
3 0 214 72 10000 2
3 0 200 71 10000 2
3 0 133 41 10000 2
3 0 235 53 10000 2
3 0 94 38 10000 2
3 0 239 188 10000 2
3 0 139 140 10000 2
3 0 246 202 10000 2
3 0 243 1 10000 2
3 0 211 122 10000 2
3 0 243 139 10000 2
3 0 227 168 10000 2
3 0 54 241 10000 2
3 0 90 210 10000 2
3 0 176 94 10000 2
3 0 206 56 10000 2
3 0 115 161 10000 2
3 0 71 163 10000 2
3 0 108 116 10000 2
