1 2 202 101 2000 2
1 2 185 126 2000 2
1 2 131 76 2000 2
1 2 84 131 2000 2
1 2 18 134 2000 2
1 2 72 139 2000 2
1 2 62 253 2000 2
1 2 187 100 2000 2
1 2 108 128 2000 2
1 2 142 248 2000 2
1 2 105 63 2000 2
1 2 16 186 2000 2
1 2 8 188 2000 2
1 2 117 250 2000 2
1 2 40 204 2000 2
1 2 186 140 2000 2
1 2 141 145 2000 2
1 2 17 74 2000 2
1 2 97 142 2000 2
1 2 131 138 2000 2
1 2 216 126 2000 2
1 2 227 102 2000 2
1 2 130 206 2000 2
1 2 39 42 2000 2
1 2 75 113 2000 2
1 2 216 89 2000 2
1 2 100 179 2000 2
1 2 131 36 2000 2
1 2 182 46 2000 2
1 2 61 46 2000 2
1 2 245 69 2000 2
1 2 164 176 2000 2
1 2 32 33 2000 2
1 2 224 207 2000 2
1 2 177 165 2000 2
1 2 105 12 2000 2
1 2 206 220 2000 2
1 2 95 246 2000 2
1 2 152 214 2000 2
1 2 99 109 2000 2
1 2 249 4 2000 2
1 2 20 36 2000 2
1 2 225 36 2000 2
1 2 198 115 2000 2
1 2 114 174 2000 2
1 2 7 165 2000 2
1 2 183 197 2000 2
1 2 164 153 2000 2
1 2 251 68 2000 2
1 2 30 37 2000 2
1 2 103 85 2000 2
1 2 136 192 2000 2
1 2 76 128 2000 2
1 2 216 97 2000 2
1 2 125 247 2000 2
1 2 129 149 2000 2
1 2 190 42 2000 2
1 2 222 217 2000 2
1 2 47 194 2000 2
1 2 137 246 2000 2
1 2 96 13 2000 2
1 2 244 142 2000 2
1 2 246 177 2000 2
1 2 118 15 2000 2
1 2 12 185 2000 2
1 2 69 240 4000 2
1 2 75 106 4000 2
1 2 164 89 4000 2
1 2 52 216 4000 2
1 2 221 143 4000 2
1 2 87 86 4000 2
1 2 248 174 4000 2
1 2 196 6 4000 2
1 2 112 171 4000 2
1 2 253 201 4000 2
1 2 114 25 4000 2
1 2 240 229 4000 2
1 2 219 189 4000 2
1 2 251 76 4000 2
1 2 73 46 4000 2
1 2 198 65 4000 2
1 2 30 207 4000 2
1 2 220 78 4000 2
1 2 81 220 4000 2
1 2 120 14 4000 2
1 2 4 223 4000 2
1 2 21 70 4000 2
1 2 228 39 4000 2
1 2 232 68 4000 2
1 2 71 188 4000 2
1 2 197 91 4000 2
1 2 110 237 4000 2
1 2 70 243 4000 2
1 2 206 10 4000 2
1 2 244 184 4000 2
1 2 70 185 4000 2
1 2 189 30 4000 2
1 2 174 107 4000 2
1 2 160 159 4000 2
1 2 19 98 4000 2
1 2 52 176 4000 2
1 2 73 85 4000 2
1 2 183 22 4000 2
1 2 159 232 4000 2
1 2 135 101 4000 2
1 2 96 146 4000 2
1 2 96 207 4000 2
1 2 219 210 4000 2
1 2 63 34 4000 2
1 2 38 33 4000 2
1 2 173 147 4000 2
1 2 93 54 4000 2
1 2 211 233 4000 2
1 2 196 167 4000 2
1 2 199 203 4000 2
1 2 5 68 4000 2
1 2 47 66 4000 2
1 2 239 191 4000 2
1 2 151 133 4000 2
1 2 244 60 4000 2
1 2 62 195 4000 2
1 2 13 11 4000 2
1 2 104 170 4000 2
1 2 146 65 4000 2
1 2 38 41 4000 2
1 2 154 8 4000 2
1 2 105 190 4000 2
1 2 173 134 4000 2
1 2 222 252 4000 2
1 2 227 154 4000 2
1 2 240 8 4000 2
1 2 61 100 4000 2
1 2 212 121 4000 2
1 2 160 138 4000 2
1 2 187 66 4000 2
1 2 6 159 4000 2
1 2 7 92 4000 2
1 2 180 162 4000 2
1 2 146 219 4000 2
1 2 168 248 4000 2
1 2 99 134 4000 2
1 2 86 152 4000 2
1 2 93 165 4000 2
1 2 206 118 4000 2
1 2 248 27 4000 2
1 2 191 7 4000 2
1 2 144 123 4000 2
1 2 147 128 6000 2
1 2 175 202 6000 2
1 2 167 7 6000 2
1 2 152 90 6000 2
1 2 29 226 6000 2
1 2 67 223 6000 2
1 2 146 180 6000 2
1 2 209 211 6000 2
1 2 82 149 6000 2
1 2 169 163 6000 2
1 2 196 45 6000 2
1 2 104 206 6000 2
1 2 169 35 6000 2
1 2 96 56 6000 2
1 2 211 193 6000 2
1 2 89 75 6000 2
1 2 1 156 6000 2
1 2 147 5 6000 2
1 2 11 27 6000 2
1 2 229 208 6000 2
1 2 146 184 6000 2
1 2 227 225 6000 2
1 2 8 254 6000 2
1 2 132 86 6000 2
1 2 9 171 6000 2
1 2 106 59 6000 2
1 2 186 196 6000 2
1 2 204 70 6000 2
1 2 155 107 6000 2
1 2 100 81 6000 2
1 2 168 18 6000 2
1 2 4 14 6000 2
1 2 232 23 6000 2
1 2 13 253 6000 2
1 2 61 119 6000 2
1 2 205 148 6000 2
1 2 12 65 6000 2
1 2 225 34 6000 2
1 2 31 98 6000 2
1 2 74 231 6000 2
1 2 230 14 6000 2
1 2 57 3 6000 2
1 2 27 198 6000 2
1 2 235 10 6000 2
1 2 6 116 6000 2
1 2 25 108 6000 2
1 2 222 30 6000 2
1 2 120 187 6000 2
1 2 186 71 6000 2
1 2 132 192 6000 2
1 2 172 75 6000 2
1 2 7 133 6000 2
1 2 153 109 6000 2
1 2 216 134 6000 2
1 2 79 108 6000 2
1 2 79 134 6000 2
1 2 222 254 6000 2
1 2 224 208 6000 2
1 2 15 68 6000 2
1 2 252 89 6000 2
1 2 40 58 6000 2
1 2 63 244 6000 2
1 2 30 89 6000 2
1 2 92 220 6000 2
1 2 14 175 6000 2
1 2 133 208 6000 2
1 2 106 189 6000 2
1 2 172 117 6000 2
1 2 54 47 6000 2
1 2 228 156 6000 2
1 2 92 246 6000 2
1 2 155 253 6000 2
1 2 191 6 6000 2
1 2 173 195 6000 2
1 2 171 225 6000 2
1 2 13 135 6000 2
1 2 117 19 6000 2
1 2 8 83 6000 2
1 2 62 65 6000 2
1 2 229 158 8000 2
1 2 27 20 8000 2
1 2 178 39 8000 2
1 2 191 205 8000 2
1 2 135 238 8000 2
1 2 148 105 8000 2
1 2 215 62 8000 2
1 2 249 186 8000 2
1 2 201 144 8000 2
1 2 38 5 8000 2
1 2 123 215 8000 2
1 2 142 202 8000 2
1 2 59 40 8000 2
1 2 167 99 8000 2
1 2 65 224 8000 2
1 2 122 135 8000 2
1 2 115 41 8000 2
1 2 97 253 8000 2
1 2 4 138 8000 2
1 2 91 6 8000 2
1 2 151 227 8000 2
1 2 88 178 8000 2
1 2 242 62 8000 2
1 2 80 41 8000 2
1 2 164 226 8000 2
1 2 244 255 8000 2
1 2 235 242 8000 2
1 2 190 75 8000 2
1 2 11 20 8000 2
1 2 125 86 8000 2
1 2 9 90 8000 2
1 2 219 153 8000 2
1 2 4 157 8000 2
1 2 150 147 8000 2
1 2 132 243 8000 2
1 2 56 192 8000 2
1 2 151 60 8000 2
1 2 84 164 8000 2
1 2 112 245 8000 2
1 2 152 229 8000 2
1 2 116 213 8000 2
1 2 185 38 8000 2
1 2 54 20 8000 2
1 2 252 150 8000 2
1 2 250 229 8000 2
1 2 44 83 8000 2
1 2 30 241 8000 2
1 2 226 212 8000 2
1 2 182 138 8000 2
1 2 101 217 8000 2
1 2 248 31 8000 2
1 2 231 210 8000 2
1 2 119 28 8000 2
1 2 30 57 8000 2
1 2 3 252 8000 2
1 2 167 222 8000 2
1 2 193 245 8000 2
1 2 213 237 8000 2
1 2 50 106 8000 2
1 2 48 212 8000 2
1 2 133 20 8000 2
1 2 8 47 8000 2
1 2 224 33 8000 2
1 2 249 27 8000 2
1 2 213 179 8000 2
1 2 89 242 8000 2
1 2 31 133 8000 2
1 2 60 27 8000 2
1 2 136 240 8000 2
1 2 53 218 8000 2
1 2 56 16 8000 2
1 2 216 86 10000 2
1 2 27 66 10000 2
1 2 60 228 10000 2
1 2 89 20 10000 2
1 2 205 204 10000 2
1 2 140 111 10000 2
1 2 194 213 10000 2
1 2 120 244 10000 2
1 2 21 127 10000 2
1 2 180 164 10000 2
1 2 107 144 10000 2
1 2 130 109 10000 2
1 2 111 56 10000 2
1 2 140 113 10000 2
1 2 53 48 10000 2
1 2 133 38 10000 2
1 2 182 103 10000 2
1 2 101 143 10000 2
1 2 39 123 10000 2
1 2 95 26 10000 2
1 2 93 103 10000 2
1 2 247 134 10000 2
1 2 64 183 10000 2
1 2 24 223 10000 2
1 2 154 237 10000 2
1 2 85 192 10000 2
1 2 145 78 10000 2
1 2 20 90 10000 2
1 2 173 45 10000 2
1 2 131 208 10000 2
1 2 153 253 10000 2
1 2 11 37 10000 2
1 2 127 0 10000 2
1 2 23 255 10000 2
1 2 128 212 10000 2
1 2 9 164 10000 2
1 2 43 51 10000 2
1 2 74 191 10000 2
1 2 167 217 10000 2
1 2 225 104 10000 2
1 2 141 49 10000 2
1 2 55 157 10000 2
1 2 210 72 10000 2
1 2 31 157 10000 2
1 2 147 238 10000 2
1 2 239 123 10000 2
1 2 51 2 10000 2
1 2 0 247 10000 2
1 2 229 101 10000 2
1 2 26 193 10000 2
1 2 219 223 10000 2
1 2 248 232 10000 2
1 2 4 119 10000 2
1 2 102 120 10000 2
1 2 41 189 10000 2
1 2 104 197 10000 2
1 2 54 97 10000 2
1 2 172 84 10000 2
1 2 190 116 10000 2
1 2 216 88 10000 2
1 2 62 31 10000 2
1 2 75 102 10000 2
1 2 193 255 10000 2
1 2 176 65 10000 2
1 2 153 251 10000 2
1 2 106 85 10000 2
1 2 184 66 10000 2
1 2 28 122 10000 2
1 2 190 100 10000 2
1 2 87 246 10000 2
1 2 122 95 10000 2
1 2 47 51 10000 2
1 2 183 62 10000 2
1 2 80 108 10000 2
1 2 108 116 10000 2
