0 1 86 235 2000 2
0 1 145 131 2000 2
0 1 143 106 2000 2
0 1 201 228 2000 2
0 1 53 221 2000 2
0 1 97 156 2000 2
0 1 152 119 2000 2
0 1 53 200 2000 2
0 1 132 247 2000 2
0 1 190 182 2000 2
0 1 105 3 2000 2
0 1 94 231 2000 2
0 1 51 45 2000 2
0 1 170 221 2000 2
0 1 3 42 2000 2
0 1 81 225 2000 2
0 1 128 187 2000 2
0 1 119 136 2000 2
0 1 1 76 2000 2
0 1 41 34 2000 2
0 1 105 148 2000 2
0 1 182 217 2000 2
0 1 110 135 2000 2
0 1 138 12 2000 2
0 1 39 179 2000 2
0 1 100 95 2000 2
0 1 93 225 2000 2
0 1 45 122 2000 2
0 1 75 241 2000 2
0 1 24 126 2000 2
0 1 252 110 2000 2
0 1 17 209 2000 2
0 1 151 252 2000 2
0 1 197 113 2000 2
0 1 180 13 2000 2
0 1 191 244 2000 2
0 1 179 32 2000 2
0 1 96 195 2000 2
0 1 104 7 2000 2
0 1 26 149 2000 2
0 1 179 104 2000 2
0 1 40 244 2000 2
0 1 39 3 2000 2
0 1 229 157 2000 2
0 1 18 187 2000 2
0 1 234 233 2000 2
0 1 225 62 2000 2
0 1 226 55 2000 2
0 1 109 33 2000 2
0 1 107 105 2000 2
0 1 50 27 2000 2
0 1 140 22 2000 2
0 1 196 197 2000 2
0 1 188 24 2000 2
0 1 92 204 2000 2
0 1 227 158 2000 2
0 1 3 71 2000 2
0 1 211 216 2000 2
0 1 121 110 2000 2
0 1 193 23 2000 2
0 1 12 190 2000 2
0 1 64 131 2000 2
0 1 84 133 2000 2
0 1 188 224 2000 2
0 1 180 56 2000 2
0 1 217 220 2000 2
0 1 174 134 2000 2
0 1 110 36 2000 2
0 1 60 24 2000 2
0 1 219 81 2000 2
0 1 232 81 2000 2
0 1 176 253 2000 2
0 1 54 172 2000 2
0 1 70 9 2000 2
0 1 17 129 4000 2
0 1 153 15 4000 2
0 1 174 205 4000 2
0 1 24 110 4000 2
0 1 106 234 4000 2
0 1 142 217 4000 2
0 1 69 138 4000 2
0 1 42 148 4000 2
0 1 94 96 4000 2
0 1 203 63 4000 2
0 1 121 152 4000 2
0 1 193 225 4000 2
0 1 38 175 4000 2
0 1 105 42 4000 2
0 1 103 246 4000 2
0 1 88 59 4000 2
0 1 63 75 4000 2
0 1 124 149 4000 2
0 1 241 169 4000 2
0 1 195 187 4000 2
0 1 234 73 4000 2
0 1 245 125 4000 2
0 1 253 112 4000 2
0 1 83 78 4000 2
0 1 174 233 4000 2
0 1 41 125 4000 2
0 1 214 227 4000 2
0 1 74 41 4000 2
0 1 134 70 4000 2
0 1 138 4 4000 2
0 1 161 195 4000 2
0 1 109 199 4000 2
0 1 110 113 4000 2
0 1 178 208 4000 2
0 1 246 149 4000 2
0 1 230 177 4000 2
0 1 5 118 4000 2
0 1 145 244 4000 2
0 1 17 173 4000 2
0 1 66 30 4000 2
0 1 56 62 4000 2
0 1 252 19 4000 2
0 1 77 39 4000 2
0 1 89 71 4000 2
0 1 86 128 4000 2
0 1 239 126 4000 2
0 1 9 6 4000 2
0 1 238 164 4000 2
0 1 53 134 4000 2
0 1 58 100 4000 2
0 1 177 30 4000 2
0 1 31 115 4000 2
0 1 200 160 4000 2
0 1 6 126 4000 2
0 1 107 125 4000 2
0 1 56 0 4000 2
0 1 215 53 4000 2
0 1 176 36 4000 2
0 1 16 15 4000 2
0 1 117 45 4000 2
0 1 61 138 4000 2
0 1 141 174 4000 2
0 1 110 130 4000 2
0 1 97 208 4000 2
0 1 86 80 4000 2
0 1 27 235 4000 2
0 1 16 51 4000 2
0 1 19 51 4000 2
0 1 45 105 4000 2
0 1 4 189 4000 2
0 1 38 236 4000 2
0 1 180 30 6000 2
0 1 184 138 6000 2
0 1 57 199 6000 2
0 1 223 48 6000 2
0 1 176 89 6000 2
0 1 167 108 6000 2
0 1 220 72 6000 2
0 1 18 130 6000 2
0 1 28 207 6000 2
0 1 97 182 6000 2
0 1 181 199 6000 2
0 1 123 194 6000 2
0 1 56 205 6000 2
0 1 168 167 6000 2
0 1 230 126 6000 2
0 1 1 209 6000 2
0 1 84 38 6000 2
0 1 19 101 6000 2
0 1 28 117 6000 2
0 1 238 244 6000 2
0 1 169 44 6000 2
0 1 88 103 6000 2
0 1 250 8 6000 2
0 1 150 238 6000 2
0 1 91 89 6000 2
0 1 161 124 6000 2
0 1 120 253 6000 2
0 1 254 108 6000 2
0 1 218 192 6000 2
0 1 60 1 6000 2
0 1 145 215 6000 2
0 1 210 195 6000 2
0 1 20 226 6000 2
0 1 126 9 6000 2
0 1 79 234 6000 2
0 1 133 227 6000 2
0 1 228 129 6000 2
0 1 244 172 6000 2
0 1 120 250 6000 2
0 1 81 101 6000 2
0 1 215 59 6000 2
0 1 6 19 6000 2
0 1 38 255 6000 2
0 1 208 152 6000 2
0 1 188 43 6000 2
0 1 130 150 6000 2
0 1 32 235 6000 2
0 1 76 157 6000 2
0 1 121 132 6000 2
0 1 102 254 6000 2
0 1 205 111 6000 2
0 1 45 161 6000 2
0 1 174 186 6000 2
0 1 202 71 6000 2
0 1 43 126 6000 2
0 1 52 208 6000 2
0 1 60 32 6000 2
0 1 124 240 6000 2
0 1 126 165 6000 2
0 1 109 10 6000 2
0 1 44 125 6000 2
0 1 62 253 6000 2
0 1 31 71 6000 2
0 1 199 117 6000 2
0 1 133 177 6000 2
0 1 149 58 6000 2
0 1 198 172 6000 2
0 1 184 49 6000 2
0 1 22 129 6000 2
0 1 87 97 6000 2
0 1 123 8 6000 2
0 1 116 66 6000 2
0 1 53 181 6000 2
0 1 167 43 6000 2
0 1 104 18 6000 2
0 1 96 167 6000 2
0 1 168 55 6000 2
0 1 106 50 8000 2
0 1 81 109 8000 2
0 1 78 40 8000 2
0 1 143 193 8000 2
0 1 195 74 8000 2
0 1 64 255 8000 2
0 1 166 107 8000 2
0 1 158 43 8000 2
0 1 86 67 8000 2
0 1 62 38 8000 2
0 1 209 78 8000 2
0 1 241 19 8000 2
0 1 91 242 8000 2
0 1 59 34 8000 2
0 1 140 159 8000 2
0 1 185 245 8000 2
0 1 141 194 8000 2
0 1 32 109 8000 2
0 1 84 21 8000 2
0 1 169 227 8000 2
0 1 72 123 8000 2
0 1 147 199 8000 2
0 1 153 164 8000 2
0 1 127 28 8000 2
0 1 156 23 8000 2
0 1 161 117 8000 2
0 1 3 210 8000 2
0 1 152 195 8000 2
0 1 201 129 8000 2
0 1 127 1 8000 2
0 1 26 234 8000 2
0 1 43 167 8000 2
0 1 251 110 8000 2
0 1 177 156 8000 2
0 1 91 132 8000 2
0 1 146 174 8000 2
0 1 113 60 8000 2
0 1 94 211 8000 2
0 1 130 12 8000 2
0 1 115 39 8000 2
0 1 98 207 8000 2
0 1 156 229 8000 2
0 1 254 21 8000 2
0 1 255 205 8000 2
0 1 203 82 8000 2
0 1 102 138 8000 2
0 1 123 137 8000 2
0 1 145 254 8000 2
0 1 225 148 8000 2
0 1 49 46 8000 2
0 1 132 52 8000 2
0 1 138 5 8000 2
0 1 155 234 8000 2
0 1 2 29 8000 2
0 1 39 88 8000 2
0 1 209 172 8000 2
0 1 92 196 8000 2
0 1 157 30 8000 2
0 1 104 203 8000 2
0 1 203 157 8000 2
0 1 184 205 8000 2
0 1 98 116 8000 2
0 1 93 50 8000 2
0 1 206 139 8000 2
0 1 105 36 8000 2
0 1 121 226 8000 2
0 1 193 4 8000 2
0 1 167 99 8000 2
0 1 211 197 8000 2
0 1 99 114 8000 2
0 1 146 97 8000 2
0 1 127 144 8000 2
0 1 160 164 8000 2
0 1 12 15 8000 2
0 1 35 57 8000 2
0 1 26 140 8000 2
0 1 101 198 8000 2
0 1 174 95 8000 2
0 1 141 123 8000 2
0 1 147 34 8000 2
0 1 255 183 8000 2
0 1 155 159 8000 2
0 1 136 37 8000 2
0 1 31 197 10000 2
0 1 21 153 10000 2
0 1 248 74 10000 2
0 1 191 245 10000 2
0 1 28 226 10000 2
0 1 74 114 10000 2
0 1 202 32 10000 2
0 1 208 176 10000 2
0 1 209 195 10000 2
0 1 160 167 10000 2
0 1 69 71 10000 2
0 1 188 50 10000 2
0 1 83 226 10000 2
0 1 194 34 10000 2
0 1 109 255 10000 2
0 1 74 61 10000 2
0 1 57 12 10000 2
0 1 113 23 10000 2
0 1 187 105 10000 2
0 1 142 226 10000 2
0 1 185 166 10000 2
0 1 194 156 10000 2
0 1 17 48 10000 2
0 1 145 49 10000 2
0 1 148 118 10000 2
0 1 243 6 10000 2
0 1 113 76 10000 2
0 1 21 232 10000 2
0 1 200 86 10000 2
0 1 159 156 10000 2
0 1 8 21 10000 2
0 1 250 77 10000 2
0 1 24 10 10000 2
0 1 102 67 10000 2
0 1 245 125 10000 2
0 1 57 51 10000 2
0 1 150 172 10000 2
0 1 28 170 10000 2
0 1 109 242 10000 2
0 1 248 199 10000 2
0 1 212 132 10000 2
0 1 200 176 10000 2
0 1 160 230 10000 2
0 1 173 155 10000 2
0 1 34 251 10000 2
0 1 100 202 10000 2
0 1 106 45 10000 2
0 1 60 238 10000 2
0 1 249 124 10000 2
0 1 135 46 10000 2
0 1 156 62 10000 2
0 1 127 203 10000 2
0 1 156 198 10000 2
0 1 148 65 10000 2
0 1 201 188 10000 2
0 1 110 214 10000 2
0 1 178 5 10000 2
0 1 94 219 10000 2
0 1 234 132 10000 2
0 1 245 128 10000 2
0 1 176 234 10000 2
0 1 199 255 10000 2
0 1 252 27 10000 2
0 1 185 200 10000 2
0 1 183 20 10000 2
0 1 161 100 10000 2
0 1 220 164 10000 2
0 1 194 244 10000 2
0 1 39 66 10000 2
0 1 87 227 10000 2
0 1 42 187 10000 2
0 1 214 171 10000 2
0 1 241 168 10000 2
0 1 110 60 10000 2
0 1 248 121 10000 2
0 1 54 150 10000 2
0 1 223 243 10000 2
0 1 21 68 10000 2
0 1 107 228 10000 2
0 1 170 82 10000 2
