8 9 48 40 2000 2
8 9 34 4 2000 2
8 9 47 12 2000 2
8 9 7 60 2000 2
8 9 52 55 2000 2
8 9 61 30 2000 2
8 9 27 13 2000 2
8 9 20 30 2000 2
8 9 34 33 2000 2
8 9 48 61 2000 2
8 9 11 18 2000 2
8 9 1 41 2000 2
8 9 60 55 2000 2
8 9 4 59 2000 2
8 9 56 16 2000 2
8 9 61 37 2000 2
8 9 8 59 2000 2
8 9 56 40 2000 2
8 9 43 30 2000 2
8 9 58 54 2000 2
8 9 1 56 2000 2
8 9 57 37 2000 2
8 9 12 5 2000 2
8 9 13 1 4000 2
8 9 5 59 4000 2
8 9 43 25 4000 2
8 9 30 45 4000 2
8 9 27 42 4000 2
8 9 17 23 4000 2
8 9 44 28 4000 2
8 9 40 38 4000 2
8 9 63 38 4000 2
8 9 11 7 4000 2
8 9 51 25 4000 2
8 9 58 22 4000 2
8 9 28 58 4000 2
8 9 36 31 4000 2
8 9 56 60 4000 2
8 9 5 33 4000 2
8 9 35 31 4000 2
8 9 9 33 4000 2
8 9 54 30 6000 2
8 9 26 0 6000 2
8 9 37 61 6000 2
8 9 50 61 6000 2
8 9 57 46 6000 2
8 9 7 10 6000 2
8 9 5 55 6000 2
8 9 30 16 6000 2
8 9 51 42 6000 2
8 9 34 54 6000 2
8 9 27 51 6000 2
8 9 39 11 6000 2
8 9 45 63 6000 2
8 9 45 47 6000 2
8 9 53 14 6000 2
8 9 35 50 6000 2
8 9 40 53 6000 2
8 9 19 20 6000 2
8 9 31 26 6000 2
8 9 20 39 8000 2
8 9 56 2 8000 2
8 9 1 22 8000 2
8 9 25 15 8000 2
8 9 35 16 8000 2
8 9 31 21 8000 2
8 9 60 24 8000 2
8 9 47 10 8000 2
8 9 55 13 8000 2
8 9 28 39 8000 2
8 9 55 0 8000 2
8 9 46 6 8000 2
8 9 16 39 8000 2
8 9 54 32 8000 2
8 9 29 50 8000 2
8 9 54 38 8000 2
8 9 47 30 8000 2
8 9 18 44 8000 2
8 9 53 13 8000 2
8 9 4 22 8000 2
8 9 33 26 8000 2
8 9 14 51 10000 2
8 9 46 33 10000 2
8 9 15 56 10000 2
8 9 25 59 10000 2
8 9 14 13 10000 2
8 9 20 45 10000 2
8 9 27 49 10000 2
8 9 25 49 10000 2
8 9 2 4 10000 2
8 9 61 47 10000 2
8 9 12 58 10000 2
8 9 34 10 10000 2
8 9 33 27 10000 2
8 9 7 39 10000 2
8 9 54 3 10000 2
