1 2 11 29 2000 2
1 2 10 41 2000 2
1 2 53 26 2000 2
1 2 43 42 2000 2
1 2 49 57 2000 2
1 2 14 33 2000 2
1 2 3 36 2000 2
1 2 5 61 2000 2
1 2 40 6 2000 2
1 2 22 46 2000 2
1 2 55 57 2000 2
1 2 35 41 2000 2
1 2 54 7 2000 2
1 2 50 14 2000 2
1 2 53 61 2000 2
1 2 49 25 2000 2
1 2 5 9 2000 2
1 2 15 27 2000 2
1 2 58 32 2000 2
1 2 12 10 2000 2
1 2 52 25 2000 2
1 2 29 7 2000 2
1 2 0 15 2000 2
1 2 5 58 2000 2
1 2 41 24 4000 2
1 2 34 40 4000 2
1 2 47 58 4000 2
1 2 22 59 4000 2
1 2 16 52 4000 2
1 2 48 4 4000 2
1 2 50 10 4000 2
1 2 9 24 4000 2
1 2 13 27 4000 2
1 2 9 50 4000 2
1 2 33 37 4000 2
1 2 21 14 4000 2
1 2 33 22 4000 2
1 2 7 14 4000 2
1 2 41 15 6000 2
1 2 29 52 6000 2
1 2 33 49 6000 2
1 2 6 46 6000 2
1 2 20 34 6000 2
1 2 18 48 6000 2
1 2 18 51 6000 2
1 2 60 52 6000 2
1 2 61 32 6000 2
1 2 39 19 6000 2
1 2 49 44 6000 2
1 2 20 0 6000 2
1 2 33 13 6000 2
1 2 14 41 6000 2
1 2 61 18 6000 2
1 2 1 57 6000 2
1 2 43 8 6000 2
1 2 7 45 6000 2
1 2 38 3 6000 2
1 2 7 61 6000 2
1 2 19 10 6000 2
1 2 41 13 6000 2
1 2 42 20 6000 2
1 2 33 15 6000 2
1 2 26 4 8000 2
1 2 46 21 8000 2
1 2 48 42 8000 2
1 2 12 55 8000 2
1 2 44 28 8000 2
1 2 46 35 8000 2
1 2 48 49 8000 2
1 2 26 31 8000 2
1 2 49 30 8000 2
1 2 48 11 8000 2
1 2 0 53 8000 2
1 2 38 58 8000 2
1 2 45 35 8000 2
1 2 42 9 8000 2
1 2 9 0 8000 2
1 2 49 46 8000 2
1 2 45 41 8000 2
1 2 20 46 10000 2
1 2 58 30 10000 2
1 2 22 25 10000 2
1 2 21 43 10000 2
1 2 62 5 10000 2
1 2 38 35 10000 2
1 2 32 49 10000 2
1 2 37 8 10000 2
1 2 9 3 10000 2
1 2 9 8 10000 2
1 2 59 50 10000 2
1 2 18 38 10000 2
1 2 59 23 10000 2
1 2 56 42 10000 2
1 2 47 43 10000 2
1 2 30 21 10000 2
1 2 57 38 10000 2
