10 11 26 49 2000 2
10 11 60 55 2000 2
10 11 53 30 2000 2
10 11 21 25 2000 2
10 11 19 48 2000 2
10 11 10 36 2000 2
10 11 2 5 2000 2
10 11 62 39 2000 2
10 11 0 63 2000 2
10 11 26 57 2000 2
10 11 37 56 2000 2
10 11 4 15 2000 2
10 11 41 0 2000 2
10 11 3 28 2000 2
10 11 17 47 2000 2
10 11 30 8 2000 2
10 11 10 47 4000 2
10 11 1 14 4000 2
10 11 22 19 4000 2
10 11 53 19 4000 2
10 11 19 42 4000 2
10 11 28 2 4000 2
10 11 17 22 4000 2
10 11 1 42 4000 2
10 11 58 23 4000 2
10 11 56 16 4000 2
10 11 27 29 4000 2
10 11 23 50 4000 2
10 11 13 53 4000 2
10 11 26 16 4000 2
10 11 7 1 4000 2
10 11 30 40 4000 2
10 11 13 4 6000 2
10 11 15 6 6000 2
10 11 31 0 6000 2
10 11 4 11 6000 2
10 11 0 9 6000 2
10 11 28 2 6000 2
10 11 4 16 6000 2
10 11 23 48 6000 2
10 11 2 45 6000 2
10 11 43 55 6000 2
10 11 41 47 6000 2
10 11 61 7 6000 2
10 11 4 49 6000 2
10 11 8 24 6000 2
10 11 5 62 6000 2
10 11 22 21 6000 2
10 11 44 60 6000 2
10 11 46 30 6000 2
10 11 59 57 8000 2
10 11 36 56 8000 2
10 11 61 42 8000 2
10 11 54 20 8000 2
10 11 27 36 8000 2
10 11 15 55 8000 2
10 11 23 60 8000 2
10 11 63 23 8000 2
10 11 60 63 8000 2
10 11 37 13 8000 2
10 11 12 31 8000 2
10 11 16 52 8000 2
10 11 41 48 8000 2
10 11 28 47 8000 2
10 11 41 33 8000 2
10 11 55 17 8000 2
10 11 13 55 8000 2
10 11 0 25 8000 2
10 11 12 30 8000 2
10 11 18 24 8000 2
10 11 47 46 8000 2
10 11 24 6 8000 2
10 11 58 37 8000 2
10 11 7 55 8000 2
10 11 2 15 8000 2
10 11 26 47 8000 2
10 11 42 46 8000 2
10 11 28 16 10000 2
10 11 61 10 10000 2
10 11 63 20 10000 2
10 11 3 7 10000 2
10 11 0 56 10000 2
10 11 36 16 10000 2
10 11 22 0 10000 2
10 11 45 38 10000 2
10 11 25 31 10000 2
10 11 51 19 10000 2
10 11 62 14 10000 2
10 11 20 23 10000 2
10 11 54 34 10000 2
10 11 29 41 10000 2
10 11 5 61 10000 2
10 11 28 62 10000 2
10 11 34 26 10000 2
10 11 1 0 10000 2
