2 3 30 8 2000 2
2 3 40 18 2000 2
2 3 5 24 2000 2
2 3 42 56 2000 2
2 3 19 28 2000 2
2 3 12 47 2000 2
2 3 41 46 2000 2
2 3 13 11 2000 2
2 3 3 27 2000 2
2 3 9 4 2000 2
2 3 30 5 2000 2
2 3 51 26 2000 2
2 3 49 30 2000 2
2 3 58 17 2000 2
2 3 17 24 2000 2
2 3 39 16 2000 2
2 3 20 50 2000 2
2 3 50 61 2000 2
2 3 53 27 4000 2
2 3 21 35 4000 2
2 3 60 50 4000 2
2 3 61 51 4000 2
2 3 16 48 4000 2
2 3 1 33 4000 2
2 3 44 59 4000 2
2 3 61 9 4000 2
2 3 5 33 4000 2
2 3 2 15 4000 2
2 3 26 36 4000 2
2 3 9 21 4000 2
2 3 16 24 4000 2
2 3 39 13 4000 2
2 3 59 23 4000 2
2 3 42 5 4000 2
2 3 51 54 4000 2
2 3 61 26 6000 2
2 3 3 27 6000 2
2 3 56 9 6000 2
2 3 21 47 6000 2
2 3 46 35 6000 2
2 3 3 35 6000 2
2 3 31 48 6000 2
2 3 63 46 6000 2
2 3 6 44 6000 2
2 3 17 37 6000 2
2 3 34 19 6000 2
2 3 63 6 6000 2
2 3 24 36 6000 2
2 3 16 35 6000 2
2 3 35 62 6000 2
2 3 43 59 6000 2
2 3 30 57 6000 2
2 3 14 57 8000 2
2 3 31 44 8000 2
2 3 52 51 8000 2
2 3 16 53 8000 2
2 3 1 9 8000 2
2 3 52 13 8000 2
2 3 53 24 8000 2
2 3 15 59 8000 2
2 3 50 13 8000 2
2 3 7 10 8000 2
2 3 23 61 8000 2
2 3 48 23 8000 2
2 3 45 29 8000 2
2 3 62 53 8000 2
2 3 0 28 8000 2
2 3 14 0 8000 2
2 3 14 50 8000 2
2 3 5 34 8000 2
2 3 38 37 10000 2
2 3 55 27 10000 2
2 3 63 11 10000 2
2 3 59 30 10000 2
2 3 13 22 10000 2
2 3 34 7 10000 2
2 3 4 48 10000 2
2 3 55 56 10000 2
2 3 28 5 10000 2
2 3 46 34 10000 2
2 3 10 35 10000 2
2 3 13 27 10000 2
