7 8 55 25 2000 2
7 8 7 26 2000 2
7 8 45 18 2000 2
7 8 47 16 2000 2
7 8 4 44 2000 2
7 8 60 39 2000 2
7 8 16 25 2000 2
7 8 23 63 2000 2
7 8 23 53 2000 2
7 8 50 54 2000 2
7 8 26 9 2000 2
7 8 9 43 2000 2
7 8 51 48 2000 2
7 8 8 26 2000 2
7 8 15 33 2000 2
7 8 23 10 4000 2
7 8 62 38 4000 2
7 8 20 34 4000 2
7 8 53 62 4000 2
7 8 56 45 4000 2
7 8 24 63 4000 2
7 8 38 61 4000 2
7 8 34 49 4000 2
7 8 41 57 4000 2
7 8 34 38 4000 2
7 8 2 36 4000 2
7 8 40 22 4000 2
7 8 50 1 4000 2
7 8 11 43 4000 2
7 8 57 4 4000 2
7 8 3 44 4000 2
7 8 59 60 4000 2
7 8 23 38 4000 2
7 8 33 50 4000 2
7 8 23 59 4000 2
7 8 45 38 4000 2
7 8 50 7 6000 2
7 8 52 28 6000 2
7 8 31 28 6000 2
7 8 57 15 6000 2
7 8 38 12 6000 2
7 8 19 48 6000 2
7 8 17 32 6000 2
7 8 8 10 6000 2
7 8 1 32 6000 2
7 8 60 55 6000 2
7 8 38 39 6000 2
7 8 34 59 6000 2
7 8 24 50 6000 2
7 8 52 18 6000 2
7 8 20 40 6000 2
7 8 59 63 6000 2
7 8 0 50 6000 2
7 8 42 37 6000 2
7 8 7 24 6000 2
7 8 23 56 8000 2
7 8 41 27 8000 2
7 8 22 28 8000 2
7 8 2 4 8000 2
7 8 55 19 8000 2
7 8 61 26 8000 2
7 8 33 11 8000 2
7 8 27 13 8000 2
7 8 29 37 8000 2
7 8 63 3 8000 2
7 8 31 28 8000 2
7 8 46 6 8000 2
7 8 56 4 8000 2
7 8 15 21 8000 2
7 8 10 23 8000 2
7 8 49 31 8000 2
7 8 15 42 8000 2
7 8 24 51 8000 2
7 8 3 22 8000 2
7 8 26 20 8000 2
7 8 10 59 8000 2
7 8 37 22 10000 2
7 8 22 5 10000 2
7 8 0 43 10000 2
7 8 59 58 10000 2
7 8 42 61 10000 2
7 8 58 27 10000 2
7 8 29 63 10000 2
7 8 15 2 10000 2
7 8 63 37 10000 2
7 8 54 26 10000 2
7 8 56 28 10000 2
7 8 16 20 10000 2
7 8 48 41 10000 2
7 8 56 32 10000 2
7 8 15 6 10000 2
7 8 50 60 10000 2
7 8 46 31 10000 2
7 8 32 48 10000 2
7 8 41 23 10000 2
