6 7 32 3 2000 2
6 7 10 23 2000 2
6 7 20 2 2000 2
6 7 59 35 2000 2
6 7 5 63 2000 2
6 7 42 31 2000 2
6 7 50 31 2000 2
6 7 33 63 2000 2
6 7 1 10 2000 2
6 7 37 40 2000 2
6 7 10 5 2000 2
6 7 17 42 2000 2
6 7 13 43 2000 2
6 7 44 2 2000 2
6 7 56 47 2000 2
6 7 1 45 2000 2
6 7 62 30 2000 2
6 7 58 13 2000 2
6 7 26 10 2000 2
6 7 10 45 4000 2
6 7 40 56 4000 2
6 7 5 36 4000 2
6 7 32 28 4000 2
6 7 7 62 4000 2
6 7 29 3 4000 2
6 7 40 59 4000 2
6 7 60 2 4000 2
6 7 21 1 4000 2
6 7 61 62 4000 2
6 7 26 1 4000 2
6 7 47 30 4000 2
6 7 24 5 4000 2
6 7 10 30 4000 2
6 7 3 36 4000 2
6 7 35 53 4000 2
6 7 46 59 4000 2
6 7 5 43 4000 2
6 7 42 34 6000 2
6 7 52 48 6000 2
6 7 58 42 6000 2
6 7 10 13 6000 2
6 7 39 7 6000 2
6 7 59 27 6000 2
6 7 51 30 6000 2
6 7 51 16 6000 2
6 7 31 24 6000 2
6 7 25 52 6000 2
6 7 39 21 6000 2
6 7 11 24 6000 2
6 7 16 34 6000 2
6 7 50 8 6000 2
6 7 45 6 6000 2
6 7 56 12 6000 2
6 7 23 37 6000 2
6 7 59 19 6000 2
6 7 49 7 6000 2
6 7 34 20 6000 2
6 7 30 20 8000 2
6 7 14 17 8000 2
6 7 60 10 8000 2
6 7 27 14 8000 2
6 7 52 48 8000 2
6 7 15 19 8000 2
6 7 26 36 8000 2
6 7 52 45 8000 2
6 7 37 45 8000 2
6 7 61 29 8000 2
6 7 11 23 8000 2
6 7 30 49 8000 2
6 7 43 10 8000 2
6 7 31 9 8000 2
6 7 49 17 8000 2
6 7 14 15 8000 2
6 7 14 12 8000 2
6 7 37 57 8000 2
6 7 18 49 10000 2
6 7 50 55 10000 2
6 7 56 54 10000 2
6 7 46 36 10000 2
6 7 51 12 10000 2
6 7 33 9 10000 2
6 7 19 9 10000 2
6 7 0 1 10000 2
6 7 0 1 10000 2
6 7 28 39 10000 2
6 7 0 7 10000 2
6 7 6 30 10000 2
6 7 54 23 10000 2
6 7 15 58 10000 2
6 7 20 27 10000 2
6 7 14 39 10000 2
6 7 19 35 10000 2
6 7 63 24 10000 2
6 7 33 17 10000 2
6 7 46 50 10000 2
6 7 18 63 10000 2
6 7 27 30 10000 2
