14 15 44 9 2000 2
14 15 44 15 2000 2
14 15 11 18 2000 2
14 15 23 18 2000 2
14 15 55 37 2000 2
14 15 15 43 2000 2
14 15 4 12 2000 2
14 15 18 32 2000 2
14 15 9 27 2000 2
14 15 2 0 2000 2
14 15 30 42 2000 2
14 15 55 9 2000 2
14 15 13 5 2000 2
14 15 21 22 2000 2
14 15 1 43 2000 2
14 15 35 5 2000 2
14 15 38 20 2000 2
14 15 57 8 2000 2
14 15 43 60 2000 2
14 15 47 11 2000 2
14 15 3 22 4000 2
14 15 42 18 4000 2
14 15 54 41 4000 2
14 15 12 50 4000 2
14 15 7 57 4000 2
14 15 59 23 4000 2
14 15 17 20 4000 2
14 15 29 41 4000 2
14 15 25 21 4000 2
14 15 21 16 4000 2
14 15 24 5 4000 2
14 15 43 40 4000 2
14 15 48 50 4000 2
14 15 52 38 4000 2
14 15 14 8 6000 2
14 15 54 12 6000 2
14 15 16 49 6000 2
14 15 16 47 6000 2
14 15 57 62 6000 2
14 15 6 47 6000 2
14 15 45 50 6000 2
14 15 4 47 6000 2
14 15 35 4 6000 2
14 15 18 57 6000 2
14 15 35 49 6000 2
14 15 3 56 6000 2
14 15 61 21 6000 2
14 15 46 53 6000 2
14 15 24 42 6000 2
14 15 27 10 6000 2
14 15 43 51 6000 2
14 15 29 24 6000 2
14 15 11 40 6000 2
14 15 23 6 6000 2
14 15 63 12 8000 2
14 15 11 37 8000 2
14 15 31 35 8000 2
14 15 57 45 8000 2
14 15 34 23 8000 2
14 15 16 47 8000 2
14 15 3 18 8000 2
14 15 28 10 8000 2
14 15 14 17 8000 2
14 15 61 28 8000 2
14 15 2 15 8000 2
14 15 47 49 8000 2
14 15 29 50 8000 2
14 15 36 47 8000 2
14 15 40 19 8000 2
14 15 2 44 8000 2
14 15 10 61 8000 2
14 15 45 60 8000 2
14 15 40 62 8000 2
14 15 1 39 8000 2
14 15 49 41 10000 2
14 15 42 25 10000 2
14 15 33 31 10000 2
14 15 1 9 10000 2
14 15 63 10 10000 2
14 15 53 60 10000 2
14 15 25 55 10000 2
14 15 1 52 10000 2
14 15 35 26 10000 2
14 15 6 53 10000 2
14 15 15 8 10000 2
14 15 53 17 10000 2
