12 13 37 0 2000 2
12 13 46 2 2000 2
12 13 58 45 2000 2
12 13 35 26 2000 2
12 13 43 34 2000 2
12 13 53 45 2000 2
12 13 52 12 2000 2
12 13 30 43 2000 2
12 13 3 2 2000 2
12 13 5 4 2000 2
12 13 46 12 2000 2
12 13 36 52 2000 2
12 13 8 62 2000 2
12 13 45 40 2000 2
12 13 37 19 2000 2
12 13 63 3 2000 2
12 13 30 55 2000 2
12 13 58 39 2000 2
12 13 1 14 2000 2
12 13 15 26 2000 2
12 13 57 9 2000 2
12 13 27 14 2000 2
12 13 24 19 2000 2
12 13 19 15 2000 2
12 13 23 7 4000 2
12 13 0 39 4000 2
12 13 13 17 4000 2
12 13 0 4 4000 2
12 13 48 7 4000 2
12 13 62 10 4000 2
12 13 3 4 4000 2
12 13 30 56 4000 2
12 13 52 11 4000 2
12 13 26 42 4000 2
12 13 57 40 4000 2
12 13 31 38 4000 2
12 13 33 0 4000 2
12 13 47 50 4000 2
12 13 46 34 4000 2
12 13 60 44 4000 2
12 13 0 56 4000 2
12 13 9 48 4000 2
12 13 45 53 4000 2
12 13 0 42 4000 2
12 13 3 52 4000 2
12 13 54 32 4000 2
12 13 9 10 4000 2
12 13 49 20 4000 2
12 13 44 11 6000 2
12 13 38 14 6000 2
12 13 40 43 6000 2
12 13 6 38 6000 2
12 13 39 18 6000 2
12 13 8 61 6000 2
12 13 38 18 6000 2
12 13 52 32 6000 2
12 13 52 24 6000 2
12 13 18 62 6000 2
12 13 46 53 6000 2
12 13 45 7 6000 2
12 13 29 14 6000 2
12 13 48 20 6000 2
12 13 53 39 6000 2
12 13 8 13 6000 2
12 13 5 57 6000 2
12 13 33 22 6000 2
12 13 25 14 6000 2
12 13 41 4 6000 2
12 13 55 37 6000 2
12 13 27 15 6000 2
12 13 34 21 6000 2
12 13 33 55 6000 2
12 13 20 34 6000 2
12 13 49 58 6000 2
12 13 54 52 6000 2
12 13 16 11 8000 2
12 13 51 4 8000 2
12 13 61 19 8000 2
12 13 19 5 8000 2
12 13 24 58 8000 2
12 13 51 22 8000 2
12 13 20 7 8000 2
12 13 40 57 8000 2
12 13 42 3 8000 2
12 13 25 2 8000 2
12 13 55 41 8000 2
12 13 25 40 8000 2
12 13 31 30 8000 2
12 13 11 29 8000 2
12 13 62 49 8000 2
12 13 49 5 8000 2
12 13 44 30 8000 2
12 13 46 7 8000 2
12 13 40 38 8000 2
12 13 30 17 8000 2
12 13 8 32 10000 2
12 13 20 39 10000 2
12 13 8 42 10000 2
12 13 18 26 10000 2
12 13 59 41 10000 2
12 13 10 42 10000 2
12 13 47 31 10000 2
12 13 36 14 10000 2
12 13 7 38 10000 2
12 13 16 3 10000 2
12 13 28 35 10000 2
12 13 56 34 10000 2
12 13 3 19 10000 2
12 13 9 17 10000 2
12 13 62 9 10000 2
12 13 23 37 10000 2
12 13 27 4 10000 2
12 13 6 8 10000 2
12 13 48 23 10000 2
12 13 56 42 10000 2
12 13 2 47 10000 2
12 13 1 32 10000 2
12 13 46 16 10000 2
12 13 6 0 10000 2
12 13 8 4 10000 2
