0 1 0 23 2000 2
0 1 28 35 2000 2
0 1 9 28 2000 2
0 1 39 1 2000 2
0 1 52 9 2000 2
0 1 35 4 2000 2
0 1 7 63 2000 2
0 1 29 11 2000 2
0 1 61 1 2000 2
0 1 42 24 2000 2
0 1 6 24 2000 2
0 1 10 34 2000 2
0 1 4 14 2000 2
0 1 19 0 2000 2
0 1 41 38 2000 2
0 1 14 28 2000 2
0 1 55 21 2000 2
0 1 60 51 2000 2
0 1 57 20 4000 2
0 1 3 40 4000 2
0 1 51 38 4000 2
0 1 31 42 4000 2
0 1 54 19 4000 2
0 1 2 17 4000 2
0 1 6 38 4000 2
0 1 40 24 4000 2
0 1 61 12 4000 2
0 1 27 50 4000 2
0 1 10 45 4000 2
0 1 27 9 4000 2
0 1 4 58 4000 2
0 1 56 61 4000 2
0 1 41 12 4000 2
0 1 56 48 4000 2
0 1 21 52 6000 2
0 1 23 63 6000 2
0 1 8 4 6000 2
0 1 42 3 6000 2
0 1 26 11 6000 2
0 1 51 15 6000 2
0 1 15 40 6000 2
0 1 49 58 6000 2
0 1 8 57 6000 2
0 1 10 33 6000 2
0 1 56 18 6000 2
0 1 34 8 6000 2
0 1 5 59 6000 2
0 1 14 4 6000 2
0 1 28 59 6000 2
0 1 20 14 6000 2
0 1 49 37 6000 2
0 1 27 6 6000 2
0 1 5 14 6000 2
0 1 12 54 6000 2
0 1 62 54 6000 2
0 1 28 39 6000 2
0 1 58 39 6000 2
0 1 16 37 6000 2
0 1 32 9 6000 2
0 1 2 56 6000 2
0 1 0 34 6000 2
0 1 56 5 8000 2
0 1 3 55 8000 2
0 1 42 30 8000 2
0 1 31 10 8000 2
0 1 2 25 8000 2
0 1 56 47 8000 2
0 1 16 4 8000 2
0 1 10 50 8000 2
0 1 41 53 8000 2
0 1 24 2 8000 2
0 1 40 12 8000 2
0 1 41 13 8000 2
0 1 47 8 8000 2
0 1 53 5 8000 2
0 1 18 33 8000 2
0 1 21 44 8000 2
0 1 62 54 8000 2
0 1 37 41 8000 2
0 1 58 27 8000 2
0 1 38 40 8000 2
0 1 55 62 8000 2
0 1 56 38 8000 2
0 1 13 25 8000 2
0 1 14 13 8000 2
0 1 44 23 8000 2
0 1 48 42 10000 2
0 1 49 50 10000 2
0 1 42 7 10000 2
0 1 11 35 10000 2
0 1 40 37 10000 2
0 1 4 20 10000 2
0 1 0 33 10000 2
0 1 56 11 10000 2
0 1 62 24 10000 2
0 1 35 20 10000 2
0 1 9 8 10000 2
0 1 57 21 10000 2
0 1 27 51 10000 2
0 1 39 3 10000 2
0 1 19 59 10000 2
0 1 37 16 10000 2
0 1 52 6 10000 2
0 1 56 21 10000 2
0 1 40 42 10000 2
0 1 59 28 10000 2
0 1 0 17 10000 2
0 1 34 32 10000 2
0 1 54 19 10000 2
0 1 33 56 10000 2
0 1 50 41 10000 2
