15 0 48 7 2000 2
15 0 31 20 2000 2
15 0 36 2 2000 2
15 0 29 52 2000 2
15 0 39 51 2000 2
15 0 27 50 2000 2
15 0 59 23 2000 2
15 0 49 58 2000 2
15 0 33 13 2000 2
15 0 39 44 2000 2
15 0 39 10 2000 2
15 0 9 42 2000 2
15 0 3 43 2000 2
15 0 58 11 2000 2
15 0 17 51 2000 2
15 0 21 35 2000 2
15 0 13 22 2000 2
15 0 12 59 2000 2
15 0 53 37 2000 2
15 0 24 0 4000 2
15 0 44 12 4000 2
15 0 26 11 4000 2
15 0 19 9 4000 2
15 0 40 3 4000 2
15 0 27 57 4000 2
15 0 20 3 4000 2
15 0 4 62 4000 2
15 0 8 18 4000 2
15 0 59 41 4000 2
15 0 13 14 4000 2
15 0 49 51 4000 2
15 0 20 41 4000 2
15 0 50 34 4000 2
15 0 17 48 4000 2
15 0 63 62 6000 2
15 0 54 58 6000 2
15 0 42 45 6000 2
15 0 46 42 6000 2
15 0 58 40 6000 2
15 0 20 40 6000 2
15 0 60 32 6000 2
15 0 60 34 6000 2
15 0 22 41 6000 2
15 0 63 59 6000 2
15 0 35 11 6000 2
15 0 46 30 6000 2
15 0 37 4 6000 2
15 0 31 30 6000 2
15 0 45 61 6000 2
15 0 53 21 6000 2
15 0 13 38 6000 2
15 0 56 37 6000 2
15 0 61 63 8000 2
15 0 25 43 8000 2
15 0 4 59 8000 2
15 0 18 1 8000 2
15 0 32 36 8000 2
15 0 7 19 8000 2
15 0 21 44 8000 2
15 0 6 26 8000 2
15 0 18 24 8000 2
15 0 24 61 8000 2
15 0 29 11 8000 2
15 0 45 23 8000 2
15 0 39 44 8000 2
15 0 20 54 8000 2
15 0 30 44 8000 2
15 0 39 15 8000 2
15 0 46 63 8000 2
15 0 30 39 10000 2
15 0 52 38 10000 2
15 0 58 50 10000 2
15 0 59 33 10000 2
15 0 17 6 10000 2
15 0 36 27 10000 2
15 0 61 30 10000 2
15 0 23 11 10000 2
15 0 23 37 10000 2
15 0 49 39 10000 2
15 0 38 19 10000 2
