4 5 45 8 2000 2
4 5 54 41 2000 2
4 5 46 42 2000 2
4 5 2 60 2000 2
4 5 11 53 2000 2
4 5 24 14 2000 2
4 5 49 63 2000 2
4 5 5 56 2000 2
4 5 11 46 2000 2
4 5 47 48 2000 2
4 5 30 14 2000 2
4 5 10 8 2000 2
4 5 47 60 2000 2
4 5 53 39 2000 2
4 5 0 55 2000 2
4 5 54 43 2000 2
4 5 48 21 2000 2
4 5 23 17 2000 2
4 5 56 4 2000 2
4 5 4 58 2000 2
4 5 54 27 2000 2
4 5 36 0 2000 2
4 5 51 37 2000 2
4 5 36 33 2000 2
4 5 21 61 2000 2
4 5 40 32 2000 2
4 5 21 48 4000 2
4 5 5 52 4000 2
4 5 28 4 4000 2
4 5 11 39 4000 2
4 5 0 61 4000 2
4 5 29 24 4000 2
4 5 16 53 4000 2
4 5 32 23 4000 2
4 5 20 12 4000 2
4 5 46 40 4000 2
4 5 30 5 4000 2
4 5 8 20 4000 2
4 5 15 19 4000 2
4 5 48 54 4000 2
4 5 42 28 4000 2
4 5 7 6 4000 2
4 5 0 56 4000 2
4 5 46 24 4000 2
4 5 37 58 4000 2
4 5 53 56 4000 2
4 5 12 63 4000 2
4 5 49 32 4000 2
4 5 36 27 4000 2
4 5 5 38 4000 2
4 5 4 12 4000 2
4 5 31 30 4000 2
4 5 12 21 4000 2
4 5 15 18 4000 2
4 5 53 29 4000 2
4 5 62 59 6000 2
4 5 55 57 6000 2
4 5 25 59 6000 2
4 5 13 28 6000 2
4 5 12 31 6000 2
4 5 36 9 6000 2
4 5 46 31 6000 2
4 5 23 7 6000 2
4 5 51 62 6000 2
4 5 31 42 6000 2
4 5 39 38 6000 2
4 5 19 56 6000 2
4 5 15 41 6000 2
4 5 41 46 6000 2
4 5 30 53 6000 2
4 5 17 41 6000 2
4 5 30 37 6000 2
4 5 26 11 6000 2
4 5 14 9 6000 2
4 5 26 42 6000 2
4 5 14 38 6000 2
4 5 17 44 6000 2
4 5 26 59 6000 2
4 5 26 61 8000 2
4 5 44 32 8000 2
4 5 54 11 8000 2
4 5 58 24 8000 2
4 5 18 51 8000 2
4 5 12 9 8000 2
4 5 19 2 8000 2
4 5 7 8 8000 2
4 5 2 47 8000 2
4 5 2 41 8000 2
4 5 6 37 8000 2
4 5 33 48 8000 2
4 5 63 27 8000 2
4 5 58 23 8000 2
4 5 44 26 8000 2
4 5 22 31 8000 2
4 5 4 12 10000 2
4 5 6 11 10000 2
4 5 7 63 10000 2
4 5 31 22 10000 2
4 5 27 11 10000 2
4 5 45 60 10000 2
4 5 32 3 10000 2
4 5 23 57 10000 2
4 5 61 55 10000 2
4 5 46 20 10000 2
4 5 43 17 10000 2
4 5 17 16 10000 2
4 5 22 53 10000 2
4 5 47 14 10000 2
4 5 2 25 10000 2
4 5 39 31 10000 2
4 5 56 35 10000 2
