11 12 52 45 2000 2
11 12 61 39 2000 2
11 12 62 39 2000 2
11 12 56 4 2000 2
11 12 52 6 2000 2
11 12 5 21 2000 2
11 12 62 39 2000 2
11 12 24 27 2000 2
11 12 48 52 2000 2
11 12 29 14 2000 2
11 12 43 13 2000 2
11 12 8 49 2000 2
11 12 16 48 2000 2
11 12 18 32 2000 2
11 12 54 0 2000 2
11 12 55 62 4000 2
11 12 18 23 4000 2
11 12 18 32 4000 2
11 12 49 16 4000 2
11 12 5 11 4000 2
11 12 25 49 4000 2
11 12 26 37 4000 2
11 12 16 58 4000 2
11 12 30 12 4000 2
11 12 49 29 4000 2
11 12 28 24 4000 2
11 12 33 45 4000 2
11 12 19 1 4000 2
11 12 46 4 4000 2
11 12 15 14 4000 2
11 12 47 42 4000 2
11 12 55 24 4000 2
11 12 20 28 4000 2
11 12 54 14 4000 2
11 12 9 59 6000 2
11 12 36 3 6000 2
11 12 0 54 6000 2
11 12 22 62 6000 2
11 12 8 9 6000 2
11 12 13 41 6000 2
11 12 24 31 6000 2
11 12 38 41 6000 2
11 12 5 1 6000 2
11 12 18 49 6000 2
11 12 32 27 6000 2
11 12 27 26 6000 2
11 12 18 0 6000 2
11 12 40 15 6000 2
11 12 63 2 8000 2
11 12 20 32 8000 2
11 12 50 60 8000 2
11 12 28 27 8000 2
11 12 31 17 8000 2
11 12 23 9 8000 2
11 12 17 7 8000 2
11 12 13 14 8000 2
11 12 25 5 8000 2
11 12 19 20 8000 2
11 12 22 4 8000 2
11 12 40 60 8000 2
11 12 30 21 8000 2
11 12 42 5 8000 2
11 12 60 56 8000 2
11 12 58 8 8000 2
11 12 48 32 8000 2
11 12 6 35 8000 2
11 12 25 47 10000 2
11 12 18 29 10000 2
11 12 28 20 10000 2
11 12 0 7 10000 2
11 12 2 29 10000 2
11 12 52 53 10000 2
11 12 62 50 10000 2
11 12 36 45 10000 2
11 12 8 36 10000 2
11 12 1 53 10000 2
11 12 42 62 10000 2
11 12 29 27 10000 2
11 12 36 59 10000 2
11 12 38 51 10000 2
11 12 12 47 10000 2
11 12 7 23 10000 2
11 12 8 61 10000 2
