5 6 55 35 2000 2
5 6 15 44 2000 2
5 6 13 21 2000 2
5 6 34 16 2000 2
5 6 37 34 2000 2
5 6 34 16 2000 2
5 6 43 57 2000 2
5 6 9 41 2000 2
5 6 60 16 2000 2
5 6 32 41 2000 2
5 6 19 29 2000 2
5 6 25 27 4000 2
5 6 60 0 4000 2
5 6 45 14 4000 2
5 6 59 51 4000 2
5 6 58 12 4000 2
5 6 28 11 4000 2
5 6 29 13 4000 2
5 6 55 39 4000 2
5 6 30 29 4000 2
5 6 20 0 4000 2
5 6 30 33 4000 2
5 6 58 43 4000 2
5 6 42 43 4000 2
5 6 37 4 4000 2
5 6 32 59 4000 2
5 6 19 44 4000 2
5 6 49 47 4000 2
5 6 8 63 4000 2
5 6 7 35 4000 2
5 6 36 31 6000 2
5 6 63 3 6000 2
5 6 20 46 6000 2
5 6 41 34 6000 2
5 6 4 20 6000 2
5 6 18 55 6000 2
5 6 52 55 6000 2
5 6 47 42 6000 2
5 6 40 37 6000 2
5 6 5 40 6000 2
5 6 1 19 6000 2
5 6 49 47 6000 2
5 6 16 3 6000 2
5 6 9 23 6000 2
5 6 19 63 6000 2
5 6 12 35 6000 2
5 6 23 16 8000 2
5 6 42 19 8000 2
5 6 18 14 8000 2
5 6 55 29 8000 2
5 6 10 42 8000 2
5 6 32 35 8000 2
5 6 37 25 8000 2
5 6 42 38 8000 2
5 6 21 12 8000 2
5 6 48 52 8000 2
5 6 35 55 8000 2
5 6 39 36 8000 2
5 6 32 10 8000 2
5 6 25 41 8000 2
5 6 53 41 8000 2
5 6 5 9 8000 2
5 6 15 5 8000 2
5 6 27 28 8000 2
5 6 53 35 8000 2
5 6 9 44 8000 2
5 6 12 46 8000 2
5 6 8 29 10000 2
5 6 16 19 10000 2
5 6 25 37 10000 2
5 6 34 0 10000 2
5 6 22 30 10000 2
5 6 59 14 10000 2
5 6 33 61 10000 2
5 6 28 12 10000 2
5 6 15 3 10000 2
5 6 12 5 10000 2
5 6 51 24 10000 2
5 6 57 55 10000 2
5 6 62 37 10000 2
5 6 34 36 10000 2
5 6 63 37 10000 2
5 6 17 34 10000 2
5 6 9 55 10000 2
5 6 61 8 10000 2
5 6 32 0 10000 2
5 6 0 13 10000 2
5 6 49 15 10000 2
5 6 53 47 10000 2
5 6 32 33 10000 2
5 6 0 9 10000 2
5 6 2 60 10000 2
5 6 3 58 10000 2
5 6 49 3 10000 2
5 6 39 63 10000 2
