9 10 4 54 2000 2
9 10 36 6 2000 2
9 10 27 0 2000 2
9 10 34 44 2000 2
9 10 12 60 2000 2
9 10 33 3 2000 2
9 10 23 33 2000 2
9 10 53 50 2000 2
9 10 46 29 2000 2
9 10 33 57 2000 2
9 10 58 49 2000 2
9 10 42 17 2000 2
9 10 60 30 2000 2
9 10 33 30 2000 2
9 10 15 9 2000 2
9 10 26 17 2000 2
9 10 59 41 2000 2
9 10 25 27 4000 2
9 10 45 49 4000 2
9 10 3 50 4000 2
9 10 16 14 4000 2
9 10 23 47 4000 2
9 10 10 5 4000 2
9 10 34 22 4000 2
9 10 56 28 4000 2
9 10 34 28 4000 2
9 10 12 1 4000 2
9 10 14 48 4000 2
9 10 24 5 4000 2
9 10 4 31 4000 2
9 10 18 47 4000 2
9 10 63 12 4000 2
9 10 12 23 4000 2
9 10 17 36 4000 2
9 10 7 62 4000 2
9 10 36 43 4000 2
9 10 58 32 6000 2
9 10 32 25 6000 2
9 10 51 42 6000 2
9 10 60 17 6000 2
9 10 33 53 6000 2
9 10 8 46 6000 2
9 10 47 8 6000 2
9 10 18 42 6000 2
9 10 59 32 6000 2
9 10 51 41 6000 2
9 10 14 35 6000 2
9 10 24 21 6000 2
9 10 56 18 6000 2
9 10 26 20 6000 2
9 10 21 61 8000 2
9 10 45 62 8000 2
9 10 2 54 8000 2
9 10 48 21 8000 2
9 10 57 61 8000 2
9 10 38 14 8000 2
9 10 28 43 8000 2
9 10 56 36 8000 2
9 10 32 44 8000 2
9 10 26 61 8000 2
9 10 17 23 8000 2
9 10 50 4 8000 2
9 10 51 63 8000 2
9 10 19 7 8000 2
9 10 4 11 8000 2
9 10 57 7 8000 2
9 10 47 26 8000 2
9 10 26 22 8000 2
9 10 57 55 8000 2
9 10 7 8 8000 2
9 10 44 42 8000 2
9 10 62 28 8000 2
9 10 28 6 8000 2
9 10 26 53 8000 2
9 10 50 53 10000 2
9 10 14 4 10000 2
9 10 20 39 10000 2
9 10 19 13 10000 2
9 10 51 34 10000 2
9 10 43 30 10000 2
9 10 33 63 10000 2
9 10 51 19 10000 2
9 10 37 30 10000 2
9 10 26 33 10000 2
9 10 22 59 10000 2
9 10 37 30 10000 2
9 10 60 12 10000 2
9 10 53 23 10000 2
9 10 14 11 10000 2
9 10 33 16 10000 2
9 10 5 31 10000 2
9 10 2 0 10000 2
9 10 60 19 10000 2
9 10 3 61 10000 2
