3 4 4 30 2000 2
3 4 41 39 2000 2
3 4 26 12 2000 2
3 4 22 52 2000 2
3 4 44 2 2000 2
3 4 1 23 2000 2
3 4 9 30 2000 2
3 4 56 58 2000 2
3 4 37 14 2000 2
3 4 13 45 2000 2
3 4 15 33 2000 2
3 4 53 2 2000 2
3 4 21 16 2000 2
3 4 25 29 2000 2
3 4 13 8 2000 2
3 4 39 30 2000 2
3 4 7 58 2000 2
3 4 36 9 2000 2
3 4 14 24 2000 2
3 4 61 39 2000 2
3 4 30 49 2000 2
3 4 3 46 2000 2
3 4 43 44 2000 2
3 4 29 49 2000 2
3 4 34 60 2000 2
3 4 7 4 2000 2
3 4 23 33 2000 2
3 4 28 41 2000 2
3 4 26 20 2000 2
3 4 15 56 2000 2
3 4 27 52 4000 2
3 4 5 63 4000 2
3 4 17 52 4000 2
3 4 43 54 4000 2
3 4 12 41 4000 2
3 4 36 29 4000 2
3 4 43 47 4000 2
3 4 50 30 4000 2
3 4 55 56 4000 2
3 4 61 1 4000 2
3 4 55 43 4000 2
3 4 48 42 4000 2
3 4 60 19 4000 2
3 4 38 24 4000 2
3 4 16 60 4000 2
3 4 54 53 4000 2
3 4 2 14 4000 2
3 4 40 25 4000 2
3 4 57 34 4000 2
3 4 5 47 4000 2
3 4 61 20 6000 2
3 4 9 14 6000 2
3 4 21 62 6000 2
3 4 15 13 6000 2
3 4 22 15 6000 2
3 4 63 47 6000 2
3 4 28 18 6000 2
3 4 5 17 6000 2
3 4 0 39 6000 2
3 4 37 45 6000 2
3 4 52 27 6000 2
3 4 51 24 6000 2
3 4 31 7 6000 2
3 4 39 50 6000 2
3 4 49 4 6000 2
3 4 57 28 6000 2
3 4 6 39 6000 2
3 4 57 30 6000 2
3 4 36 14 6000 2
3 4 10 58 6000 2
3 4 53 4 6000 2
3 4 27 9 6000 2
3 4 35 39 6000 2
3 4 38 56 8000 2
3 4 30 63 8000 2
3 4 9 44 8000 2
3 4 31 56 8000 2
3 4 6 60 8000 2
3 4 33 50 8000 2
3 4 1 42 8000 2
3 4 62 49 8000 2
3 4 23 48 8000 2
3 4 21 50 8000 2
3 4 46 17 8000 2
3 4 3 63 8000 2
3 4 39 32 8000 2
3 4 3 43 8000 2
3 4 3 33 8000 2
3 4 23 5 8000 2
3 4 10 52 8000 2
3 4 55 14 8000 2
3 4 55 16 8000 2
3 4 62 13 8000 2
3 4 26 38 8000 2
3 4 4 26 8000 2
3 4 30 45 8000 2
3 4 55 0 8000 2
3 4 37 34 8000 2
3 4 19 41 10000 2
3 4 47 42 10000 2
3 4 47 46 10000 2
3 4 52 44 10000 2
3 4 10 3 10000 2
3 4 8 15 10000 2
3 4 33 39 10000 2
3 4 27 51 10000 2
3 4 50 49 10000 2
3 4 20 8 10000 2
3 4 21 34 10000 2
3 4 46 20 10000 2
3 4 16 30 10000 2
3 4 15 53 10000 2
3 4 33 36 10000 2
3 4 53 62 10000 2
3 4 42 23 10000 2
3 4 63 4 10000 2
3 4 12 62 10000 2
