13 14 41 34 2000 2
13 14 26 50 2000 2
13 14 60 18 2000 2
13 14 51 15 2000 2
13 14 9 45 2000 2
13 14 6 56 2000 2
13 14 38 61 2000 2
13 14 12 49 2000 2
13 14 38 9 2000 2
13 14 39 9 2000 2
13 14 63 14 2000 2
13 14 9 0 2000 2
13 14 32 40 2000 2
13 14 6 23 2000 2
13 14 17 34 4000 2
13 14 31 29 4000 2
13 14 36 56 4000 2
13 14 19 29 4000 2
13 14 31 57 4000 2
13 14 16 58 4000 2
13 14 28 30 4000 2
13 14 26 27 4000 2
13 14 36 50 4000 2
13 14 44 18 4000 2
13 14 56 32 4000 2
13 14 46 45 4000 2
13 14 19 9 4000 2
13 14 9 48 4000 2
13 14 48 45 4000 2
13 14 62 34 4000 2
13 14 9 49 4000 2
13 14 55 12 4000 2
13 14 29 18 6000 2
13 14 59 5 6000 2
13 14 24 31 6000 2
13 14 38 61 6000 2
13 14 13 54 6000 2
13 14 19 43 6000 2
13 14 30 27 6000 2
13 14 22 38 6000 2
13 14 56 39 6000 2
13 14 4 57 6000 2
13 14 8 30 6000 2
13 14 62 39 6000 2
13 14 41 7 6000 2
13 14 12 3 8000 2
13 14 7 0 8000 2
13 14 63 53 8000 2
13 14 55 15 8000 2
13 14 27 45 8000 2
13 14 61 5 8000 2
13 14 49 30 8000 2
13 14 23 30 8000 2
13 14 9 47 8000 2
13 14 45 55 8000 2
13 14 7 11 8000 2
13 14 3 4 8000 2
13 14 33 50 8000 2
13 14 53 18 10000 2
13 14 54 9 10000 2
13 14 33 55 10000 2
13 14 56 51 10000 2
13 14 30 55 10000 2
13 14 29 7 10000 2
13 14 47 26 10000 2
13 14 59 3 10000 2
13 14 18 10 10000 2
13 14 38 32 10000 2
13 14 24 10 10000 2
13 14 6 21 10000 2
13 14 41 1 10000 2
13 14 25 43 10000 2
13 14 29 30 10000 2
13 14 51 52 10000 2
13 14 39 17 10000 2
13 14 33 59 10000 2
13 14 21 35 10000 2
13 14 60 12 10000 2
