1 2 0 4 500 2
1 2 0 8 500 2
1 2 15 4 500 2
1 2 14 3 500 2
1 2 14 2 500 2
1 2 14 4 500 2
1 2 13 5 500 2
1 2 13 6 500 2
1 2 12 2 500 2
1 2 12 7 500 2
1 2 9 5 500 2
1 2 9 6 500 2
1 2 9 3 500 2
1 2 7 1 500 2
1 2 6 3 500 2
1 2 7 9 500 2
1 2 0 9 500 2
1 2 1 9 500 2
1 2 2 9 500 2
1 2 2 2 500 2
1 2 4 8 500 2
1 2 4 9 500 2
1 2 4 9 500 2
1 2 4 0 500 2
1 2 4 8 500 2
1 2 5 9 500 2
1 2 5 7 500 2
1 2 9 5 1000 2
1 2 10 9 1000 2
1 2 10 6 1000 2
1 2 10 9 1000 2
1 2 11 1 1000 2
1 2 11 0 1000 2
1 2 11 8 1000 2
1 2 12 3 1000 2
1 2 12 4 1000 2
1 2 12 1 1000 2
1 2 12 3 1000 2
1 2 12 9 1000 2
1 2 13 4 1000 2
1 2 13 4 1000 2
1 2 4 9 1000 2
1 2 7 1 1000 2
1 2 0 6 1000 2
1 2 1 5 1000 2
1 2 1 4 1000 2
1 2 2 7 1000 2
1 2 3 4 1000 2
1 2 4 4 1000 2
1 2 4 4 1000 2
1 2 5 9 1000 2
1 2 6 1 1000 2
1 2 6 6 1000 2
1 2 7 9 1000 2
1 2 7 7 1000 2
1 2 4 5 1000 2
1 2 13 2 1500 2
1 2 10 6 1500 2
1 2 11 6 1500 2
1 2 11 3 1500 2
1 2 12 9 1500 2
1 2 12 1 1500 2
1 2 12 6 1500 2
1 2 12 3 1500 2
1 2 12 5 1500 2
1 2 12 4 1500 2
1 2 14 9 1500 2
1 2 15 3 1500 2
1 2 15 6 1500 2
1 2 6 2 1500 2
1 2 7 7 1500 2
1 2 9 5 1500 2
1 2 1 9 1500 2
1 2 2 6 1500 2
1 2 2 2 1500 2
1 2 3 8 1500 2
1 2 3 1 1500 2
1 2 4 1 1500 2
1 2 4 9 1500 2
1 2 0 2 1500 2
1 2 6 5 1500 2
1 2 7 1 1500 2
1 2 7 5 1500 2
1 2 4 9 1500 2
1 2 7 3 2000 2
1 2 7 1 2000 2
1 2 8 7 2000 2
1 2 9 3 2000 2
1 2 9 0 2000 2
1 2 10 3 2000 2
1 2 11 9 2000 2
1 2 11 0 2000 2
1 2 11 5 2000 2
1 2 11 3 2000 2
1 2 12 1 2000 2
1 2 12 1 2000 2
1 2 13 8 2000 2
1 2 13 5 2000 2
1 2 14 1 2000 2
1 2 14 1 2000 2
1 2 14 4 2000 2
1 2 7 8 2000 2
1 2 0 4 2000 2
1 2 1 4 2000 2
1 2 1 8 2000 2
1 2 2 7 2000 2
1 2 3 9 2000 2
1 2 4 7 2000 2
1 2 5 9 2000 2
1 2 6 6 2000 2
1 2 6 7 2000 2
1 2 6 3 2000 2
1 2 6 0 2000 2
1 2 6 2 2000 2
1 2 6 4 2000 2
1 2 7 7 2000 2
1 2 5 9 2000 2
1 2 7 5 2500 2
1 2 7 7 2500 2
1 2 7 2 2500 2
1 2 9 7 2500 2
1 2 10 5 2500 2
1 2 11 1 2500 2
1 2 11 8 2500 2
1 2 12 4 2500 2
1 2 12 4 2500 2
1 2 13 5 2500 2
1 2 13 5 2500 2
1 2 14 6 2500 2
1 2 15 1 2500 2
1 2 12 4 2500 2
1 2 6 0 2500 2
1 2 6 1 2500 2
1 2 0 4 2500 2
1 2 0 1 2500 2
1 2 1 2 2500 2
1 2 1 2 2500 2
1 2 2 8 2500 2
1 2 0 2 2500 2
1 2 2 6 2500 2
1 2 3 0 2500 2
1 2 4 0 2500 2
1 2 5 3 2500 2
1 2 5 8 2500 2
1 2 5 8 2500 2
1 2 2 8 2500 2
1 2 9 7 3000 2
1 2 10 7 3000 2
1 2 10 3 3000 2
1 2 11 1 3000 2
1 2 11 2 3000 2
1 2 12 2 3000 2
1 2 12 6 3000 2
1 2 12 1 3000 2
1 2 13 3 3000 2
1 2 14 6 3000 2
1 2 14 9 3000 2
1 2 9 6 3000 2
1 2 7 2 3000 2
1 2 2 9 3000 2
1 2 3 9 3000 2
1 2 4 1 3000 2
1 2 4 8 3000 2
1 2 5 3 3000 2
1 2 5 3 3000 2
1 2 5 3 3000 2
1 2 6 2 3000 2
1 2 6 9 3000 2
1 2 7 7 3000 2
1 2 10 9 3500 2
1 2 5 2 3500 2
1 2 11 1 3500 2
1 2 11 4 3500 2
1 2 11 7 3500 2
1 2 12 7 3500 2
1 2 12 6 3500 2
1 2 13 4 3500 2
1 2 13 5 3500 2
1 2 14 5 3500 2
1 2 14 0 3500 2
1 2 15 6 3500 2
1 2 15 2 3500 2
1 2 15 2 3500 2
1 2 9 5 3500 2
1 2 0 6 3500 2
1 2 3 7 3500 2
1 2 4 4 3500 2
1 2 10 6 3500 2
1 2 5 6 3500 2
1 2 5 3 3500 2
1 2 5 4 3500 2
1 2 6 7 3500 2
1 2 7 2 3500 2
1 2 7 5 3500 2
1 2 7 5 3500 2
1 2 8 7 3500 2
1 2 9 5 3500 2
1 2 11 1 4000 2
1 2 11 5 4000 2
1 2 11 7 4000 2
1 2 11 0 4000 2
1 2 11 0 4000 2
1 2 11 0 4000 2
1 2 12 5 4000 2
1 2 12 4 4000 2
1 2 12 0 4000 2
1 2 13 6 4000 2
1 2 13 5 4000 2
1 2 15 2 4000 2
1 2 15 8 4000 2
1 2 15 8 4000 2
1 2 15 9 4000 2
1 2 8 2 4000 2
1 2 10 6 4000 2
1 2 10 9 4000 2
1 2 0 4 4000 2
1 2 1 0 4000 2
1 2 3 0 4000 2
1 2 4 5 4000 2
1 2 5 5 4000 2
1 2 5 0 4000 2
1 2 5 4 4000 2
1 2 7 9 4000 2
1 2 8 1 4000 2
1 2 9 5 4000 2
1 2 9 7 4000 2
1 2 9 5 4000 2
1 2 10 0 4000 2
1 2 7 2 4000 2
1 2 9 7 4500 2
1 2 10 4 4500 2
1 2 11 5 4500 2
1 2 11 4 4500 2
1 2 11 8 4500 2
1 2 11 0 4500 2
1 2 12 5 4500 2
1 2 12 5 4500 2
1 2 12 4 4500 2
1 2 13 6 4500 2
1 2 13 5 4500 2
1 2 13 7 4500 2
1 2 14 6 4500 2
1 2 15 6 4500 2
1 2 15 6 4500 2
1 2 15 1 4500 2
1 2 15 6 4500 2
1 2 15 0 4500 2
1 2 15 3 4500 2
1 2 8 7 4500 2
1 2 0 2 4500 2
1 2 0 1 4500 2
1 2 0 8 4500 2
1 2 0 1 4500 2
1 2 1 3 4500 2
1 2 2 6 4500 2
1 2 3 6 4500 2
1 2 3 0 4500 2
1 2 4 8 4500 2
1 2 4 8 4500 2
1 2 4 5 4500 2
1 2 5 6 4500 2
1 2 5 5 4500 2
1 2 6 7 4500 2
1 2 8 6 4500 2
1 2 9 8 4500 2
1 2 3 3 4500 2
1 2 8 6 5000 2
1 2 9 9 5000 2
1 2 9 5 5000 2
1 2 10 2 5000 2
1 2 10 1 5000 2
1 2 10 8 5000 2
1 2 11 6 5000 2
1 2 11 4 5000 2
1 2 11 4 5000 2
1 2 11 4 5000 2
1 2 12 8 5000 2
1 2 13 5 5000 2
1 2 13 8 5000 2
1 2 14 7 5000 2
1 2 15 8 5000 2
1 2 7 6 5000 2
1 2 8 9 5000 2
1 2 0 1 5000 2
1 2 0 7 5000 2
1 2 1 5 5000 2
1 2 1 5 5000 2
1 2 2 6 5000 2
1 2 2 9 5000 2
1 2 3 6 5000 2
1 2 4 8 5000 2
1 2 4 8 5000 2
1 2 4 1 5000 2
1 2 5 8 5000 2
1 2 5 5 5000 2
1 2 7 3 5000 2
1 2 7 6 5500 2
1 2 7 4 5500 2
1 2 8 9 5500 2
1 2 8 6 5500 2
1 2 8 6 5500 2
1 2 9 6 5500 2
1 2 9 1 5500 2
1 2 10 8 5500 2
1 2 11 5 5500 2
1 2 11 8 5500 2
1 2 11 4 5500 2
1 2 12 5 5500 2
1 2 13 4 5500 2
1 2 13 4 5500 2
1 2 15 9 5500 2
1 2 15 8 5500 2
1 2 15 0 5500 2
1 2 7 5 5500 2
1 2 0 9 5500 2
1 2 0 1 5500 2
1 2 1 0 5500 2
1 2 1 7 5500 2
1 2 1 9 5500 2
1 2 1 1 5500 2
1 2 1 3 5500 2
1 2 2 9 5500 2
1 2 3 0 5500 2
1 2 4 5 5500 2
1 2 4 0 5500 2
1 2 4 2 5500 2
1 2 5 5 5500 2
1 2 5 2 5500 2
1 2 5 0 5500 2
1 2 5 6 5500 2
1 2 6 1 5500 2
1 2 9 2 6000 2
1 2 10 9 6000 2
1 2 10 6 6000 2
1 2 10 1 6000 2
1 2 11 4 6000 2
1 2 11 5 6000 2
1 2 11 0 6000 2
1 2 11 0 6000 2
1 2 11 7 6000 2
1 2 12 8 6000 2
1 2 12 4 6000 2
1 2 13 0 6000 2
1 2 13 1 6000 2
1 2 15 5 6000 2
1 2 15 4 6000 2
1 2 8 7 6000 2
1 2 9 0 6000 2
1 2 1 5 6000 2
1 2 2 9 6000 2
1 2 2 9 6000 2
1 2 3 3 6000 2
1 2 3 3 6000 2
1 2 4 5 6000 2
1 2 4 2 6000 2
1 2 4 6 6000 2
1 2 6 1 6000 2
1 2 6 9 6000 2
1 2 7 0 6000 2
1 2 7 0 6000 2
1 2 7 6 6000 2
1 2 8 9 6000 2
1 2 5 8 6000 2
1 2 8 9 6500 2
1 2 9 8 6500 2
1 2 11 7 6500 2
1 2 11 9 6500 2
1 2 12 9 6500 2
1 2 12 6 6500 2
1 2 12 8 6500 2
1 2 13 3 6500 2
1 2 14 8 6500 2
1 2 14 8 6500 2
1 2 14 6 6500 2
1 2 15 0 6500 2
1 2 15 1 6500 2
1 2 15 0 6500 2
1 2 6 7 6500 2
1 2 8 1 6500 2
1 2 0 6 6500 2
1 2 0 1 6500 2
1 2 2 8 6500 2
1 2 3 1 6500 2
1 2 4 2 6500 2
1 2 5 9 6500 2
1 2 5 4 6500 2
1 2 5 7 6500 2
1 2 6 5 6500 2
1 2 6 1 6500 2
1 2 6 9 6500 2
1 2 7 3 6500 2
1 2 8 9 6500 2
1 2 8 9 6500 2
1 2 8 9 7000 2
1 2 8 3 7000 2
1 2 8 2 7000 2
1 2 9 1 7000 2
1 2 9 3 7000 2
1 2 10 8 7000 2
1 2 10 3 7000 2
1 2 10 1 7000 2
1 2 11 0 7000 2
1 2 11 6 7000 2
1 2 11 3 7000 2
1 2 11 4 7000 2
1 2 12 3 7000 2
1 2 13 8 7000 2
1 2 13 3 7000 2
1 2 15 8 7000 2
1 2 15 6 7000 2
1 2 15 0 7000 2
1 2 7 0 7000 2
1 2 7 7 7000 2
1 2 0 8 7000 2
1 2 0 3 7000 2
1 2 0 3 7000 2
1 2 2 2 7000 2
1 2 2 8 7000 2
1 2 2 0 7000 2
1 2 3 4 7000 2
1 2 3 9 7000 2
1 2 4 4 7000 2
1 2 3 8 7000 2
1 2 6 3 7000 2
1 2 6 2 7000 2
1 2 6 0 7000 2
1 2 5 3 7000 2
1 2 5 4 7000 2
1 2 4 7 7000 2
1 2 4 3 7000 2
1 2 8 4 7500 2
1 2 8 8 7500 2
1 2 9 0 7500 2
1 2 10 8 7500 2
1 2 10 0 7500 2
1 2 10 9 7500 2
1 2 11 7 7500 2
1 2 11 1 7500 2
1 2 11 0 7500 2
1 2 12 1 7500 2
1 2 12 9 7500 2
1 2 12 6 7500 2
1 2 13 3 7500 2
1 2 13 3 7500 2
1 2 14 0 7500 2
1 2 15 2 7500 2
1 2 15 8 7500 2
1 2 7 2 7500 2
1 2 4 7 7500 2
1 2 0 1 7500 2
1 2 8 9 7500 2
1 2 1 9 7500 2
1 2 2 2 7500 2
1 2 2 2 7500 2
1 2 3 6 7500 2
1 2 3 2 7500 2
1 2 3 4 7500 2
1 2 4 4 7500 2
1 2 5 9 7500 2
1 2 5 0 7500 2
1 2 5 4 7500 2
1 2 6 7 7500 2
1 2 6 5 7500 2
1 2 6 7 7500 2
1 2 7 7 7500 2
1 2 10 3 8000 2
1 2 10 0 8000 2
1 2 9 5 8000 2
1 2 15 0 8000 2
1 2 9 6 8000 2
1 2 8 8 8000 2
1 2 8 9 8000 2
1 2 8 0 8000 2
1 2 8 3 8000 2
1 2 11 5 8000 2
1 2 11 6 8000 2
1 2 12 3 8000 2
1 2 14 3 8000 2
1 2 14 9 8000 2
1 2 15 6 8000 2
1 2 15 8 8000 2
1 2 12 2 8000 2
1 2 7 7 8000 2
1 2 7 8 8000 2
1 2 0 4 8000 2
1 2 0 8 8000 2
1 2 0 9 8000 2
1 2 1 6 8000 2
1 2 3 4 8000 2
1 2 3 8 8000 2
1 2 3 4 8000 2
1 2 4 8 8000 2
1 2 5 5 8000 2
1 2 5 3 8000 2
1 2 5 7 8000 2
1 2 6 6 8000 2
1 2 6 2 8000 2
1 2 6 9 8000 2
1 2 6 3 8000 2
1 2 4 8 8000 2
1 2 11 9 8500 2
1 2 10 3 8500 2
1 2 8 3 8500 2
1 2 10 7 8500 2
1 2 10 9 8500 2
1 2 9 0 8500 2
1 2 8 7 8500 2
1 2 8 8 8500 2
1 2 11 0 8500 2
1 2 11 5 8500 2
1 2 11 0 8500 2
1 2 11 0 8500 2
1 2 12 5 8500 2
1 2 12 4 8500 2
1 2 13 5 8500 2
1 2 13 3 8500 2
1 2 14 9 8500 2
1 2 15 3 8500 2
1 2 7 7 8500 2
1 2 7 5 8500 2
1 2 0 6 8500 2
1 2 0 9 8500 2
1 2 0 9 8500 2
1 2 1 5 8500 2
1 2 1 6 8500 2
1 2 3 6 8500 2
1 2 3 9 8500 2
1 2 3 4 8500 2
1 2 4 3 8500 2
1 2 4 2 8500 2
1 2 5 7 8500 2
1 2 5 8 8500 2
1 2 6 0 8500 2
1 2 6 5 8500 2
1 2 6 0 8500 2
1 2 4 5 8500 2
1 2 11 1 9000 2
1 2 10 9 9000 2
1 2 10 9 9000 2
1 2 9 8 9000 2
1 2 8 9 9000 2
1 2 8 0 9000 2
1 2 8 3 9000 2
1 2 7 0 9000 2
1 2 15 1 9000 2
1 2 7 7 9000 2
1 2 11 5 9000 2
1 2 11 6 9000 2
1 2 12 6 9000 2
1 2 13 5 9000 2
1 2 13 4 9000 2
1 2 13 1 9000 2
1 2 14 5 9000 2
1 2 14 7 9000 2
1 2 14 7 9000 2
1 2 15 4 9000 2
1 2 3 1 9000 2
1 2 0 8 9000 2
1 2 0 9 9000 2
1 2 0 5 9000 2
1 2 1 5 9000 2
1 2 1 2 9000 2
1 2 1 5 9000 2
1 2 2 0 9000 2
1 2 2 6 9000 2
1 2 3 6 9000 2
1 2 3 8 9000 2
1 2 6 7 9000 2
1 2 4 9 9000 2
1 2 4 5 9000 2
1 2 5 0 9000 2
1 2 5 5 9000 2
1 2 5 4 9000 2
1 2 5 0 9000 2
1 2 5 0 9000 2
1 2 6 6 9000 2
1 2 6 8 9000 2
