0 1 8 15 500 2
0 1 9 2 500 2
0 1 9 6 500 2
0 1 9 8 500 2
0 1 9 8 500 2
0 1 9 15 500 2
0 1 9 9 500 2
0 1 9 0 500 2
0 1 8 14 500 2
0 1 8 0 500 2
0 1 8 4 500 2
0 1 10 9 500 2
0 1 8 2 500 2
0 1 8 9 500 2
0 1 8 13 500 2
0 1 8 2 500 2
0 1 8 1 500 2
0 1 8 10 500 2
0 1 8 10 500 2
0 1 8 2 500 2
0 1 8 12 500 2
0 1 12 10 500 2
0 1 4 14 500 2
0 1 14 15 500 2
0 1 14 10 500 2
0 1 14 5 500 2
0 1 13 5 500 2
0 1 13 2 500 2
0 1 12 9 500 2
0 1 12 6 500 2
0 1 12 0 500 2
0 1 4 15 500 2
0 1 11 4 500 2
0 1 11 2 500 2
0 1 11 10 500 2
0 1 11 2 500 2
0 1 11 9 500 2
0 1 10 6 500 2
0 1 10 13 500 2
0 1 10 1 500 2
0 1 10 14 500 2
0 1 5 9 500 2
0 1 6 14 500 2
0 1 5 1 500 2
0 1 5 13 500 2
0 1 5 4 500 2
0 1 5 9 500 2
0 1 5 6 500 2
0 1 5 7 500 2
0 1 5 3 500 2
0 1 5 5 500 2
0 1 8 3 500 2
0 1 5 1 500 2
0 1 5 13 500 2
0 1 5 9 500 2
0 1 4 5 500 2
0 1 4 2 500 2
0 1 4 12 500 2
0 1 4 11 500 2
0 1 4 5 500 2
0 1 4 0 500 2
0 1 6 12 500 2
0 1 6 0 500 2
0 1 8 2 500 2
0 1 8 9 500 2
0 1 7 2 500 2
0 1 7 14 500 2
0 1 7 1 500 2
0 1 7 4 500 2
0 1 7 13 500 2
0 1 7 11 500 2
0 1 7 5 500 2
0 1 7 13 500 2
0 1 7 10 500 2
0 1 6 6 500 2
0 1 6 5 500 2
0 1 6 0 500 2
0 1 6 11 500 2
0 1 6 2 500 2
0 1 7 10 500 2
0 1 7 11 500 2
0 1 10 1 1000 2
0 1 9 6 1000 2
0 1 9 10 1000 2
0 1 9 6 1000 2
0 1 9 3 1000 2
0 1 9 10 1000 2
0 1 8 8 1000 2
0 1 8 1 1000 2
0 1 8 1 1000 2
0 1 8 13 1000 2
0 1 8 0 1000 2
0 1 8 0 1000 2
0 1 8 13 1000 2
0 1 8 9 1000 2
0 1 8 14 1000 2
0 1 8 0 1000 2
0 1 8 0 1000 2
0 1 8 0 1000 2
0 1 8 10 1000 2
0 1 12 5 1000 2
0 1 9 6 1000 2
0 1 14 1 1000 2
0 1 14 10 1000 2
0 1 14 12 1000 2
0 1 14 3 1000 2
0 1 13 13 1000 2
0 1 13 2 1000 2
0 1 13 10 1000 2
0 1 12 8 1000 2
0 1 10 6 1000 2
0 1 11 14 1000 2
0 1 11 9 1000 2
0 1 11 3 1000 2
0 1 11 8 1000 2
0 1 11 0 1000 2
0 1 10 1 1000 2
0 1 10 13 1000 2
0 1 10 9 1000 2
0 1 10 12 1000 2
0 1 4 10 1000 2
0 1 5 3 1000 2
0 1 5 6 1000 2
0 1 5 2 1000 2
0 1 5 8 1000 2
0 1 5 5 1000 2
0 1 5 7 1000 2
0 1 5 4 1000 2
0 1 5 12 1000 2
0 1 5 12 1000 2
0 1 3 8 1000 2
0 1 4 6 1000 2
0 1 4 6 1000 2
0 1 4 9 1000 2
0 1 4 9 1000 2
0 1 4 7 1000 2
0 1 4 2 1000 2
0 1 4 9 1000 2
0 1 4 1 1000 2
0 1 7 4 1000 2
0 1 5 13 1000 2
0 1 7 14 1000 2
0 1 7 10 1000 2
0 1 7 3 1000 2
0 1 7 3 1000 2
0 1 7 2 1000 2
0 1 7 5 1000 2
0 1 7 15 1000 2
0 1 7 0 1000 2
0 1 7 2 1000 2
0 1 7 15 1000 2
0 1 5 9 1000 2
0 1 3 10 1000 2
0 1 6 15 1000 2
0 1 6 6 1000 2
0 1 6 3 1000 2
0 1 7 9 1000 2
0 1 6 11 1000 2
0 1 6 0 1000 2
0 1 6 1 1000 2
0 1 8 13 1500 2
0 1 9 10 1500 2
0 1 9 10 1500 2
0 1 9 1 1500 2
0 1 9 12 1500 2
0 1 8 15 1500 2
0 1 8 13 1500 2
0 1 8 3 1500 2
0 1 8 2 1500 2
0 1 8 11 1500 2
0 1 8 12 1500 2
0 1 8 9 1500 2
0 1 8 1 1500 2
0 1 8 9 1500 2
0 1 8 13 1500 2
0 1 8 8 1500 2
0 1 8 14 1500 2
0 1 8 5 1500 2
0 1 8 2 1500 2
0 1 11 10 1500 2
0 1 8 14 1500 2
0 1 14 3 1500 2
0 1 14 11 1500 2
0 1 14 12 1500 2
0 1 14 1 1500 2
0 1 13 5 1500 2
0 1 13 2 1500 2
0 1 12 8 1500 2
0 1 12 9 1500 2
0 1 9 13 1500 2
0 1 11 12 1500 2
0 1 11 6 1500 2
0 1 11 1 1500 2
0 1 10 0 1500 2
0 1 10 11 1500 2
0 1 10 4 1500 2
0 1 10 3 1500 2
0 1 9 7 1500 2
0 1 9 9 1500 2
0 1 4 3 1500 2
0 1 5 10 1500 2
0 1 5 2 1500 2
0 1 5 13 1500 2
0 1 5 10 1500 2
0 1 5 11 1500 2
0 1 5 3 1500 2
0 1 5 11 1500 2
0 1 5 10 1500 2
0 1 5 10 1500 2
0 1 7 9 1500 2
0 1 4 13 1500 2
0 1 4 6 1500 2
0 1 4 7 1500 2
0 1 4 15 1500 2
0 1 4 14 1500 2
0 1 4 3 1500 2
0 1 3 2 1500 2
0 1 3 3 1500 2
0 1 7 13 1500 2
0 1 6 4 1500 2
0 1 5 13 1500 2
0 1 7 9 1500 2
0 1 7 3 1500 2
0 1 7 3 1500 2
0 1 7 14 1500 2
0 1 7 8 1500 2
0 1 7 15 1500 2
0 1 7 0 1500 2
0 1 7 8 1500 2
0 1 6 11 1500 2
0 1 6 1 1500 2
0 1 6 2 1500 2
0 1 6 10 1500 2
0 1 6 11 1500 2
0 1 6 1 1500 2
0 1 6 11 1500 2
0 1 6 3 1500 2
0 1 8 2 2000 2
0 1 8 8 2000 2
0 1 8 1 2000 2
0 1 8 11 2000 2
0 1 8 12 2000 2
0 1 9 10 2000 2
0 1 9 13 2000 2
0 1 9 6 2000 2
0 1 9 2 2000 2
0 1 10 2 2000 2
0 1 8 11 2000 2
0 1 8 1 2000 2
0 1 8 2 2000 2
0 1 8 9 2000 2
0 1 8 0 2000 2
0 1 8 8 2000 2
0 1 8 5 2000 2
0 1 8 15 2000 2
0 1 8 14 2000 2
0 1 8 8 2000 2
0 1 12 14 2000 2
0 1 7 6 2000 2
0 1 14 3 2000 2
0 1 14 6 2000 2
0 1 14 8 2000 2
0 1 14 6 2000 2
0 1 13 10 2000 2
0 1 13 9 2000 2
0 1 13 5 2000 2
0 1 12 7 2000 2
0 1 10 3 2000 2
0 1 12 8 2000 2
0 1 11 11 2000 2
0 1 11 5 2000 2
0 1 11 9 2000 2
0 1 11 2 2000 2
0 1 11 9 2000 2
0 1 11 4 2000 2
0 1 10 4 2000 2
0 1 10 2 2000 2
0 1 5 14 2000 2
0 1 5 3 2000 2
0 1 5 15 2000 2
0 1 5 6 2000 2
0 1 5 9 2000 2
0 1 5 9 2000 2
0 1 5 6 2000 2
0 1 5 6 2000 2
0 1 5 12 2000 2
0 1 5 2 2000 2
0 1 8 5 2000 2
0 1 4 14 2000 2
0 1 4 12 2000 2
0 1 4 10 2000 2
0 1 4 11 2000 2
0 1 4 4 2000 2
0 1 4 10 2000 2
0 1 4 12 2000 2
0 1 4 2 2000 2
0 1 8 7 2000 2
0 1 6 0 2000 2
0 1 6 1 2000 2
0 1 7 1 2000 2
0 1 7 12 2000 2
0 1 7 4 2000 2
0 1 7 4 2000 2
0 1 7 5 2000 2
0 1 3 10 2000 2
0 1 7 2 2000 2
0 1 7 7 2000 2
0 1 7 2 2000 2
0 1 6 0 2000 2
0 1 6 9 2000 2
0 1 6 6 2000 2
0 1 6 9 2000 2
0 1 6 7 2000 2
0 1 6 7 2000 2
0 1 6 13 2000 2
0 1 7 14 2000 2
0 1 8 0 2500 2
0 1 8 11 2500 2
0 1 8 8 2500 2
0 1 9 8 2500 2
0 1 9 14 2500 2
0 1 9 4 2500 2
0 1 9 8 2500 2
0 1 9 12 2500 2
0 1 9 8 2500 2
0 1 9 3 2500 2
0 1 8 6 2500 2
0 1 8 13 2500 2
0 1 8 2 2500 2
0 1 8 1 2500 2
0 1 8 5 2500 2
0 1 8 10 2500 2
0 1 8 3 2500 2
0 1 8 0 2500 2
0 1 8 9 2500 2
0 1 8 6 2500 2
0 1 8 9 2500 2
0 1 12 6 2500 2
0 1 14 10 2500 2
0 1 14 4 2500 2
0 1 14 15 2500 2
0 1 13 8 2500 2
0 1 13 3 2500 2
0 1 13 11 2500 2
0 1 12 12 2500 2
0 1 12 5 2500 2
0 1 12 4 2500 2
0 1 9 11 2500 2
0 1 11 10 2500 2
0 1 11 15 2500 2
0 1 11 2 2500 2
0 1 11 14 2500 2
0 1 11 2 2500 2
0 1 10 11 2500 2
0 1 10 2 2500 2
0 1 10 1 2500 2
0 1 10 12 2500 2
0 1 5 4 2500 2
0 1 5 10 2500 2
0 1 5 5 2500 2
0 1 5 14 2500 2
0 1 5 1 2500 2
0 1 5 4 2500 2
0 1 5 12 2500 2
0 1 5 4 2500 2
0 1 5 6 2500 2
0 1 5 7 2500 2
0 1 5 11 2500 2
0 1 6 11 2500 2
0 1 4 10 2500 2
0 1 4 9 2500 2
0 1 4 6 2500 2
0 1 4 13 2500 2
0 1 4 3 2500 2
0 1 4 7 2500 2
0 1 4 14 2500 2
0 1 4 7 2500 2
0 1 7 10 2500 2
0 1 3 11 2500 2
0 1 6 12 2500 2
0 1 7 6 2500 2
0 1 7 8 2500 2
0 1 7 15 2500 2
0 1 7 8 2500 2
0 1 7 0 2500 2
0 1 7 0 2500 2
0 1 7 10 2500 2
0 1 7 3 2500 2
0 1 7 3 2500 2
0 1 7 0 2500 2
0 1 7 14 2500 2
0 1 6 2 2500 2
0 1 6 11 2500 2
0 1 6 0 2500 2
0 1 6 14 2500 2
0 1 6 13 2500 2
0 1 6 11 2500 2
0 1 6 10 2500 2
0 1 9 6 3000 2
0 1 9 7 3000 2
0 1 8 4 3000 2
0 1 8 11 3000 2
0 1 9 12 3000 2
0 1 9 1 3000 2
0 1 9 15 3000 2
0 1 9 13 3000 2
0 1 9 3 3000 2
0 1 9 9 3000 2
0 1 14 4 3000 2
0 1 8 11 3000 2
0 1 8 13 3000 2
0 1 8 7 3000 2
0 1 8 1 3000 2
0 1 8 7 3000 2
0 1 8 12 3000 2
0 1 8 2 3000 2
0 1 8 10 3000 2
0 1 8 10 3000 2
0 1 8 3 3000 2
0 1 12 14 3000 2
0 1 5 14 3000 2
0 1 14 12 3000 2
0 1 14 2 3000 2
0 1 13 2 3000 2
0 1 13 10 3000 2
0 1 13 15 3000 2
0 1 13 15 3000 2
0 1 12 14 3000 2
0 1 12 13 3000 2
0 1 9 8 3000 2
0 1 11 14 3000 2
0 1 11 11 3000 2
0 1 11 7 3000 2
0 1 11 14 3000 2
0 1 10 5 3000 2
0 1 10 4 3000 2
0 1 10 4 3000 2
0 1 10 15 3000 2
0 1 10 3 3000 2
0 1 5 1 3000 2
0 1 6 13 3000 2
0 1 5 6 3000 2
0 1 5 7 3000 2
0 1 5 11 3000 2
0 1 5 10 3000 2
0 1 5 7 3000 2
0 1 5 0 3000 2
0 1 5 11 3000 2
0 1 5 1 3000 2
0 1 5 7 3000 2
0 1 8 11 3000 2
0 1 4 3 3000 2
0 1 4 11 3000 2
0 1 4 6 3000 2
0 1 4 15 3000 2
0 1 4 2 3000 2
0 1 4 12 3000 2
0 1 4 10 3000 2
0 1 3 15 3000 2
0 1 8 11 3000 2
0 1 6 1 3000 2
0 1 6 2 3000 2
0 1 8 6 3000 2
0 1 8 0 3000 2
0 1 7 1 3000 2
0 1 7 0 3000 2
0 1 7 13 3000 2
0 1 7 9 3000 2
0 1 7 10 3000 2
0 1 7 3 3000 2
0 1 7 6 3000 2
0 1 7 13 3000 2
0 1 7 0 3000 2
0 1 6 2 3000 2
0 1 6 0 3000 2
0 1 6 6 3000 2
0 1 6 12 3000 2
0 1 6 2 3000 2
0 1 7 1 3000 2
0 1 9 13 3500 2
0 1 9 7 3500 2
0 1 9 8 3500 2
0 1 9 12 3500 2
0 1 9 1 3500 2
0 1 10 7 3500 2
0 1 10 0 3500 2
0 1 10 8 3500 2
0 1 10 3 3500 2
0 1 10 14 3500 2
0 1 10 4 3500 2
0 1 10 3 3500 2
0 1 10 0 3500 2
0 1 10 2 3500 2
0 1 9 3 3500 2
0 1 9 1 3500 2
0 1 9 8 3500 2
0 1 9 1 3500 2
0 1 9 3 3500 2
0 1 9 14 3500 2
0 1 9 10 3500 2
0 1 9 5 3500 2
0 1 9 10 3500 2
0 1 9 5 3500 2
0 1 9 9 3500 2
0 1 9 5 3500 2
0 1 9 7 3500 2
0 1 9 7 3500 2
0 1 9 6 3500 2
0 1 11 15 3500 2
0 1 4 11 3500 2
0 1 13 15 3500 2
0 1 12 0 3500 2
0 1 12 0 3500 2
0 1 12 13 3500 2
0 1 12 8 3500 2
0 1 12 4 3500 2
0 1 12 8 3500 2
0 1 12 11 3500 2
0 1 12 5 3500 2
0 1 12 3 3500 2
0 1 12 4 3500 2
0 1 11 5 3500 2
0 1 11 8 3500 2
0 1 10 3 3500 2
0 1 11 13 3500 2
0 1 11 3 3500 2
0 1 11 15 3500 2
0 1 11 9 3500 2
0 1 11 5 3500 2
0 1 11 10 3500 2
0 1 11 6 3500 2
0 1 11 8 3500 2
0 1 11 14 3500 2
0 1 10 15 3500 2
0 1 10 13 3500 2
0 1 10 13 3500 2
0 1 10 12 3500 2
0 1 10 3 3500 2
0 1 3 14 3500 2
0 1 3 9 3500 2
0 1 4 12 3500 2
0 1 4 12 3500 2
0 1 4 7 3500 2
0 1 4 8 3500 2
0 1 4 10 3500 2
0 1 4 5 3500 2
0 1 3 4 3500 2
0 1 3 0 3500 2
0 1 3 2 3500 2
0 1 3 3 3500 2
0 1 3 11 3500 2
0 1 3 12 3500 2
0 1 3 6 3500 2
0 1 8 15 3500 2
0 1 3 7 3500 2
0 1 3 1 3500 2
0 1 3 8 3500 2
0 1 3 11 3500 2
0 1 3 15 3500 2
0 1 3 9 3500 2
0 1 3 2 3500 2
0 1 3 10 3500 2
0 1 3 0 3500 2
0 1 3 1 3500 2
0 1 3 2 3500 2
0 1 3 5 3500 2
0 1 3 3 3500 2
0 1 9 15 3500 2
0 1 4 5 3500 2
0 1 4 14 3500 2
0 1 8 1 3500 2
0 1 8 1 3500 2
0 1 8 2 3500 2
0 1 8 11 3500 2
0 1 8 9 3500 2
0 1 8 4 3500 2
0 1 8 13 3500 2
0 1 8 1 3500 2
0 1 7 8 3500 2
0 1 7 14 3500 2
0 1 6 12 3500 2
0 1 6 0 3500 2
0 1 6 5 3500 2
0 1 5 14 3500 2
0 1 5 7 3500 2
0 1 4 13 3500 2
0 1 4 6 3500 2
0 1 4 2 3500 2
0 1 4 2 3500 2
0 1 4 1 3500 2
0 1 4 15 3500 2
0 1 5 13 3500 2
0 1 5 12 3500 2
0 1 5 7 3500 2
0 1 5 14 3500 2
0 1 5 14 3500 2
0 1 4 2 3500 2
0 1 9 14 4000 2
0 1 9 1 4000 2
0 1 9 9 4000 2
0 1 9 5 4000 2
0 1 9 0 4000 2
0 1 9 14 4000 2
0 1 10 0 4000 2
0 1 10 13 4000 2
0 1 10 12 4000 2
0 1 10 13 4000 2
0 1 10 2 4000 2
0 1 10 14 4000 2
0 1 10 9 4000 2
0 1 10 6 4000 2
0 1 9 1 4000 2
0 1 9 3 4000 2
0 1 9 0 4000 2
0 1 9 8 4000 2
0 1 9 9 4000 2
0 1 9 9 4000 2
0 1 9 14 4000 2
0 1 9 14 4000 2
0 1 9 0 4000 2
0 1 9 7 4000 2
0 1 9 14 4000 2
0 1 9 14 4000 2
0 1 9 8 4000 2
0 1 9 3 4000 2
0 1 8 6 4000 2
0 1 11 8 4000 2
0 1 8 11 4000 2
0 1 12 15 4000 2
0 1 12 2 4000 2
0 1 12 3 4000 2
0 1 12 14 4000 2
0 1 12 10 4000 2
0 1 12 8 4000 2
0 1 12 0 4000 2
0 1 12 6 4000 2
0 1 12 9 4000 2
0 1 11 15 4000 2
0 1 11 4 4000 2
0 1 11 8 4000 2
0 1 11 12 4000 2
0 1 10 11 4000 2
0 1 11 4 4000 2
0 1 11 5 4000 2
0 1 11 5 4000 2
0 1 11 14 4000 2
0 1 11 8 4000 2
0 1 11 15 4000 2
0 1 11 3 4000 2
0 1 11 3 4000 2
0 1 10 9 4000 2
0 1 10 8 4000 2
0 1 10 4 4000 2
0 1 10 4 4000 2
0 1 10 4 4000 2
0 1 3 8 4000 2
0 1 4 4 4000 2
0 1 4 2 4000 2
0 1 4 0 4000 2
0 1 4 11 4000 2
0 1 4 6 4000 2
0 1 4 12 4000 2
0 1 4 12 4000 2
0 1 3 3 4000 2
0 1 3 7 4000 2
0 1 3 5 4000 2
0 1 3 5 4000 2
0 1 3 11 4000 2
0 1 3 7 4000 2
0 1 3 11 4000 2
0 1 8 2 4000 2
0 1 3 0 4000 2
0 1 3 6 4000 2
0 1 3 0 4000 2
0 1 3 7 4000 2
0 1 3 7 4000 2
0 1 3 10 4000 2
0 1 3 3 4000 2
0 1 3 13 4000 2
0 1 3 6 4000 2
0 1 3 10 4000 2
0 1 3 7 4000 2
0 1 3 10 4000 2
0 1 2 7 4000 2
0 1 4 3 4000 2
0 1 4 6 4000 2
0 1 8 12 4000 2
0 1 8 4 4000 2
0 1 8 1 4000 2
0 1 8 11 4000 2
0 1 8 15 4000 2
0 1 8 9 4000 2
0 1 7 13 4000 2
0 1 7 10 4000 2
0 1 7 12 4000 2
0 1 6 5 4000 2
0 1 6 8 4000 2
0 1 6 12 4000 2
0 1 6 12 4000 2
0 1 5 2 4000 2
0 1 6 9 4000 2
0 1 4 8 4000 2
0 1 4 12 4000 2
0 1 4 6 4000 2
0 1 4 7 4000 2
0 1 4 1 4000 2
0 1 4 3 4000 2
0 1 4 12 4000 2
0 1 5 13 4000 2
0 1 5 2 4000 2
0 1 5 0 4000 2
0 1 5 13 4000 2
0 1 9 3 4500 2
0 1 9 11 4500 2
0 1 9 14 4500 2
0 1 9 10 4500 2
0 1 9 6 4500 2
0 1 9 3 4500 2
0 1 10 4 4500 2
0 1 10 0 4500 2
0 1 10 2 4500 2
0 1 10 6 4500 2
0 1 10 2 4500 2
0 1 10 0 4500 2
0 1 10 11 4500 2
0 1 10 0 4500 2
0 1 9 14 4500 2
0 1 9 9 4500 2
0 1 9 5 4500 2
0 1 9 2 4500 2
0 1 9 15 4500 2
0 1 9 8 4500 2
0 1 9 7 4500 2
0 1 9 2 4500 2
0 1 8 7 4500 2
0 1 9 6 4500 2
0 1 9 14 4500 2
0 1 9 9 4500 2
0 1 9 3 4500 2
0 1 9 12 4500 2
0 1 9 9 4500 2
0 1 11 2 4500 2
0 1 13 11 4500 2
0 1 12 15 4500 2
0 1 12 13 4500 2
0 1 12 12 4500 2
0 1 12 15 4500 2
0 1 12 11 4500 2
0 1 12 7 4500 2
0 1 12 15 4500 2
0 1 12 4 4500 2
0 1 12 5 4500 2
0 1 11 0 4500 2
0 1 11 3 4500 2
0 1 11 15 4500 2
0 1 11 11 4500 2
0 1 10 2 4500 2
0 1 11 12 4500 2
0 1 11 12 4500 2
0 1 11 12 4500 2
0 1 11 14 4500 2
0 1 11 15 4500 2
0 1 11 6 4500 2
0 1 11 11 4500 2
0 1 11 12 4500 2
0 1 10 2 4500 2
0 1 10 0 4500 2
0 1 10 11 4500 2
0 1 10 14 4500 2
0 1 10 8 4500 2
0 1 3 3 4500 2
0 1 4 14 4500 2
0 1 4 8 4500 2
0 1 4 2 4500 2
0 1 4 5 4500 2
0 1 4 0 4500 2
0 1 4 13 4500 2
0 1 4 5 4500 2
0 1 3 12 4500 2
0 1 3 15 4500 2
0 1 3 13 4500 2
0 1 3 7 4500 2
0 1 3 3 4500 2
0 1 3 15 4500 2
0 1 3 1 4500 2
0 1 8 10 4500 2
0 1 3 10 4500 2
0 1 3 3 4500 2
0 1 3 1 4500 2
0 1 3 9 4500 2
0 1 3 1 4500 2
0 1 3 7 4500 2
0 1 3 11 4500 2
0 1 3 3 4500 2
0 1 3 2 4500 2
0 1 3 8 4500 2
0 1 3 9 4500 2
0 1 2 1 4500 2
0 1 2 14 4500 2
0 1 8 15 4500 2
0 1 4 15 4500 2
0 1 4 13 4500 2
0 1 8 3 4500 2
0 1 8 3 4500 2
0 1 8 12 4500 2
0 1 8 9 4500 2
0 1 8 3 4500 2
0 1 8 8 4500 2
0 1 8 9 4500 2
0 1 8 12 4500 2
0 1 7 11 4500 2
0 1 7 5 4500 2
0 1 7 13 4500 2
0 1 7 4 4500 2
0 1 6 3 4500 2
0 1 6 3 4500 2
0 1 6 8 4500 2
0 1 4 1 4500 2
0 1 4 12 4500 2
0 1 4 11 4500 2
0 1 4 7 4500 2
0 1 4 1 4500 2
0 1 5 1 4500 2
0 1 5 14 4500 2
0 1 5 5 4500 2
0 1 5 10 4500 2
0 1 5 15 4500 2
0 1 5 7 4500 2
0 1 9 7 5000 2
0 1 9 9 5000 2
0 1 9 9 5000 2
0 1 9 0 5000 2
0 1 9 5 5000 2
0 1 9 10 5000 2
0 1 10 15 5000 2
0 1 10 15 5000 2
0 1 10 9 5000 2
0 1 10 4 5000 2
0 1 10 7 5000 2
0 1 10 7 5000 2
0 1 10 7 5000 2
0 1 10 5 5000 2
0 1 10 13 5000 2
0 1 9 14 5000 2
0 1 9 2 5000 2
0 1 9 12 5000 2
0 1 9 4 5000 2
0 1 9 9 5000 2
0 1 9 0 5000 2
0 1 9 11 5000 2
0 1 9 0 5000 2
0 1 9 15 5000 2
0 1 9 11 5000 2
0 1 9 15 5000 2
0 1 9 8 5000 2
0 1 9 2 5000 2
0 1 8 12 5000 2
0 1 8 0 5000 2
0 1 9 14 5000 2
0 1 11 15 5000 2
0 1 13 11 5000 2
0 1 12 15 5000 2
0 1 12 4 5000 2
0 1 12 3 5000 2
0 1 12 5 5000 2
0 1 12 0 5000 2
0 1 12 2 5000 2
0 1 12 6 5000 2
0 1 12 6 5000 2
0 1 12 12 5000 2
0 1 12 13 5000 2
0 1 11 5 5000 2
0 1 11 7 5000 2
0 1 11 1 5000 2
0 1 11 9 5000 2
0 1 10 6 5000 2
0 1 11 12 5000 2
0 1 11 13 5000 2
0 1 11 13 5000 2
0 1 11 8 5000 2
0 1 11 0 5000 2
0 1 11 9 5000 2
0 1 11 12 5000 2
0 1 11 15 5000 2
0 1 10 15 5000 2
0 1 10 9 5000 2
0 1 10 5 5000 2
0 1 10 11 5000 2
0 1 10 10 5000 2
0 1 10 0 5000 2
0 1 3 6 5000 2
0 1 4 8 5000 2
0 1 4 0 5000 2
0 1 4 2 5000 2
0 1 4 11 5000 2
0 1 4 9 5000 2
0 1 4 5 5000 2
0 1 4 2 5000 2
0 1 3 4 5000 2
0 1 3 6 5000 2
0 1 3 12 5000 2
0 1 3 11 5000 2
0 1 3 0 5000 2
0 1 3 13 5000 2
0 1 3 2 5000 2
0 1 3 14 5000 2
0 1 8 6 5000 2
0 1 3 9 5000 2
0 1 3 0 5000 2
0 1 3 7 5000 2
0 1 3 7 5000 2
0 1 3 1 5000 2
0 1 3 9 5000 2
0 1 3 12 5000 2
0 1 3 1 5000 2
0 1 3 4 5000 2
0 1 3 11 5000 2
0 1 3 0 5000 2
0 1 3 1 5000 2
0 1 2 7 5000 2
0 1 2 8 5000 2
0 1 8 4 5000 2
0 1 4 15 5000 2
0 1 4 10 5000 2
0 1 8 3 5000 2
0 1 8 0 5000 2
0 1 8 9 5000 2
0 1 8 6 5000 2
0 1 8 0 5000 2
0 1 8 0 5000 2
0 1 8 12 5000 2
0 1 7 10 5000 2
0 1 7 7 5000 2
0 1 7 2 5000 2
0 1 6 4 5000 2
0 1 6 10 5000 2
0 1 6 10 5000 2
0 1 6 6 5000 2
0 1 5 13 5000 2
0 1 5 2 5000 2
0 1 4 12 5000 2
0 1 4 8 5000 2
0 1 4 7 5000 2
0 1 4 10 5000 2
0 1 4 6 5000 2
0 1 4 11 5000 2
0 1 4 3 5000 2
0 1 4 13 5000 2
0 1 4 13 5000 2
0 1 5 7 5000 2
0 1 5 7 5000 2
0 1 5 8 5000 2
0 1 9 7 5500 2
0 1 9 3 5500 2
0 1 9 2 5500 2
0 1 9 5 5500 2
0 1 9 1 5500 2
0 1 9 14 5500 2
0 1 9 1 5500 2
0 1 9 5 5500 2
0 1 10 4 5500 2
0 1 10 3 5500 2
0 1 10 5 5500 2
0 1 10 11 5500 2
0 1 10 14 5500 2
0 1 10 3 5500 2
0 1 10 3 5500 2
0 1 9 5 5500 2
0 1 9 11 5500 2
0 1 9 13 5500 2
0 1 9 7 5500 2
0 1 9 7 5500 2
0 1 9 7 5500 2
0 1 9 7 5500 2
0 1 9 8 5500 2
0 1 9 11 5500 2
0 1 9 9 5500 2
0 1 9 15 5500 2
0 1 8 13 5500 2
0 1 8 5 5500 2
0 1 8 14 5500 2
0 1 8 11 5500 2
0 1 8 0 5500 2
0 1 11 13 5500 2
0 1 12 3 5500 2
0 1 12 14 5500 2
0 1 12 3 5500 2
0 1 12 13 5500 2
0 1 12 12 5500 2
0 1 12 12 5500 2
0 1 12 5 5500 2
0 1 12 13 5500 2
0 1 12 9 5500 2
0 1 12 11 5500 2
0 1 3 1 5500 2
0 1 11 5 5500 2
0 1 11 11 5500 2
0 1 11 13 5500 2
0 1 11 14 5500 2
0 1 10 8 5500 2
0 1 11 0 5500 2
0 1 11 15 5500 2
0 1 11 15 5500 2
0 1 11 15 5500 2
0 1 11 7 5500 2
0 1 11 8 5500 2
0 1 11 12 5500 2
0 1 11 9 5500 2
0 1 10 5 5500 2
0 1 10 8 5500 2
0 1 10 5 5500 2
0 1 10 3 5500 2
0 1 10 12 5500 2
0 1 10 4 5500 2
0 1 3 11 5500 2
0 1 4 5 5500 2
0 1 4 11 5500 2
0 1 4 3 5500 2
0 1 4 5 5500 2
0 1 4 1 5500 2
0 1 4 12 5500 2
0 1 3 0 5500 2
0 1 3 7 5500 2
0 1 3 15 5500 2
0 1 3 0 5500 2
0 1 3 14 5500 2
0 1 3 3 5500 2
0 1 3 3 5500 2
0 1 3 10 5500 2
0 1 3 4 5500 2
0 1 8 10 5500 2
0 1 3 14 5500 2
0 1 3 8 5500 2
0 1 3 0 5500 2
0 1 3 15 5500 2
0 1 3 14 5500 2
0 1 3 14 5500 2
0 1 3 7 5500 2
0 1 3 14 5500 2
0 1 3 15 5500 2
0 1 3 7 5500 2
0 1 3 13 5500 2
0 1 2 12 5500 2
0 1 2 2 5500 2
0 1 2 10 5500 2
0 1 8 12 5500 2
0 1 4 1 5500 2
0 1 4 10 5500 2
0 1 8 1 5500 2
0 1 8 14 5500 2
0 1 8 14 5500 2
0 1 8 8 5500 2
0 1 8 14 5500 2
0 1 8 14 5500 2
0 1 7 10 5500 2
0 1 7 4 5500 2
0 1 7 7 5500 2
0 1 7 8 5500 2
0 1 6 1 5500 2
0 1 6 9 5500 2
0 1 6 13 5500 2
0 1 6 3 5500 2
0 1 5 2 5500 2
0 1 5 14 5500 2
0 1 4 11 5500 2
0 1 4 11 5500 2
0 1 4 4 5500 2
0 1 4 14 5500 2
0 1 4 7 5500 2
0 1 4 10 5500 2
0 1 4 14 5500 2
0 1 4 4 5500 2
0 1 4 9 5500 2
0 1 5 1 5500 2
0 1 5 0 5500 2
0 1 4 3 5500 2
0 1 9 8 6000 2
0 1 9 10 6000 2
0 1 9 12 6000 2
0 1 9 13 6000 2
0 1 10 9 6000 2
0 1 10 5 6000 2
0 1 10 2 6000 2
0 1 10 5 6000 2
0 1 10 0 6000 2
0 1 10 10 6000 2
0 1 10 6 6000 2
0 1 10 11 6000 2
0 1 10 0 6000 2
0 1 10 4 6000 2
0 1 9 14 6000 2
0 1 9 11 6000 2
0 1 9 2 6000 2
0 1 9 12 6000 2
0 1 9 3 6000 2
0 1 9 9 6000 2
0 1 9 14 6000 2
0 1 9 2 6000 2
0 1 9 1 6000 2
0 1 9 13 6000 2
0 1 9 12 6000 2
0 1 9 15 6000 2
0 1 9 13 6000 2
0 1 9 6 6000 2
0 1 9 6 6000 2
0 1 11 2 6000 2
0 1 9 4 6000 2
0 1 13 6 6000 2
0 1 13 6 6000 2
0 1 12 15 6000 2
0 1 12 10 6000 2
0 1 12 14 6000 2
0 1 12 11 6000 2
0 1 12 4 6000 2
0 1 12 1 6000 2
0 1 12 2 6000 2
0 1 12 3 6000 2
0 1 12 8 6000 2
0 1 12 13 6000 2
0 1 11 1 6000 2
0 1 10 6 6000 2
0 1 11 2 6000 2
0 1 11 7 6000 2
0 1 11 13 6000 2
0 1 11 10 6000 2
0 1 11 14 6000 2
0 1 11 1 6000 2
0 1 11 14 6000 2
0 1 11 0 6000 2
0 1 11 12 6000 2
0 1 11 13 6000 2
0 1 11 9 6000 2
0 1 10 12 6000 2
0 1 10 1 6000 2
0 1 3 15 6000 2
0 1 4 7 6000 2
0 1 4 1 6000 2
0 1 4 10 6000 2
0 1 4 4 6000 2
0 1 4 5 6000 2
0 1 4 13 6000 2
0 1 3 12 6000 2
0 1 3 7 6000 2
0 1 3 5 6000 2
0 1 3 5 6000 2
0 1 3 5 6000 2
0 1 3 5 6000 2
0 1 3 4 6000 2
0 1 3 1 6000 2
0 1 8 1 6000 2
0 1 3 2 6000 2
0 1 3 11 6000 2
0 1 3 10 6000 2
0 1 3 7 6000 2
0 1 3 5 6000 2
0 1 3 9 6000 2
0 1 3 6 6000 2
0 1 3 9 6000 2
0 1 3 8 6000 2
0 1 3 10 6000 2
0 1 3 8 6000 2
0 1 3 1 6000 2
0 1 3 15 6000 2
0 1 2 2 6000 2
0 1 4 10 6000 2
0 1 4 3 6000 2
0 1 8 5 6000 2
0 1 8 13 6000 2
0 1 8 14 6000 2
0 1 8 4 6000 2
0 1 8 8 6000 2
0 1 8 12 6000 2
0 1 8 4 6000 2
0 1 8 8 6000 2
0 1 8 2 6000 2
0 1 8 7 6000 2
0 1 7 6 6000 2
0 1 7 15 6000 2
0 1 6 12 6000 2
0 1 6 5 6000 2
0 1 6 7 6000 2
0 1 4 1 6000 2
0 1 4 12 6000 2
0 1 4 3 6000 2
0 1 4 7 6000 2
0 1 4 9 6000 2
0 1 4 7 6000 2
0 1 4 7 6000 2
0 1 4 3 6000 2
0 1 4 11 6000 2
0 1 5 8 6000 2
0 1 5 3 6000 2
0 1 8 7 6500 2
0 1 8 4 6500 2
0 1 8 1 6500 2
0 1 8 11 6500 2
0 1 8 5 6500 2
0 1 8 9 6500 2
0 1 8 5 6500 2
0 1 8 13 6500 2
0 1 8 10 6500 2
0 1 9 6 6500 2
0 1 9 4 6500 2
0 1 9 12 6500 2
0 1 9 0 6500 2
0 1 9 0 6500 2
0 1 10 1 6500 2
0 1 10 6 6500 2
0 1 8 9 6500 2
0 1 8 9 6500 2
0 1 8 6 6500 2
0 1 8 6 6500 2
0 1 8 11 6500 2
0 1 8 5 6500 2
0 1 8 8 6500 2
0 1 8 4 6500 2
0 1 8 15 6500 2
0 1 8 6 6500 2
0 1 8 1 6500 2
0 1 8 7 6500 2
0 1 8 11 6500 2
0 1 8 9 6500 2
0 1 7 7 6500 2
0 1 7 0 6500 2
0 1 12 4 6500 2
0 1 15 15 6500 2
0 1 15 9 6500 2
0 1 14 14 6500 2
0 1 14 7 6500 2
0 1 14 3 6500 2
0 1 13 7 6500 2
0 1 13 1 6500 2
0 1 13 15 6500 2
0 1 13 8 6500 2
0 1 13 7 6500 2
0 1 12 14 6500 2
0 1 12 12 6500 2
0 1 12 3 6500 2
0 1 12 0 6500 2
0 1 12 12 6500 2
0 1 10 8 6500 2
0 1 12 6 6500 2
0 1 11 9 6500 2
0 1 11 0 6500 2
0 1 11 9 6500 2
0 1 11 11 6500 2
0 1 11 15 6500 2
0 1 11 15 6500 2
0 1 11 6 6500 2
0 1 11 9 6500 2
0 1 11 4 6500 2
0 1 10 8 6500 2
0 1 10 4 6500 2
0 1 10 2 6500 2
0 1 10 4 6500 2
0 1 5 2 6500 2
0 1 6 8 6500 2
0 1 5 15 6500 2
0 1 5 1 6500 2
0 1 5 2 6500 2
0 1 5 5 6500 2
0 1 5 1 6500 2
0 1 5 13 6500 2
0 1 5 9 6500 2
0 1 5 15 6500 2
0 1 5 7 6500 2
0 1 5 12 6500 2
0 1 5 6 6500 2
0 1 5 5 6500 2
0 1 5 12 6500 2
0 1 5 0 6500 2
0 1 7 11 6500 2
0 1 5 7 6500 2
0 1 4 13 6500 2
0 1 4 14 6500 2
0 1 4 10 6500 2
0 1 4 15 6500 2
0 1 4 0 6500 2
0 1 4 3 6500 2
0 1 4 5 6500 2
0 1 4 13 6500 2
0 1 4 15 6500 2
0 1 4 14 6500 2
0 1 4 8 6500 2
0 1 4 11 6500 2
0 1 4 11 6500 2
0 1 4 11 6500 2
0 1 6 6 6500 2
0 1 6 6 6500 2
0 1 7 10 6500 2
0 1 7 1 6500 2
0 1 7 11 6500 2
0 1 7 7 6500 2
0 1 7 11 6500 2
0 1 7 9 6500 2
0 1 7 10 6500 2
0 1 7 4 6500 2
0 1 7 12 6500 2
0 1 7 7 6500 2
0 1 7 15 6500 2
0 1 7 5 6500 2
0 1 7 9 6500 2
0 1 7 4 6500 2
0 1 7 9 6500 2
0 1 7 7 6500 2
0 1 6 4 6500 2
0 1 6 1 6500 2
0 1 6 14 6500 2
0 1 6 2 6500 2
0 1 6 7 6500 2
0 1 6 2 6500 2
0 1 6 3 6500 2
0 1 6 5 6500 2
0 1 7 12 6500 2
0 1 7 9 6500 2
0 1 7 5 6500 2
0 1 6 14 6500 2
0 1 8 13 7000 2
0 1 8 14 7000 2
0 1 9 1 7000 2
0 1 9 1 7000 2
0 1 9 7 7000 2
0 1 9 2 7000 2
0 1 9 7 7000 2
0 1 10 9 7000 2
0 1 10 4 7000 2
0 1 10 1 7000 2
0 1 10 15 7000 2
0 1 10 6 7000 2
0 1 10 13 7000 2
0 1 10 8 7000 2
0 1 8 11 7000 2
0 1 8 13 7000 2
0 1 8 9 7000 2
0 1 8 8 7000 2
0 1 8 5 7000 2
0 1 8 15 7000 2
0 1 8 5 7000 2
0 1 8 13 7000 2
0 1 8 5 7000 2
0 1 8 4 7000 2
0 1 8 1 7000 2
0 1 8 3 7000 2
0 1 8 2 7000 2
0 1 8 15 7000 2
0 1 8 4 7000 2
0 1 12 12 7000 2
0 1 8 11 7000 2
0 1 15 5 7000 2
0 1 15 6 7000 2
0 1 14 14 7000 2
0 1 14 7 7000 2
0 1 14 6 7000 2
0 1 13 4 7000 2
0 1 13 4 7000 2
0 1 13 10 7000 2
0 1 13 0 7000 2
0 1 13 9 7000 2
0 1 13 13 7000 2
0 1 13 4 7000 2
0 1 13 4 7000 2
0 1 11 10 7000 2
0 1 12 6 7000 2
0 1 12 11 7000 2
0 1 12 10 7000 2
0 1 12 5 7000 2
0 1 12 8 7000 2
0 1 12 13 7000 2
0 1 12 6 7000 2
0 1 11 10 7000 2
0 1 11 5 7000 2
0 1 11 11 7000 2
0 1 11 15 7000 2
0 1 11 2 7000 2
0 1 11 4 7000 2
0 1 11 12 7000 2
0 1 5 3 7000 2
0 1 6 8 7000 2
0 1 6 6 7000 2
0 1 6 11 7000 2
0 1 6 11 7000 2
0 1 5 12 7000 2
0 1 5 6 7000 2
0 1 5 4 7000 2
0 1 5 9 7000 2
0 1 5 5 7000 2
0 1 5 2 7000 2
0 1 5 7 7000 2
0 1 5 9 7000 2
0 1 5 0 7000 2
0 1 5 2 7000 2
0 1 8 13 7000 2
0 1 5 3 7000 2
0 1 5 7 7000 2
0 1 4 8 7000 2
0 1 4 5 7000 2
0 1 4 5 7000 2
0 1 4 2 7000 2
0 1 4 11 7000 2
0 1 4 1 7000 2
0 1 4 4 7000 2
0 1 4 14 7000 2
0 1 4 1 7000 2
0 1 4 12 7000 2
0 1 4 2 7000 2
0 1 4 3 7000 2
0 1 6 13 7000 2
0 1 6 13 7000 2
0 1 8 15 7000 2
0 1 8 1 7000 2
0 1 8 7 7000 2
0 1 7 8 7000 2
0 1 7 8 7000 2
0 1 7 15 7000 2
0 1 7 5 7000 2
0 1 7 9 7000 2
0 1 7 14 7000 2
0 1 7 12 7000 2
0 1 7 11 7000 2
0 1 7 12 7000 2
0 1 7 3 7000 2
0 1 7 4 7000 2
0 1 7 7 7000 2
0 1 6 1 7000 2
0 1 6 12 7000 2
0 1 6 14 7000 2
0 1 6 15 7000 2
0 1 7 5 7000 2
0 1 7 8 7000 2
0 1 7 1 7000 2
0 1 7 2 7000 2
0 1 7 9 7000 2
0 1 7 3 7000 2
0 1 7 3 7000 2
0 1 8 6 7500 2
0 1 8 1 7500 2
0 1 8 7 7500 2
0 1 8 15 7500 2
0 1 8 9 7500 2
0 1 9 12 7500 2
0 1 9 9 7500 2
0 1 9 9 7500 2
0 1 9 1 7500 2
0 1 9 6 7500 2
0 1 8 8 7500 2
0 1 9 1 7500 2
0 1 10 5 7500 2
0 1 10 11 7500 2
0 1 10 12 7500 2
0 1 8 15 7500 2
0 1 8 11 7500 2
0 1 8 14 7500 2
0 1 8 9 7500 2
0 1 8 12 7500 2
0 1 8 6 7500 2
0 1 8 11 7500 2
0 1 8 12 7500 2
0 1 8 15 7500 2
0 1 8 3 7500 2
0 1 8 15 7500 2
0 1 8 15 7500 2
0 1 8 7 7500 2
0 1 8 9 7500 2
0 1 6 9 7500 2
0 1 12 2 7500 2
0 1 15 13 7500 2
0 1 14 4 7500 2
0 1 14 15 7500 2
0 1 14 10 7500 2
0 1 13 14 7500 2
0 1 13 12 7500 2
0 1 13 12 7500 2
0 1 13 15 7500 2
0 1 13 4 7500 2
0 1 13 10 7500 2
0 1 13 12 7500 2
0 1 13 2 7500 2
0 1 12 1 7500 2
0 1 12 1 7500 2
0 1 12 1 7500 2
0 1 10 3 7500 2
0 1 12 3 7500 2
0 1 12 10 7500 2
0 1 11 6 7500 2
0 1 11 9 7500 2
0 1 11 1 7500 2
0 1 11 8 7500 2
0 1 11 0 7500 2
0 1 11 1 7500 2
0 1 11 3 7500 2
0 1 11 9 7500 2
0 1 10 15 7500 2
0 1 10 2 7500 2
0 1 10 3 7500 2
0 1 10 10 7500 2
0 1 5 5 7500 2
0 1 6 8 7500 2
0 1 6 8 7500 2
0 1 5 6 7500 2
0 1 5 0 7500 2
0 1 5 4 7500 2
0 1 5 8 7500 2
0 1 5 4 7500 2
0 1 5 7 7500 2
0 1 5 13 7500 2
0 1 5 11 7500 2
0 1 5 11 7500 2
0 1 5 10 7500 2
0 1 5 11 7500 2
0 1 5 6 7500 2
0 1 5 13 7500 2
0 1 8 12 7500 2
0 1 5 5 7500 2
0 1 5 13 7500 2
0 1 5 7 7500 2
0 1 5 15 7500 2
0 1 4 6 7500 2
0 1 4 0 7500 2
0 1 4 2 7500 2
0 1 4 10 7500 2
0 1 4 10 7500 2
0 1 4 14 7500 2
0 1 4 15 7500 2
0 1 4 2 7500 2
0 1 4 2 7500 2
0 1 8 2 7500 2
0 1 6 11 7500 2
0 1 6 6 7500 2
0 1 7 12 7500 2
0 1 7 13 7500 2
0 1 7 9 7500 2
0 1 7 6 7500 2
0 1 7 0 7500 2
0 1 7 6 7500 2
0 1 7 14 7500 2
0 1 7 10 7500 2
0 1 7 6 7500 2
0 1 7 3 7500 2
0 1 7 10 7500 2
0 1 7 6 7500 2
0 1 7 15 7500 2
0 1 7 4 7500 2
0 1 7 3 7500 2
0 1 6 5 7500 2
0 1 6 10 7500 2
0 1 6 5 7500 2
0 1 6 15 7500 2
0 1 6 8 7500 2
0 1 6 7 7500 2
0 1 6 11 7500 2
0 1 6 6 7500 2
0 1 7 13 7500 2
0 1 7 3 7500 2
0 1 7 13 7500 2
0 1 7 15 7500 2
0 1 8 11 8000 2
0 1 8 6 8000 2
0 1 8 15 8000 2
0 1 8 4 8000 2
0 1 8 14 8000 2
0 1 8 12 8000 2
0 1 8 7 8000 2
0 1 8 7 8000 2
0 1 9 5 8000 2
0 1 9 6 8000 2
0 1 9 7 8000 2
0 1 9 2 8000 2
0 1 9 5 8000 2
0 1 10 13 8000 2
0 1 10 15 8000 2
0 1 8 2 8000 2
0 1 8 13 8000 2
0 1 8 2 8000 2
0 1 8 11 8000 2
0 1 8 2 8000 2
0 1 8 8 8000 2
0 1 8 5 8000 2
0 1 8 11 8000 2
0 1 8 9 8000 2
0 1 8 5 8000 2
0 1 8 0 8000 2
0 1 8 2 8000 2
0 1 8 8 8000 2
0 1 8 1 8000 2
0 1 7 1 8000 2
0 1 8 15 8000 2
0 1 12 5 8000 2
0 1 15 14 8000 2
0 1 15 5 8000 2
0 1 14 3 8000 2
0 1 14 8 8000 2
0 1 13 1 8000 2
0 1 13 11 8000 2
0 1 13 15 8000 2
0 1 13 12 8000 2
0 1 13 0 8000 2
0 1 13 1 8000 2
0 1 13 5 8000 2
0 1 12 11 8000 2
0 1 12 5 8000 2
0 1 12 4 8000 2
0 1 12 9 8000 2
0 1 10 1 8000 2
0 1 12 4 8000 2
0 1 12 6 8000 2
0 1 12 5 8000 2
0 1 11 5 8000 2
0 1 11 6 8000 2
0 1 11 11 8000 2
0 1 11 13 8000 2
0 1 11 13 8000 2
0 1 11 11 8000 2
0 1 11 14 8000 2
0 1 10 8 8000 2
0 1 10 10 8000 2
0 1 10 3 8000 2
0 1 10 12 8000 2
0 1 5 12 8000 2
0 1 6 15 8000 2
0 1 6 14 8000 2
0 1 6 10 8000 2
0 1 5 5 8000 2
0 1 5 9 8000 2
0 1 5 3 8000 2
0 1 5 2 8000 2
0 1 5 9 8000 2
0 1 5 1 8000 2
0 1 5 4 8000 2
0 1 5 0 8000 2
0 1 5 3 8000 2
0 1 5 14 8000 2
0 1 5 8 8000 2
0 1 5 0 8000 2
0 1 7 13 8000 2
0 1 5 5 8000 2
0 1 5 13 8000 2
0 1 5 4 8000 2
0 1 4 1 8000 2
0 1 4 7 8000 2
0 1 4 12 8000 2
0 1 4 13 8000 2
0 1 4 13 8000 2
0 1 4 7 8000 2
0 1 4 0 8000 2
0 1 4 11 8000 2
0 1 4 14 8000 2
0 1 4 8 8000 2
0 1 4 8 8000 2
0 1 4 3 8000 2
0 1 6 15 8000 2
0 1 6 11 8000 2
0 1 7 6 8000 2
0 1 7 0 8000 2
0 1 7 11 8000 2
0 1 7 5 8000 2
0 1 7 15 8000 2
0 1 7 9 8000 2
0 1 7 3 8000 2
0 1 7 9 8000 2
0 1 7 2 8000 2
0 1 7 9 8000 2
0 1 7 12 8000 2
0 1 7 0 8000 2
0 1 7 6 8000 2
0 1 7 12 8000 2
0 1 7 2 8000 2
0 1 7 3 8000 2
0 1 6 12 8000 2
0 1 6 1 8000 2
0 1 6 15 8000 2
0 1 6 8 8000 2
0 1 6 0 8000 2
0 1 6 10 8000 2
0 1 7 9 8000 2
0 1 7 10 8000 2
0 1 7 0 8000 2
0 1 7 7 8000 2
0 1 7 1 8000 2
0 1 6 3 8000 2
0 1 9 5 8500 2
0 1 9 7 8500 2
0 1 9 2 8500 2
0 1 9 12 8500 2
0 1 9 11 8500 2
0 1 9 0 8500 2
0 1 10 13 8500 2
0 1 10 11 8500 2
0 1 10 12 8500 2
0 1 10 9 8500 2
0 1 10 10 8500 2
0 1 10 5 8500 2
0 1 10 3 8500 2
0 1 11 3 8500 2
0 1 6 10 8500 2
0 1 8 3 8500 2
0 1 8 10 8500 2
0 1 8 2 8500 2
0 1 8 11 8500 2
0 1 8 3 8500 2
0 1 8 4 8500 2
0 1 8 10 8500 2
0 1 8 12 8500 2
0 1 8 12 8500 2
0 1 8 1 8500 2
0 1 8 12 8500 2
0 1 8 9 8500 2
0 1 8 0 8500 2
0 1 8 13 8500 2
0 1 8 1 8500 2
0 1 12 15 8500 2
0 1 15 12 8500 2
0 1 15 6 8500 2
0 1 15 5 8500 2
0 1 14 9 8500 2
0 1 14 5 8500 2
0 1 14 10 8500 2
0 1 13 15 8500 2
0 1 13 7 8500 2
0 1 13 10 8500 2
0 1 13 13 8500 2
0 1 13 5 8500 2
0 1 13 4 8500 2
0 1 13 13 8500 2
0 1 12 10 8500 2
0 1 11 5 8500 2
0 1 12 9 8500 2
0 1 12 13 8500 2
0 1 12 9 8500 2
0 1 12 3 8500 2
0 1 12 0 8500 2
0 1 12 3 8500 2
0 1 12 5 8500 2
0 1 11 15 8500 2
0 1 11 11 8500 2
0 1 11 12 8500 2
0 1 11 6 8500 2
0 1 11 8 8500 2
0 1 11 12 8500 2
0 1 11 4 8500 2
0 1 5 11 8500 2
0 1 6 5 8500 2
0 1 6 5 8500 2
0 1 6 2 8500 2
0 1 6 5 8500 2
0 1 6 6 8500 2
0 1 6 0 8500 2
0 1 5 9 8500 2
0 1 5 3 8500 2
0 1 5 2 8500 2
0 1 5 10 8500 2
0 1 5 14 8500 2
0 1 5 1 8500 2
0 1 5 1 8500 2
0 1 5 10 8500 2
0 1 5 6 8500 2
0 1 8 15 8500 2
0 1 5 4 8500 2
0 1 5 10 8500 2
0 1 5 10 8500 2
0 1 4 8 8500 2
0 1 4 15 8500 2
0 1 4 0 8500 2
0 1 4 11 8500 2
0 1 4 5 8500 2
0 1 4 12 8500 2
0 1 4 13 8500 2
0 1 4 5 8500 2
0 1 4 8 8500 2
0 1 4 6 8500 2
0 1 8 9 8500 2
0 1 6 4 8500 2
0 1 6 1 8500 2
0 1 8 11 8500 2
0 1 8 11 8500 2
0 1 8 11 8500 2
0 1 7 4 8500 2
0 1 7 10 8500 2
0 1 7 14 8500 2
0 1 7 3 8500 2
0 1 7 0 8500 2
0 1 7 10 8500 2
0 1 7 11 8500 2
0 1 7 13 8500 2
0 1 7 13 8500 2
0 1 7 5 8500 2
0 1 7 1 8500 2
0 1 7 3 8500 2
0 1 6 0 8500 2
0 1 6 0 8500 2
0 1 6 15 8500 2
0 1 6 1 8500 2
0 1 6 14 8500 2
0 1 7 3 8500 2
0 1 7 2 8500 2
0 1 7 9 8500 2
0 1 7 13 8500 2
0 1 7 1 8500 2
0 1 7 5 8500 2
0 1 7 11 8500 2
0 1 8 2 9000 2
0 1 8 15 9000 2
0 1 8 5 9000 2
0 1 8 7 9000 2
0 1 8 14 9000 2
0 1 8 15 9000 2
0 1 8 2 9000 2
0 1 8 13 9000 2
0 1 8 11 9000 2
0 1 9 10 9000 2
0 1 9 2 9000 2
0 1 9 11 9000 2
0 1 9 8 9000 2
0 1 10 7 9000 2
0 1 10 10 9000 2
0 1 8 3 9000 2
0 1 8 0 9000 2
0 1 8 10 9000 2
0 1 8 11 9000 2
0 1 8 11 9000 2
0 1 8 4 9000 2
0 1 8 8 9000 2
0 1 8 14 9000 2
0 1 8 7 9000 2
0 1 8 5 9000 2
0 1 8 10 9000 2
0 1 8 3 9000 2
0 1 8 8 9000 2
0 1 8 6 9000 2
0 1 15 8 9000 2
0 1 8 13 9000 2
0 1 12 0 9000 2
0 1 15 5 9000 2
0 1 14 10 9000 2
0 1 14 1 9000 2
0 1 14 14 9000 2
0 1 13 12 9000 2
0 1 13 10 9000 2
0 1 13 4 9000 2
0 1 13 7 9000 2
0 1 13 14 9000 2
0 1 13 2 9000 2
0 1 13 13 9000 2
0 1 12 6 9000 2
0 1 12 11 9000 2
0 1 12 7 9000 2
0 1 12 1 9000 2
0 1 10 3 9000 2
0 1 12 14 9000 2
0 1 12 6 9000 2
0 1 11 15 9000 2
0 1 11 3 9000 2
0 1 11 5 9000 2
0 1 11 9 9000 2
0 1 11 7 9000 2
0 1 11 14 9000 2
0 1 11 15 9000 2
0 1 11 2 9000 2
0 1 10 6 9000 2
0 1 10 4 9000 2
0 1 10 2 9000 2
0 1 10 10 9000 2
0 1 5 13 9000 2
0 1 6 13 9000 2
0 1 6 3 9000 2
0 1 6 10 9000 2
0 1 6 10 9000 2
0 1 6 0 9000 2
0 1 6 6 9000 2
0 1 5 2 9000 2
0 1 5 2 9000 2
0 1 5 3 9000 2
0 1 5 1 9000 2
0 1 5 7 9000 2
0 1 5 7 9000 2
0 1 5 3 9000 2
0 1 5 5 9000 2
0 1 5 10 9000 2
0 1 6 9 9000 2
0 1 5 6 9000 2
0 1 5 3 9000 2
0 1 5 13 9000 2
0 1 5 3 9000 2
0 1 5 11 9000 2
0 1 4 9 9000 2
0 1 4 13 9000 2
0 1 4 4 9000 2
0 1 4 11 9000 2
0 1 4 6 9000 2
0 1 4 2 9000 2
0 1 4 4 9000 2
0 1 4 6 9000 2
0 1 4 3 9000 2
0 1 4 13 9000 2
0 1 7 8 9000 2
0 1 8 15 9000 2
0 1 8 14 9000 2
0 1 7 12 9000 2
0 1 7 6 9000 2
0 1 7 1 9000 2
0 1 7 1 9000 2
0 1 7 6 9000 2
0 1 7 5 9000 2
0 1 7 4 9000 2
0 1 7 2 9000 2
0 1 7 10 9000 2
0 1 7 11 9000 2
0 1 7 13 9000 2
0 1 7 10 9000 2
0 1 7 10 9000 2
0 1 8 8 9000 2
0 1 7 2 9000 2
0 1 7 14 9000 2
0 1 7 3 9000 2
0 1 7 8 9000 2
0 1 7 12 9000 2
0 1 7 4 9000 2
0 1 7 14 9000 2
0 1 7 7 9000 2
0 1 6 0 9000 2
0 1 6 0 9000 2
0 1 6 15 9000 2
0 1 6 6 9000 2
0 1 6 2 9000 2
0 1 6 5 9000 2
