# src_chip dst_chip src_pe dst_pe inject_cycle
# entries=307 chips=4 pe_per_chip=256 timesteps=3 interval=500 seed=43
2 3 222 100 500
0 1 63 97 500
2 3 93 97 500
0 3 31 48 500
1 2 140 228 500
3 0 64 218 500
3 2 42 92 500
0 1 1 28 500
3 1 203 88 500
1 3 91 201 500
1 2 96 199 500
0 3 176 67 500
1 2 200 39 500
3 0 192 108 500
1 3 124 51 500
2 0 163 57 500
0 3 118 48 500
3 2 136 127 500
2 3 24 243 500
2 0 79 54 500
0 3 185 34 500
3 1 130 24 500
0 1 249 123 500
0 3 218 122 500
0 1 42 57 500
1 3 108 62 500
3 2 95 203 500
0 3 79 113 500
1 0 38 114 500
0 1 160 93 500
0 1 5 16 500
2 3 229 72 500
3 1 95 230 500
3 1 221 122 500
2 1 75 168 500
1 3 184 193 500
0 3 246 151 500
2 1 9 39 500
2 3 82 61 500
1 3 122 81 500
3 0 147 81 500
0 3 162 234 500
0 2 204 214 500
1 3 67 243 500
1 0 141 207 500
2 3 191 245 500
1 2 233 205 500
2 3 227 69 500
0 1 155 235 500
1 3 16 97 500
3 2 111 23 500
1 3 132 248 500
0 2 36 212 500
3 0 15 32 500
2 1 21 72 500
1 0 207 110 500
1 3 188 99 500
1 0 118 19 500
3 2 24 152 500
1 3 117 79 500
0 1 139 120 500
3 1 112 54 500
0 3 15 230 500
1 3 163 215 500
2 3 42 193 500
1 3 52 215 500
0 2 139 131 500
3 1 75 1 500
0 3 25 118 500
1 2 166 54 500
0 3 230 94 500
0 2 45 227 500
1 0 142 152 500
2 1 40 173 500
0 2 141 132 500
2 3 41 76 500
2 1 17 110 500
1 3 74 196 500
3 2 68 89 500
0 2 245 4 500
0 2 168 249 500
3 1 63 175 500
3 1 182 245 500
2 0 34 239 500
3 0 46 127 500
1 0 40 183 500
2 3 179 225 500
2 1 220 228 500
3 0 125 226 500
1 3 255 52 500
2 3 139 101 500
2 3 184 20 500
0 3 179 186 500
2 3 254 90 500
1 3 50 117 500
3 1 136 171 500
1 0 56 159 500
0 3 195 231 500
1 3 119 166 500
1 3 9 235 500
1 0 93 23 500
0 2 73 246 1000
3 2 9 132 1000
0 1 253 32 1000
2 3 222 10 1000
0 3 78 147 1000
1 3 8 254 1000
0 3 119 246 1000
3 1 115 15 1000
0 1 192 29 1000
3 1 246 251 1000
0 2 86 125 1000
3 1 32 88 1000
0 2 183 85 1000
0 2 229 83 1000
1 0 237 46 1000
1 3 97 66 1000
3 2 95 255 1000
3 0 192 147 1000
1 2 3 22 1000
2 0 11 161 1000
1 2 62 107 1000
3 0 56 25 1000
0 1 114 66 1000
3 2 168 117 1000
1 2 223 162 1000
2 3 201 59 1000
0 3 58 223 1000
0 2 164 95 1000
2 0 182 115 1000
0 1 203 77 1000
1 3 63 107 1000
1 3 136 66 1000
3 0 161 82 1000
0 3 88 15 1000
0 3 46 69 1000
0 1 47 98 1000
2 3 229 172 1000
0 1 65 125 1000
2 1 139 15 1000
3 2 6 98 1000
3 2 192 225 1000
3 2 167 31 1000
0 1 148 254 1000
3 1 123 207 1000
0 1 48 99 1000
0 2 84 6 1000
1 3 8 142 1000
3 1 87 123 1000
1 2 27 31 1000
2 0 130 224 1000
2 3 196 25 1000
1 3 14 142 1000
3 1 6 117 1000
1 2 8 170 1000
3 2 11 64 1000
1 2 203 210 1000
3 0 158 243 1000
0 1 237 106 1000
3 0 22 79 1000
2 3 120 200 1000
1 3 9 129 1000
0 3 194 183 1000
2 0 114 228 1000
2 1 220 163 1000
0 1 0 45 1000
3 2 100 247 1000
1 3 121 97 1000
3 2 204 239 1000
2 0 55 32 1000
2 0 56 117 1000
2 3 174 48 1000
0 2 176 175 1000
1 2 0 124 1000
3 1 164 88 1000
3 1 163 25 1000
2 3 11 95 1000
3 1 132 123 1000
1 0 226 25 1000
1 2 186 243 1000
2 3 234 191 1000
0 1 2 238 1000
2 0 138 35 1000
2 1 115 68 1000
1 3 89 171 1000
0 1 232 251 1000
0 1 232 238 1000
3 1 212 136 1000
3 0 182 64 1000
1 2 198 151 1000
1 0 12 213 1000
2 3 145 28 1000
2 3 109 165 1000
0 1 161 164 1000
2 3 234 174 1000
0 1 195 81 1000
0 1 28 107 1000
0 3 141 224 1000
1 0 24 160 1000
2 3 49 117 1500
0 3 31 24 1500
3 2 169 84 1500
2 0 137 94 1500
1 3 36 249 1500
0 2 253 230 1500
0 3 217 113 1500
0 3 255 66 1500
3 1 197 22 1500
0 1 105 217 1500
3 0 206 66 1500
0 1 13 6 1500
0 1 112 31 1500
2 1 68 139 1500
0 1 137 122 1500
2 3 37 124 1500
1 2 76 73 1500
2 3 249 216 1500
3 2 222 132 1500
0 1 78 156 1500
0 3 55 205 1500
2 1 122 213 1500
3 2 241 138 1500
2 0 105 115 1500
2 0 45 229 1500
2 1 210 243 1500
3 0 62 5 1500
3 0 66 2 1500
0 3 32 52 1500
0 3 220 207 1500
3 2 11 113 1500
3 1 129 217 1500
2 0 180 11 1500
0 3 224 192 1500
3 2 131 199 1500
3 1 18 5 1500
0 1 148 48 1500
2 3 163 39 1500
3 1 3 70 1500
1 3 160 77 1500
1 0 231 246 1500
1 3 225 255 1500
1 3 234 152 1500
1 3 172 23 1500
1 2 5 100 1500
3 1 41 252 1500
3 0 116 83 1500
3 2 215 214 1500
3 1 45 194 1500
0 2 3 227 1500
2 1 66 96 1500
3 1 7 255 1500
3 1 76 38 1500
0 1 158 67 1500
0 2 43 246 1500
2 3 233 50 1500
2 1 60 166 1500
3 2 189 229 1500
2 0 67 245 1500
0 2 96 150 1500
1 2 161 140 1500
2 3 36 235 1500
2 1 222 29 1500
0 3 228 2 1500
1 2 224 66 1500
2 0 249 214 1500
0 3 214 147 1500
2 1 41 175 1500
3 1 201 41 1500
0 1 49 36 1500
2 3 105 184 1500
0 2 83 31 1500
1 0 13 9 1500
3 0 27 74 1500
3 0 136 227 1500
0 2 141 119 1500
1 2 141 235 1500
2 0 232 254 1500
1 3 147 145 1500
0 1 66 5 1500
3 1 252 209 1500
0 1 10 16 1500
1 3 255 113 1500
2 1 234 22 1500
2 0 169 188 1500
0 1 53 78 1500
3 0 134 31 1500
3 1 9 65 1500
1 2 194 143 1500
0 1 248 173 1500
3 2 102 37 1500
3 1 26 8 1500
3 2 101 124 1500
3 2 236 174 1500
1 2 174 121 1500
0 2 235 10 1500
0 2 185 186 1500
1 0 125 72 1500
2 1 198 191 1500
1 3 71 127 1500
2 1 171 194 1500
3 2 43 166 1500
2 0 43 172 1500
2 3 105 241 1500
0 3 192 218 1500
1 0 59 129 1500
3 0 66 35 1500
0 2 115 151 1500
