2 3 163 70 2000 2
2 3 171 124 2000 2
2 3 53 101 2000 2
2 3 167 194 2000 2
2 3 178 153 2000 2
2 3 7 121 2000 2
2 3 135 56 2000 2
2 3 144 238 2000 2
2 3 224 150 2000 2
2 3 172 19 4000 2
2 3 76 143 4000 2
2 3 209 229 4000 2
2 3 41 227 4000 2
2 3 85 229 4000 2
2 3 122 147 4000 2
2 3 106 210 4000 2
2 3 172 145 4000 2
2 3 83 101 4000 2
2 3 187 206 6000 2
2 3 207 137 6000 2
2 3 122 238 6000 2
2 3 50 153 6000 2
2 3 96 94 6000 2
2 3 52 43 6000 2
2 3 250 124 6000 2
2 3 240 247 6000 2
2 3 102 224 6000 2
2 3 194 182 6000 2
2 3 173 193 6000 2
2 3 151 142 6000 2
2 3 216 22 6000 2
2 3 185 253 6000 2
2 3 55 79 6000 2
2 3 58 126 6000 2
2 3 236 120 6000 2
2 3 236 206 6000 2
2 3 247 196 6000 2
2 3 172 219 6000 2
2 3 146 44 8000 2
2 3 110 174 8000 2
2 3 17 199 8000 2
2 3 180 220 8000 2
2 3 205 70 8000 2
2 3 25 215 8000 2
2 3 45 202 8000 2
2 3 162 124 8000 2
2 3 201 107 8000 2
2 3 209 92 8000 2
2 3 56 16 10000 2
2 3 51 1 10000 2
2 3 8 70 10000 2
2 3 226 193 10000 2
2 3 161 120 10000 2
2 3 8 201 10000 2
2 3 89 129 10000 2
2 3 141 8 10000 2
2 3 152 180 10000 2
2 3 144 147 10000 2
2 3 94 163 10000 2
2 3 44 246 10000 2
2 3 212 69 10000 2
