3 0 171 211 2000 2
3 0 186 141 2000 2
3 0 180 249 2000 2
3 0 16 2 2000 2
3 0 243 162 2000 2
3 0 4 17 2000 2
3 0 135 199 2000 2
3 0 171 201 2000 2
3 0 133 211 2000 2
3 0 48 164 2000 2
3 0 32 174 2000 2
3 0 50 162 2000 2
3 0 174 160 2000 2
3 0 8 225 2000 2
3 0 45 7 2000 2
3 0 127 71 4000 2
3 0 128 28 4000 2
3 0 231 93 4000 2
3 0 205 19 4000 2
3 0 244 161 4000 2
3 0 185 90 4000 2
3 0 88 54 4000 2
3 0 1 233 4000 2
3 0 229 94 4000 2
3 0 225 10 4000 2
3 0 126 91 4000 2
3 0 180 204 4000 2
3 0 40 3 4000 2
3 0 176 100 4000 2
3 0 92 134 4000 2
3 0 98 218 4000 2
3 0 222 219 4000 2
3 0 253 226 4000 2
3 0 236 75 4000 2
3 0 249 97 4000 2
3 0 39 199 6000 2
3 0 26 206 6000 2
3 0 26 143 6000 2
3 0 11 117 6000 2
3 0 233 184 6000 2
3 0 31 240 6000 2
3 0 172 28 6000 2
3 0 244 138 6000 2
3 0 82 67 6000 2
3 0 6 93 6000 2
3 0 169 216 6000 2
3 0 148 185 6000 2
3 0 119 48 6000 2
3 0 153 81 6000 2
3 0 23 111 6000 2
3 0 216 233 6000 2
3 0 92 248 6000 2
3 0 46 139 6000 2
3 0 255 239 6000 2
3 0 73 76 8000 2
3 0 171 167 8000 2
3 0 148 24 8000 2
3 0 240 3 8000 2
3 0 100 246 8000 2
3 0 61 125 8000 2
3 0 204 34 8000 2
3 0 117 130 8000 2
3 0 168 147 8000 2
3 0 76 109 10000 2
3 0 190 45 10000 2
3 0 216 209 10000 2
3 0 34 27 10000 2
3 0 68 223 10000 2
3 0 103 98 10000 2
3 0 203 40 10000 2
3 0 118 164 10000 2
3 0 211 158 10000 2
