0 1 238 246 2000 2
0 1 117 187 2000 2
0 1 63 52 2000 2
0 1 49 57 2000 2
0 1 9 101 2000 2
0 1 172 74 2000 2
0 1 126 222 2000 2
0 1 210 90 2000 2
0 1 181 131 2000 2
0 1 249 251 2000 2
0 1 167 58 2000 2
0 1 119 99 2000 2
0 1 58 252 4000 2
0 1 112 32 4000 2
0 1 29 160 4000 2
0 1 178 158 4000 2
0 1 56 84 4000 2
0 1 192 219 4000 2
0 1 147 40 4000 2
0 1 19 56 4000 2
0 1 97 148 4000 2
0 1 2 6 4000 2
0 1 248 142 4000 2
0 1 56 73 6000 2
0 1 174 42 6000 2
0 1 142 81 6000 2
0 1 251 31 6000 2
0 1 130 22 6000 2
0 1 140 60 6000 2
0 1 201 38 6000 2
0 1 132 23 6000 2
0 1 185 110 6000 2
0 1 27 6 6000 2
0 1 123 231 6000 2
0 1 205 27 6000 2
0 1 179 72 6000 2
0 1 41 42 8000 2
0 1 236 47 8000 2
0 1 83 187 8000 2
0 1 81 6 8000 2
0 1 9 239 8000 2
0 1 189 230 8000 2
0 1 157 180 8000 2
0 1 124 240 8000 2
0 1 105 102 8000 2
0 1 191 3 8000 2
0 1 113 149 8000 2
0 1 81 156 8000 2
0 1 93 145 8000 2
0 1 163 98 8000 2
0 1 106 115 8000 2
0 1 138 39 8000 2
0 1 73 223 10000 2
0 1 120 73 10000 2
0 1 89 46 10000 2
0 1 55 229 10000 2
0 1 189 136 10000 2
0 1 163 167 10000 2
0 1 153 226 10000 2
0 1 179 120 10000 2
0 1 199 171 10000 2
0 1 72 138 10000 2
0 1 29 168 10000 2
