1 2 159 244 2000 2
1 2 39 235 2000 2
1 2 105 145 2000 2
1 2 28 232 2000 2
1 2 48 250 2000 2
1 2 98 51 2000 2
1 2 149 246 2000 2
1 2 99 81 2000 2
1 2 127 85 4000 2
1 2 28 147 4000 2
1 2 37 202 4000 2
1 2 35 135 4000 2
1 2 14 5 4000 2
1 2 208 198 4000 2
1 2 75 79 4000 2
1 2 39 97 4000 2
1 2 152 154 4000 2
1 2 229 54 4000 2
1 2 208 160 4000 2
1 2 180 121 4000 2
1 2 161 244 4000 2
1 2 140 32 4000 2
1 2 62 39 4000 2
1 2 224 61 4000 2
1 2 69 98 4000 2
1 2 170 81 6000 2
1 2 38 208 6000 2
1 2 1 135 6000 2
1 2 122 241 6000 2
1 2 225 132 6000 2
1 2 7 149 6000 2
1 2 116 99 6000 2
1 2 150 179 6000 2
1 2 214 87 6000 2
1 2 254 151 6000 2
1 2 49 166 6000 2
1 2 224 142 6000 2
1 2 153 191 6000 2
1 2 139 86 8000 2
1 2 178 11 8000 2
1 2 216 204 8000 2
1 2 18 5 8000 2
1 2 86 194 8000 2
1 2 58 105 8000 2
1 2 91 206 8000 2
1 2 102 14 8000 2
1 2 206 76 10000 2
1 2 185 195 10000 2
1 2 71 154 10000 2
1 2 225 238 10000 2
1 2 146 21 10000 2
1 2 210 181 10000 2
1 2 200 251 10000 2
1 2 38 50 10000 2
1 2 97 35 10000 2
1 2 92 189 10000 2
1 2 216 124 10000 2
1 2 96 88 10000 2
1 2 233 3 10000 2
1 2 18 229 10000 2
