# src_chip dst_chip src_pe dst_pe inject_cycle
# mode=ring entries=1536 chips=1 pe_per_chip=1024 timesteps=5 interval=2000 seed=51
0 0 15 874 2000
0 0 26 929 2000
0 0 610 475 2000
0 0 862 743 2000
0 0 979 620 2000
0 0 663 774 2000
0 0 173 687 2000
0 0 18 195 2000
0 0 614 304 2000
0 0 908 169 2000
0 0 663 492 2000
0 0 870 168 2000
0 0 976 292 2000
0 0 28 68 2000
0 0 44 957 2000
0 0 668 814 2000
0 0 466 623 2000
0 0 829 894 2000
0 0 49 680 2000
0 0 552 16 2000
0 0 457 646 2000
0 0 767 617 2000
0 0 566 461 2000
0 0 714 262 2000
0 0 107 798 2000
0 0 101 254 2000
0 0 944 559 2000
0 0 716 853 2000
0 0 565 811 2000
0 0 926 354 2000
0 0 917 719 2000
0 0 220 138 2000
0 0 1011 300 2000
0 0 38 8 2000
0 0 520 130 2000
0 0 166 623 2000
0 0 463 444 2000
0 0 333 183 2000
0 0 633 1023 2000
0 0 332 226 2000
0 0 963 180 2000
0 0 963 354 2000
0 0 68 537 2000
0 0 502 176 2000
0 0 85 606 2000
0 0 272 759 2000
0 0 707 440 2000
0 0 880 664 2000
0 0 9 330 2000
0 0 262 664 2000
0 0 723 974 2000
0 0 103 650 2000
0 0 53 668 2000
0 0 585 11 2000
0 0 883 634 2000
0 0 591 71 2000
0 0 728 975 2000
0 0 34 724 2000
0 0 876 127 2000
0 0 618 96 2000
0 0 719 198 2000
0 0 308 94 2000
0 0 870 582 2000
0 0 223 309 2000
0 0 972 189 2000
0 0 343 4 2000
0 0 761 422 2000
0 0 983 676 2000
0 0 649 214 2000
0 0 9 484 2000
0 0 369 128 2000
0 0 146 380 2000
0 0 392 236 2000
0 0 1022 183 2000
0 0 311 138 2000
0 0 889 320 2000
0 0 633 829 2000
0 0 274 681 2000
0 0 286 948 2000
0 0 509 229 2000
0 0 955 962 2000
0 0 806 641 2000
0 0 48 1022 2000
0 0 886 821 2000
0 0 222 159 2000
0 0 496 693 2000
0 0 600 887 2000
0 0 413 616 2000
0 0 333 757 2000
0 0 788 58 2000
0 0 901 325 2000
0 0 40 46 2000
0 0 25 749 2000
0 0 655 805 2000
0 0 148 136 2000
0 0 170 643 2000
0 0 94 663 2000
0 0 364 785 2000
0 0 833 844 2000
0 0 24 1001 2000
0 0 873 554 2000
0 0 911 378 2000
0 0 791 38 2000
0 0 594 254 2000
0 0 275 172 2000
0 0 824 436 2000
0 0 54 560 2000
0 0 902 552 2000
0 0 832 179 2000
0 0 243 890 2000
0 0 237 700 2000
0 0 560 302 2000
0 0 259 506 2000
0 0 600 214 2000
0 0 980 991 2000
0 0 82 644 2000
0 0 313 620 2000
0 0 474 475 2000
0 0 464 573 2000
0 0 395 327 2000
0 0 711 471 2000
0 0 493 923 2000
0 0 347 836 2000
0 0 54 695 2000
0 0 741 921 2000
0 0 1009 481 2000
0 0 413 892 2000
0 0 147 166 2000
0 0 318 837 2000
0 0 483 45 2000
0 0 771 310 2000
0 0 641 29 2000
0 0 452 8 2000
0 0 836 245 2000
0 0 829 488 2000
0 0 792 281 2000
0 0 156 644 2000
0 0 264 913 2000
0 0 94 658 2000
0 0 928 42 2000
0 0 287 685 2000
0 0 512 382 2000
0 0 744 759 2000
0 0 242 196 2000
0 0 1004 808 2000
0 0 122 790 2000
0 0 221 308 2000
0 0 881 649 2000
0 0 386 414 2000
0 0 986 469 2000
0 0 668 332 2000
0 0 844 573 2000
0 0 247 27 2000
0 0 478 813 2000
0 0 809 633 2000
0 0 945 137 2000
0 0 87 334 2000
0 0 927 89 2000
0 0 604 171 2000
0 0 815 822 2000
0 0 372 258 2000
0 0 943 415 2000
0 0 958 874 2000
0 0 84 901 2000
0 0 212 425 2000
0 0 463 988 2000
0 0 990 532 2000
0 0 327 654 2000
0 0 245 759 2000
0 0 533 669 2000
0 0 782 683 2000
0 0 932 156 2000
0 0 678 102 2000
0 0 474 200 2000
0 0 412 845 2000
0 0 319 537 2000
0 0 294 905 2000
0 0 326 177 2000
0 0 556 792 2000
0 0 535 355 2000
0 0 142 223 2000
0 0 639 832 2000
0 0 582 560 2000
0 0 631 918 2000
0 0 386 281 2000
0 0 1010 520 2000
0 0 885 896 2000
0 0 559 113 2000
0 0 422 557 2000
0 0 140 739 2000
0 0 462 179 2000
0 0 644 86 2000
0 0 993 800 2000
0 0 479 55 2000
0 0 48 437 2000
0 0 475 623 2000
0 0 929 123 2000
0 0 839 939 2000
0 0 460 786 2000
0 0 212 481 2000
0 0 38 744 2000
0 0 55 584 2000
0 0 944 1005 2000
0 0 230 109 2000
0 0 431 700 2000
0 0 725 303 2000
0 0 765 831 2000
0 0 764 505 2000
0 0 226 774 2000
0 0 865 458 2000
0 0 555 569 2000
0 0 808 404 2000
0 0 24 981 2000
0 0 382 780 2000
0 0 909 562 2000
0 0 724 1019 2000
0 0 646 135 2000
0 0 388 927 2000
0 0 132 853 2000
0 0 815 137 2000
0 0 700 510 2000
0 0 736 51 2000
0 0 22 426 2000
0 0 998 419 2000
0 0 817 174 2000
0 0 655 125 2000
0 0 117 726 2000
0 0 395 574 2000
0 0 969 508 2000
0 0 263 82 2000
0 0 909 530 2000
0 0 869 591 2000
0 0 185 428 2000
0 0 237 720 2000
0 0 761 203 2000
0 0 489 251 2000
0 0 576 495 2000
0 0 587 577 2000
0 0 778 624 2000
0 0 303 561 2000
0 0 782 228 2000
0 0 486 696 2000
0 0 32 747 2000
0 0 592 225 2000
0 0 585 180 2000
0 0 218 139 2000
0 0 257 734 2000
0 0 946 843 2000
0 0 880 680 2000
0 0 984 555 2000
0 0 517 478 2000
0 0 1021 842 2000
0 0 280 448 2000
0 0 730 234 2000
0 0 532 870 2000
0 0 1015 865 2000
0 0 641 176 2000
0 0 12 869 2000
0 0 17 611 2000
0 0 956 74 2000
0 0 281 941 2000
0 0 1010 1016 2000
0 0 479 533 2000
0 0 284 265 2000
0 0 919 781 2000
0 0 243 354 2000
0 0 742 488 2000
0 0 773 63 2000
0 0 327 338 2000
0 0 946 713 2000
0 0 118 618 2000
0 0 871 978 2000
0 0 439 869 2000
0 0 615 173 2000
0 0 914 692 2000
0 0 962 1012 2000
0 0 466 931 2000
0 0 64 255 2000
0 0 877 955 2000
0 0 222 183 2000
0 0 525 419 2000
0 0 21 168 2000
0 0 637 690 2000
0 0 133 987 2000
0 0 1008 325 2000
0 0 331 251 4000
0 0 919 804 4000
0 0 897 980 4000
0 0 907 1006 4000
0 0 864 907 4000
0 0 268 402 4000
0 0 397 876 4000
0 0 459 114 4000
0 0 620 96 4000
0 0 249 26 4000
0 0 117 60 4000
0 0 61 291 4000
0 0 454 272 4000
0 0 507 624 4000
0 0 839 877 4000
0 0 764 225 4000
0 0 288 731 4000
0 0 250 582 4000
0 0 759 182 4000
0 0 240 597 4000
0 0 647 411 4000
0 0 465 326 4000
0 0 747 303 4000
0 0 955 195 4000
0 0 726 1006 4000
0 0 997 630 4000
0 0 856 410 4000
0 0 275 117 4000
0 0 845 715 4000
0 0 850 241 4000
0 0 909 92 4000
0 0 796 797 4000
0 0 452 44 4000
0 0 1013 444 4000
0 0 240 122 4000
0 0 354 574 4000
0 0 939 942 4000
0 0 838 547 4000
0 0 81 244 4000
0 0 981 42 4000
0 0 599 6 4000
0 0 684 858 4000
0 0 64 925 4000
0 0 269 202 4000
0 0 963 1017 4000
0 0 749 678 4000
0 0 631 580 4000
0 0 307 0 4000
0 0 404 726 4000
0 0 977 887 4000
0 0 817 442 4000
0 0 738 458 4000
0 0 490 407 4000
0 0 135 97 4000
0 0 409 416 4000
0 0 675 268 4000
0 0 126 477 4000
0 0 634 265 4000
0 0 191 451 4000
0 0 705 53 4000
0 0 551 486 4000
0 0 342 86 4000
0 0 728 393 4000
0 0 173 635 4000
0 0 543 160 4000
0 0 31 248 4000
0 0 762 600 4000
0 0 67 741 4000
0 0 75 960 4000
0 0 29 699 4000
0 0 198 800 4000
0 0 791 854 4000
0 0 564 102 4000
0 0 400 180 4000
0 0 734 157 4000
0 0 337 848 4000
0 0 910 200 4000
0 0 970 704 4000
0 0 1019 686 4000
0 0 401 754 4000
0 0 888 637 4000
0 0 630 779 4000
0 0 97 155 4000
0 0 768 280 4000
0 0 1012 783 4000
0 0 803 414 4000
0 0 366 333 4000
0 0 599 131 4000
0 0 317 667 4000
0 0 57 733 4000
0 0 682 62 4000
0 0 584 982 4000
0 0 677 541 4000
0 0 934 181 4000
0 0 622 355 4000
0 0 720 764 4000
0 0 763 92 4000
0 0 290 649 4000
0 0 880 150 4000
0 0 696 1016 4000
0 0 975 692 4000
0 0 25 750 4000
0 0 215 963 4000
0 0 455 686 4000
0 0 253 1010 4000
0 0 302 556 4000
0 0 605 286 4000
0 0 3 170 4000
0 0 488 205 4000
0 0 58 494 4000
0 0 481 825 4000
0 0 373 149 4000
0 0 222 773 4000
0 0 223 118 4000
0 0 22 183 4000
0 0 563 869 4000
0 0 57 625 4000
0 0 882 367 4000
0 0 788 608 4000
0 0 479 838 4000
0 0 632 676 4000
0 0 587 356 4000
0 0 125 223 4000
0 0 675 291 4000
0 0 94 308 4000
0 0 722 989 4000
0 0 445 44 4000
0 0 52 344 4000
0 0 683 373 4000
0 0 546 65 4000
0 0 969 326 4000
0 0 952 249 4000
0 0 1 139 4000
0 0 980 448 4000
0 0 347 638 4000
0 0 845 191 4000
0 0 685 489 4000
0 0 710 122 4000
0 0 874 974 4000
0 0 729 900 4000
0 0 986 400 4000
0 0 85 524 4000
0 0 942 75 4000
0 0 547 136 4000
0 0 58 764 4000
0 0 696 614 4000
0 0 786 588 4000
0 0 305 930 4000
0 0 992 998 4000
0 0 167 636 4000
0 0 473 724 4000
0 0 491 846 4000
0 0 153 943 4000
0 0 467 510 4000
0 0 17 90 4000
0 0 412 971 4000
0 0 864 561 4000
0 0 6 12 4000
0 0 172 714 4000
0 0 645 112 4000
0 0 199 609 4000
0 0 354 614 4000
0 0 156 887 4000
0 0 386 297 4000
0 0 644 399 4000
0 0 766 570 4000
0 0 1022 730 4000
0 0 535 671 4000
0 0 726 584 4000
0 0 985 520 4000
0 0 999 23 4000
0 0 372 152 4000
0 0 253 1021 4000
0 0 945 970 4000
0 0 865 141 4000
0 0 663 434 4000
0 0 448 458 4000
0 0 22 129 4000
0 0 968 572 4000
0 0 534 602 4000
0 0 497 668 4000
0 0 544 270 4000
0 0 745 492 4000
0 0 697 346 4000
0 0 24 414 4000
0 0 334 598 4000
0 0 642 343 4000
0 0 482 868 4000
0 0 790 573 4000
0 0 538 481 4000
0 0 437 738 4000
0 0 107 465 4000
0 0 317 149 4000
0 0 619 556 4000
0 0 354 381 4000
0 0 118 876 4000
0 0 660 717 4000
0 0 845 568 4000
0 0 660 996 4000
0 0 452 723 4000
0 0 254 596 4000
0 0 849 934 4000
0 0 538 148 4000
0 0 31 671 4000
0 0 33 718 4000
0 0 246 231 4000
0 0 365 590 4000
0 0 844 464 4000
0 0 588 273 4000
0 0 113 696 4000
0 0 475 962 4000
0 0 566 65 4000
0 0 746 55 4000
0 0 250 328 4000
0 0 291 286 4000
0 0 397 56 4000
0 0 648 783 4000
0 0 268 77 4000
0 0 765 507 4000
0 0 459 385 4000
0 0 314 543 4000
0 0 548 492 4000
0 0 626 372 4000
0 0 178 885 4000
0 0 390 501 4000
0 0 236 291 4000
0 0 657 638 4000
0 0 530 1009 4000
0 0 419 707 4000
0 0 299 209 4000
0 0 254 540 4000
0 0 165 379 4000
0 0 846 363 4000
0 0 581 127 4000
0 0 758 535 4000
0 0 139 161 4000
0 0 473 665 4000
0 0 239 703 4000
0 0 484 288 4000
0 0 745 309 4000
0 0 511 109 4000
0 0 240 706 4000
0 0 973 459 4000
0 0 795 602 4000
0 0 906 711 4000
0 0 115 751 4000
0 0 70 1004 4000
0 0 524 139 4000
0 0 358 749 4000
0 0 451 836 4000
0 0 184 199 4000
0 0 1012 940 4000
0 0 429 84 4000
0 0 573 745 4000
0 0 266 865 4000
0 0 499 530 4000
0 0 188 601 4000
0 0 373 375 4000
0 0 787 793 4000
0 0 221 282 4000
0 0 838 854 4000
0 0 516 896 4000
0 0 561 61 4000
0 0 823 959 4000
0 0 464 685 4000
0 0 758 587 4000
0 0 736 681 4000
0 0 945 437 4000
0 0 722 426 4000
0 0 499 343 4000
0 0 981 8 4000
0 0 139 695 4000
0 0 488 653 4000
0 0 764 525 4000
0 0 469 795 4000
0 0 490 205 4000
0 0 218 765 4000
0 0 297 363 4000
0 0 358 529 4000
0 0 731 536 4000
0 0 936 889 4000
0 0 403 785 4000
0 0 207 93 4000
0 0 322 148 4000
0 0 794 266 4000
0 0 394 334 4000
0 0 75 112 4000
0 0 869 829 4000
0 0 50 579 4000
0 0 844 259 4000
0 0 912 21 4000
0 0 737 396 6000
0 0 711 630 6000
0 0 411 1002 6000
0 0 836 574 6000
0 0 781 17 6000
0 0 100 542 6000
0 0 289 357 6000
0 0 94 121 6000
0 0 621 498 6000
0 0 80 448 6000
0 0 999 46 6000
0 0 677 787 6000
0 0 443 171 6000
0 0 813 643 6000
0 0 511 863 6000
0 0 100 275 6000
0 0 587 288 6000
0 0 616 691 6000
0 0 928 731 6000
0 0 614 766 6000
0 0 900 941 6000
0 0 914 836 6000
0 0 140 777 6000
0 0 334 275 6000
0 0 684 402 6000
0 0 442 242 6000
0 0 507 658 6000
0 0 588 1021 6000
0 0 839 859 6000
0 0 987 89 6000
0 0 970 347 6000
0 0 788 402 6000
0 0 608 427 6000
0 0 113 325 6000
0 0 765 92 6000
0 0 31 144 6000
0 0 420 806 6000
0 0 863 994 6000
0 0 361 348 6000
0 0 329 426 6000
0 0 875 50 6000
0 0 89 482 6000
0 0 263 888 6000
0 0 643 697 6000
0 0 301 257 6000
0 0 536 892 6000
0 0 849 743 6000
0 0 838 130 6000
0 0 234 405 6000
0 0 810 847 6000
0 0 514 698 6000
0 0 681 518 6000
0 0 734 998 6000
0 0 954 371 6000
0 0 499 36 6000
0 0 987 211 6000
0 0 188 452 6000
0 0 630 289 6000
0 0 883 800 6000
0 0 311 423 6000
0 0 359 997 6000
0 0 254 172 6000
0 0 405 852 6000
0 0 103 854 6000
0 0 626 897 6000
0 0 924 238 6000
0 0 7 935 6000
0 0 329 301 6000
0 0 927 571 6000
0 0 857 926 6000
0 0 331 228 6000
0 0 280 854 6000
0 0 720 412 6000
0 0 854 754 6000
0 0 273 162 6000
0 0 58 847 6000
0 0 287 583 6000
0 0 488 85 6000
0 0 728 194 6000
0 0 773 232 6000
0 0 523 47 6000
0 0 164 524 6000
0 0 70 315 6000
0 0 317 80 6000
0 0 366 534 6000
0 0 50 111 6000
0 0 498 186 6000
0 0 273 75 6000
0 0 34 817 6000
0 0 146 337 6000
0 0 805 669 6000
0 0 483 85 6000
0 0 182 437 6000
0 0 766 318 6000
0 0 146 71 6000
0 0 796 408 6000
0 0 382 762 6000
0 0 296 1020 6000
0 0 536 130 6000
0 0 760 182 6000
0 0 203 282 6000
0 0 598 503 6000
0 0 775 192 6000
0 0 606 688 6000
0 0 492 706 6000
0 0 641 934 6000
0 0 673 605 6000
0 0 846 30 6000
0 0 207 863 6000
0 0 21 322 6000
0 0 699 372 6000
0 0 863 216 6000
0 0 1004 131 6000
0 0 842 742 6000
0 0 51 136 6000
0 0 710 2 6000
0 0 643 642 6000
0 0 765 35 6000
0 0 908 415 6000
0 0 56 782 6000
0 0 861 726 6000
0 0 27 788 6000
0 0 920 462 6000
0 0 467 636 6000
0 0 762 239 6000
0 0 796 744 6000
0 0 823 209 6000
0 0 289 645 6000
0 0 662 931 6000
0 0 852 769 6000
0 0 816 506 6000
0 0 188 104 6000
0 0 359 529 6000
0 0 242 178 6000
0 0 395 958 6000
0 0 95 19 6000
0 0 952 123 6000
0 0 182 1007 6000
0 0 93 61 6000
0 0 208 0 6000
0 0 968 913 6000
0 0 474 475 6000
0 0 439 871 6000
0 0 911 36 6000
0 0 637 964 6000
0 0 434 717 6000
0 0 800 787 6000
0 0 615 1019 6000
0 0 919 926 6000
0 0 917 499 6000
0 0 178 584 6000
0 0 285 945 6000
0 0 418 430 6000
0 0 138 768 6000
0 0 782 1 6000
0 0 834 358 6000
0 0 269 395 6000
0 0 196 913 6000
0 0 329 100 6000
0 0 250 542 6000
0 0 308 983 6000
0 0 1013 175 6000
0 0 838 571 6000
0 0 646 397 6000
0 0 243 371 6000
0 0 657 291 6000
0 0 975 931 6000
0 0 236 545 6000
0 0 123 375 6000
0 0 649 168 6000
0 0 641 405 6000
0 0 189 276 6000
0 0 787 169 6000
0 0 816 394 6000
0 0 701 899 6000
0 0 372 599 6000
0 0 608 344 6000
0 0 386 514 6000
0 0 214 137 6000
0 0 785 346 6000
0 0 261 102 6000
0 0 469 536 6000
0 0 938 560 6000
0 0 631 563 6000
0 0 628 124 6000
0 0 349 555 6000
0 0 957 230 6000
0 0 944 165 6000
0 0 360 502 6000
0 0 1019 263 6000
0 0 459 242 6000
0 0 439 67 6000
0 0 980 27 6000
0 0 477 1017 6000
0 0 151 343 6000
0 0 308 208 6000
0 0 623 735 6000
0 0 250 977 6000
0 0 63 250 6000
0 0 847 705 6000
0 0 844 308 6000
0 0 13 254 6000
0 0 726 486 6000
0 0 380 321 6000
0 0 551 994 6000
0 0 175 661 6000
0 0 313 474 6000
0 0 483 888 6000
0 0 274 617 6000
0 0 2 721 6000
0 0 608 214 6000
0 0 451 383 6000
0 0 535 794 6000
0 0 930 647 6000
0 0 583 269 6000
0 0 694 104 6000
0 0 762 767 6000
0 0 183 336 6000
0 0 426 658 6000
0 0 879 468 6000
0 0 464 763 6000
0 0 569 407 6000
0 0 11 149 6000
0 0 613 731 6000
0 0 52 638 6000
0 0 634 998 6000
0 0 101 919 6000
0 0 108 399 6000
0 0 192 827 6000
0 0 902 322 6000
0 0 228 748 6000
0 0 260 79 6000
0 0 55 145 6000
0 0 998 359 6000
0 0 435 637 6000
0 0 376 624 6000
0 0 828 664 6000
0 0 168 973 6000
0 0 340 988 6000
0 0 848 621 6000
0 0 406 137 6000
0 0 279 494 6000
0 0 760 160 6000
0 0 641 216 6000
0 0 2 705 6000
0 0 989 647 6000
0 0 593 370 6000
0 0 1017 76 6000
0 0 971 431 6000
0 0 850 415 6000
0 0 808 901 6000
0 0 648 576 6000
0 0 669 722 6000
0 0 3 262 6000
0 0 615 795 6000
0 0 757 66 6000
0 0 576 760 6000
0 0 30 231 6000
0 0 225 495 6000
0 0 1019 123 6000
0 0 243 265 6000
0 0 697 490 6000
0 0 611 617 6000
0 0 781 808 6000
0 0 842 393 6000
0 0 157 904 6000
0 0 507 202 6000
0 0 457 138 6000
0 0 753 721 6000
0 0 868 108 6000
0 0 622 977 6000
0 0 278 806 6000
0 0 673 60 6000
0 0 442 71 6000
0 0 598 432 6000
0 0 0 794 6000
0 0 500 772 6000
0 0 135 851 6000
0 0 62 279 6000
0 0 579 197 6000
0 0 115 618 6000
0 0 722 252 6000
0 0 181 364 6000
0 0 937 915 6000
0 0 137 220 6000
0 0 556 725 6000
0 0 347 914 6000
0 0 811 667 6000
0 0 82 1003 6000
0 0 450 553 6000
0 0 223 822 6000
0 0 977 409 6000
0 0 252 42 6000
0 0 549 647 6000
0 0 479 457 6000
0 0 579 995 6000
0 0 1005 316 6000
0 0 625 696 6000
0 0 21 961 6000
0 0 201 220 6000
0 0 613 632 6000
0 0 661 99 6000
0 0 725 208 6000
0 0 734 415 6000
0 0 364 914 6000
0 0 945 265 6000
0 0 150 860 6000
0 0 495 457 6000
0 0 474 557 6000
0 0 850 385 6000
0 0 527 456 6000
0 0 718 790 6000
0 0 960 411 6000
0 0 723 854 6000
0 0 632 736 6000
0 0 781 191 6000
0 0 368 742 6000
0 0 206 1005 6000
0 0 717 233 6000
0 0 431 714 6000
0 0 298 547 6000
0 0 454 551 6000
0 0 691 451 6000
0 0 404 686 6000
0 0 620 663 6000
0 0 802 639 6000
0 0 194 708 6000
0 0 658 167 6000
0 0 813 561 8000
0 0 528 33 8000
0 0 33 700 8000
0 0 733 1014 8000
0 0 240 532 8000
0 0 56 336 8000
0 0 960 600 8000
0 0 109 331 8000
0 0 603 258 8000
0 0 896 745 8000
0 0 820 412 8000
0 0 534 54 8000
0 0 494 684 8000
0 0 855 210 8000
0 0 939 469 8000
0 0 409 1002 8000
0 0 459 814 8000
0 0 425 172 8000
0 0 965 750 8000
0 0 380 60 8000
0 0 413 26 8000
0 0 346 180 8000
0 0 176 778 8000
0 0 628 742 8000
0 0 404 218 8000
0 0 468 4 8000
0 0 795 854 8000
0 0 687 566 8000
0 0 429 608 8000
0 0 836 314 8000
0 0 451 79 8000
0 0 633 342 8000
0 0 833 517 8000
0 0 888 977 8000
0 0 115 612 8000
0 0 964 984 8000
0 0 116 757 8000
0 0 747 76 8000
0 0 165 831 8000
0 0 771 855 8000
0 0 161 503 8000
0 0 603 641 8000
0 0 104 101 8000
0 0 513 881 8000
0 0 107 540 8000
0 0 1018 339 8000
0 0 519 1013 8000
0 0 610 716 8000
0 0 378 740 8000
0 0 962 708 8000
0 0 745 387 8000
0 0 611 30 8000
0 0 609 451 8000
0 0 104 568 8000
0 0 668 236 8000
0 0 737 757 8000
0 0 374 463 8000
0 0 69 677 8000
0 0 597 64 8000
0 0 218 279 8000
0 0 284 472 8000
0 0 620 756 8000
0 0 339 446 8000
0 0 864 144 8000
0 0 246 571 8000
0 0 631 616 8000
0 0 117 546 8000
0 0 550 140 8000
0 0 301 10 8000
0 0 537 506 8000
0 0 143 333 8000
0 0 969 640 8000
0 0 213 706 8000
0 0 195 70 8000
0 0 571 578 8000
0 0 596 288 8000
0 0 418 911 8000
0 0 28 52 8000
0 0 953 180 8000
0 0 832 321 8000
0 0 131 655 8000
0 0 862 531 8000
0 0 60 846 8000
0 0 761 476 8000
0 0 210 762 8000
0 0 324 840 8000
0 0 738 669 8000
0 0 857 989 8000
0 0 432 636 8000
0 0 359 1018 8000
0 0 1011 534 8000
0 0 323 1013 8000
0 0 56 696 8000
0 0 795 561 8000
0 0 389 759 8000
0 0 621 264 8000
0 0 992 705 8000
0 0 140 36 8000
0 0 970 319 8000
0 0 553 922 8000
0 0 120 454 8000
0 0 350 538 8000
0 0 893 858 8000
0 0 592 279 8000
0 0 432 107 8000
0 0 155 696 8000
0 0 97 923 8000
0 0 780 3 8000
0 0 963 622 8000
0 0 855 1017 8000
0 0 376 1000 8000
0 0 420 781 8000
0 0 990 33 8000
0 0 315 780 8000
0 0 534 674 8000
0 0 798 772 8000
0 0 15 414 8000
0 0 64 343 8000
0 0 830 473 8000
0 0 411 598 8000
0 0 844 919 8000
0 0 55 407 8000
0 0 479 683 8000
0 0 646 944 8000
0 0 121 1006 8000
0 0 538 469 8000
0 0 454 88 8000
0 0 278 478 8000
0 0 88 890 8000
0 0 315 857 8000
0 0 765 1015 8000
0 0 341 915 8000
0 0 392 102 8000
0 0 59 209 8000
0 0 669 147 8000
0 0 527 994 8000
0 0 820 454 8000
0 0 972 604 8000
0 0 767 703 8000
0 0 855 821 8000
0 0 598 850 8000
0 0 550 126 8000
0 0 138 926 8000
0 0 929 278 8000
0 0 228 807 8000
0 0 810 644 8000
0 0 347 207 8000
0 0 93 810 8000
0 0 248 183 8000
0 0 196 255 8000
0 0 348 923 8000
0 0 877 260 8000
0 0 222 83 8000
0 0 448 834 8000
0 0 625 440 8000
0 0 971 672 8000
0 0 958 101 8000
0 0 686 784 8000
0 0 711 598 8000
0 0 432 749 8000
0 0 97 819 8000
0 0 855 421 8000
0 0 30 881 8000
0 0 559 955 8000
0 0 100 893 8000
0 0 925 142 8000
0 0 145 42 8000
0 0 130 717 8000
0 0 81 619 8000
0 0 518 87 8000
0 0 846 771 8000
0 0 3 103 8000
0 0 996 554 8000
0 0 620 459 8000
0 0 476 175 8000
0 0 568 596 8000
0 0 951 582 8000
0 0 824 633 8000
0 0 979 41 8000
0 0 255 569 8000
0 0 858 968 8000
0 0 535 235 8000
0 0 935 545 8000
0 0 430 557 8000
0 0 48 938 8000
0 0 205 387 8000
0 0 292 879 8000
0 0 48 378 8000
0 0 598 557 8000
0 0 692 25 8000
0 0 873 383 8000
0 0 35 558 8000
0 0 706 109 8000
0 0 506 776 8000
0 0 746 249 8000
0 0 5 821 8000
0 0 605 707 8000
0 0 507 231 8000
0 0 363 771 8000
0 0 803 632 8000
0 0 898 792 8000
0 0 353 79 8000
0 0 34 729 8000
0 0 724 867 8000
0 0 444 474 8000
0 0 558 13 8000
0 0 654 573 8000
0 0 708 54 8000
0 0 467 323 8000
0 0 1004 336 8000
0 0 754 597 8000
0 0 661 673 8000
0 0 869 861 8000
0 0 829 758 8000
0 0 709 285 8000
0 0 833 31 8000
0 0 165 1003 8000
0 0 996 440 8000
0 0 58 573 8000
0 0 887 719 8000
0 0 45 844 8000
0 0 96 949 8000
0 0 277 655 8000
0 0 598 809 8000
0 0 14 899 8000
0 0 512 656 8000
0 0 32 754 8000
0 0 357 233 8000
0 0 892 500 8000
0 0 31 513 8000
0 0 209 776 8000
0 0 834 246 8000
0 0 77 471 8000
0 0 528 759 8000
0 0 275 942 8000
0 0 658 545 8000
0 0 725 501 8000
0 0 350 90 8000
0 0 143 480 8000
0 0 870 790 8000
0 0 377 960 8000
0 0 216 151 8000
0 0 201 557 8000
0 0 828 652 8000
0 0 953 665 8000
0 0 924 499 8000
0 0 627 568 8000
0 0 623 431 8000
0 0 823 615 8000
0 0 915 1008 8000
0 0 254 532 8000
0 0 994 260 8000
0 0 362 437 8000
0 0 483 90 8000
0 0 214 903 8000
0 0 597 936 8000
0 0 794 309 8000
0 0 372 619 8000
0 0 92 971 8000
0 0 747 862 8000
0 0 689 406 8000
0 0 333 708 8000
0 0 297 557 8000
0 0 688 32 8000
0 0 450 403 8000
0 0 505 169 8000
0 0 657 849 8000
0 0 641 194 8000
0 0 836 205 8000
0 0 769 869 8000
0 0 587 529 8000
0 0 809 844 8000
0 0 83 517 8000
0 0 993 265 8000
0 0 774 806 8000
0 0 749 926 8000
0 0 548 772 8000
0 0 410 859 8000
0 0 518 279 8000
0 0 49 534 8000
0 0 226 862 8000
0 0 932 519 8000
0 0 73 368 8000
0 0 322 444 8000
0 0 754 341 8000
0 0 1009 490 8000
0 0 76 576 8000
0 0 163 878 8000
0 0 198 643 8000
0 0 253 580 8000
0 0 416 728 8000
0 0 351 975 8000
0 0 794 505 8000
0 0 102 388 8000
0 0 372 313 8000
0 0 840 129 8000
0 0 581 469 8000
0 0 30 423 8000
0 0 913 801 8000
0 0 777 539 8000
0 0 443 946 8000
0 0 101 202 8000
0 0 317 234 8000
0 0 369 889 8000
0 0 254 845 8000
0 0 186 422 8000
0 0 434 611 8000
0 0 737 527 8000
0 0 220 179 10000
0 0 992 925 10000
0 0 888 849 10000
0 0 971 954 10000
0 0 628 948 10000
0 0 655 411 10000
0 0 937 418 10000
0 0 925 74 10000
0 0 994 949 10000
0 0 219 904 10000
0 0 327 1015 10000
0 0 275 158 10000
0 0 169 97 10000
0 0 590 32 10000
0 0 671 696 10000
0 0 214 897 10000
0 0 609 11 10000
0 0 560 873 10000
0 0 722 6 10000
0 0 38 518 10000
0 0 50 1006 10000
0 0 460 593 10000
0 0 450 762 10000
0 0 246 668 10000
0 0 199 875 10000
0 0 229 303 10000
0 0 238 208 10000
0 0 224 739 10000
0 0 739 132 10000
0 0 858 521 10000
0 0 61 510 10000
0 0 1022 574 10000
0 0 836 104 10000
0 0 153 262 10000
0 0 430 271 10000
0 0 838 99 10000
0 0 908 197 10000
0 0 385 352 10000
0 0 528 909 10000
0 0 296 964 10000
0 0 960 760 10000
0 0 575 79 10000
0 0 721 34 10000
0 0 888 5 10000
0 0 792 274 10000
0 0 760 430 10000
0 0 900 385 10000
0 0 594 471 10000
0 0 739 211 10000
0 0 310 345 10000
0 0 61 956 10000
0 0 390 998 10000
0 0 79 285 10000
0 0 200 293 10000
0 0 772 544 10000
0 0 314 109 10000
0 0 847 188 10000
0 0 908 413 10000
0 0 32 972 10000
0 0 196 322 10000
0 0 38 25 10000
0 0 594 333 10000
0 0 234 17 10000
0 0 231 590 10000
0 0 271 890 10000
0 0 341 663 10000
0 0 1011 29 10000
0 0 260 82 10000
0 0 135 611 10000
0 0 691 176 10000
0 0 807 837 10000
0 0 355 539 10000
0 0 892 563 10000
0 0 314 866 10000
0 0 78 127 10000
0 0 132 147 10000
0 0 1013 338 10000
0 0 950 996 10000
0 0 595 907 10000
0 0 534 432 10000
0 0 976 640 10000
0 0 126 302 10000
0 0 486 877 10000
0 0 833 958 10000
0 0 499 739 10000
0 0 449 610 10000
0 0 607 664 10000
0 0 758 958 10000
0 0 839 683 10000
0 0 813 418 10000
0 0 89 62 10000
0 0 846 946 10000
0 0 275 733 10000
0 0 400 234 10000
0 0 635 441 10000
0 0 321 738 10000
0 0 201 952 10000
0 0 950 74 10000
0 0 657 735 10000
0 0 1006 875 10000
0 0 925 114 10000
0 0 628 597 10000
0 0 250 160 10000
0 0 226 481 10000
0 0 545 307 10000
0 0 217 326 10000
0 0 184 988 10000
0 0 984 542 10000
0 0 816 480 10000
0 0 546 46 10000
0 0 523 574 10000
0 0 89 816 10000
0 0 780 296 10000
0 0 570 882 10000
0 0 512 873 10000
0 0 42 688 10000
0 0 698 77 10000
0 0 765 184 10000
0 0 431 765 10000
0 0 526 547 10000
0 0 480 582 10000
0 0 129 665 10000
0 0 609 441 10000
0 0 963 888 10000
0 0 879 469 10000
0 0 195 366 10000
0 0 660 639 10000
0 0 710 309 10000
0 0 410 145 10000
0 0 858 729 10000
0 0 619 135 10000
0 0 618 103 10000
0 0 19 40 10000
0 0 191 763 10000
0 0 577 792 10000
0 0 313 876 10000
0 0 736 846 10000
0 0 442 601 10000
0 0 515 173 10000
0 0 270 895 10000
0 0 837 516 10000
0 0 351 431 10000
0 0 734 276 10000
0 0 950 885 10000
0 0 570 701 10000
0 0 929 677 10000
0 0 856 933 10000
0 0 294 446 10000
0 0 423 577 10000
0 0 503 450 10000
0 0 188 263 10000
0 0 824 789 10000
0 0 820 784 10000
0 0 314 609 10000
0 0 361 349 10000
0 0 240 354 10000
0 0 178 40 10000
0 0 982 998 10000
0 0 813 439 10000
0 0 771 346 10000
0 0 57 579 10000
0 0 578 939 10000
0 0 531 987 10000
0 0 48 212 10000
0 0 715 425 10000
0 0 323 751 10000
0 0 202 349 10000
0 0 498 667 10000
0 0 974 317 10000
0 0 363 306 10000
0 0 668 801 10000
0 0 527 282 10000
0 0 729 756 10000
0 0 510 524 10000
0 0 265 596 10000
0 0 418 803 10000
0 0 373 576 10000
0 0 540 103 10000
0 0 308 228 10000
0 0 711 93 10000
0 0 444 691 10000
0 0 467 608 10000
0 0 240 751 10000
0 0 882 117 10000
0 0 173 194 10000
0 0 170 905 10000
0 0 900 400 10000
0 0 33 646 10000
0 0 25 657 10000
0 0 555 187 10000
0 0 155 160 10000
0 0 585 225 10000
0 0 859 614 10000
0 0 879 327 10000
0 0 144 371 10000
0 0 272 993 10000
0 0 91 899 10000
0 0 315 616 10000
0 0 997 404 10000
0 0 361 677 10000
0 0 758 572 10000
0 0 557 920 10000
0 0 654 656 10000
0 0 209 480 10000
0 0 778 563 10000
0 0 27 82 10000
0 0 349 884 10000
0 0 531 877 10000
0 0 92 721 10000
0 0 546 134 10000
0 0 868 95 10000
0 0 717 895 10000
0 0 677 732 10000
0 0 958 997 10000
0 0 755 800 10000
0 0 249 526 10000
0 0 220 207 10000
0 0 423 510 10000
0 0 886 782 10000
0 0 111 552 10000
0 0 422 6 10000
0 0 1015 598 10000
0 0 982 944 10000
0 0 204 259 10000
0 0 712 594 10000
0 0 680 496 10000
0 0 634 651 10000
0 0 780 199 10000
0 0 726 719 10000
0 0 88 284 10000
0 0 1005 1020 10000
0 0 925 337 10000
0 0 552 371 10000
0 0 986 270 10000
0 0 233 386 10000
0 0 219 641 10000
0 0 12 30 10000
0 0 3 636 10000
0 0 554 739 10000
0 0 171 236 10000
0 0 845 304 10000
0 0 674 870 10000
0 0 313 582 10000
0 0 67 451 10000
0 0 134 598 10000
0 0 793 470 10000
0 0 333 680 10000
0 0 129 416 10000
0 0 817 873 10000
0 0 72 107 10000
0 0 921 898 10000
0 0 299 612 10000
0 0 1 929 10000
0 0 4 496 10000
0 0 74 209 10000
0 0 79 105 10000
0 0 949 546 10000
0 0 343 975 10000
0 0 476 19 10000
0 0 482 69 10000
0 0 347 700 10000
0 0 331 44 10000
0 0 974 653 10000
0 0 488 605 10000
0 0 730 246 10000
0 0 46 371 10000
0 0 786 47 10000
0 0 563 493 10000
0 0 369 60 10000
0 0 43 483 10000
0 0 85 600 10000
0 0 266 757 10000
0 0 992 874 10000
0 0 923 171 10000
0 0 973 701 10000
0 0 566 894 10000
0 0 733 5 10000
0 0 710 423 10000
0 0 932 678 10000
0 0 704 841 10000
0 0 181 350 10000
0 0 425 384 10000
0 0 286 700 10000
0 0 674 520 10000
0 0 843 368 10000
0 0 258 954 10000
0 0 201 315 10000
0 0 33 543 10000
0 0 625 45 10000
0 0 195 348 10000
0 0 92 415 10000
0 0 176 20 10000
0 0 145 801 10000
0 0 12 928 10000
0 0 460 825 10000
0 0 270 678 10000
0 0 264 254 10000
0 0 66 347 10000
0 0 835 984 10000
0 0 30 392 10000
0 0 258 0 10000
0 0 55 1019 10000
0 0 539 524 10000
0 0 195 359 10000
0 0 631 706 10000
0 0 326 423 10000
0 0 314 437 10000
0 0 72 391 10000
0 0 110 721 10000
0 0 67 679 10000
0 0 770 692 10000
0 0 850 487 10000
0 0 477 1021 10000
0 0 855 195 10000
0 0 21 283 10000
0 0 838 780 10000
0 0 376 828 10000
0 0 678 511 10000
0 0 594 603 10000
0 0 731 354 10000
0 0 796 314 10000
0 0 766 653 10000
0 0 798 148 10000
0 0 346 437 10000
