# src_chip dst_chip src_pe dst_pe inject_cycle
# mode=ring entries=1536 chips=16 pe_per_chip=64 timesteps=5 interval=2000 seed=68
11 12 21 36 2000
11 12 18 51 2000
13 14 49 26 2000
8 9 53 11 2000
15 0 38 44 2000
11 12 54 43 2000
10 11 35 47 2000
9 10 48 56 2000
10 11 63 9 2000
0 1 29 11 2000
3 4 45 46 2000
14 15 26 32 2000
9 10 40 4 2000
3 4 56 50 2000
2 3 37 18 2000
7 8 22 5 2000
15 0 60 41 2000
14 15 10 53 2000
1 2 16 57 2000
7 8 45 24 2000
10 11 54 51 2000
8 9 33 46 2000
15 0 32 56 2000
11 12 39 13 2000
15 0 0 63 2000
3 4 10 47 2000
12 13 38 10 2000
10 11 61 56 2000
8 9 8 61 2000
3 4 58 33 2000
9 10 7 19 2000
3 4 55 53 2000
10 11 13 15 2000
14 15 22 45 2000
3 4 24 27 2000
10 11 58 13 2000
10 11 35 21 2000
3 4 2 13 2000
9 10 58 32 2000
5 6 40 32 2000
12 13 10 55 2000
9 10 56 61 2000
3 4 63 4 2000
13 14 10 37 2000
6 7 34 12 2000
13 14 2 61 2000
0 1 48 16 2000
8 9 55 27 2000
4 5 33 23 2000
5 6 51 31 2000
15 0 32 2 2000
14 15 36 53 2000
8 9 5 58 2000
14 15 61 37 2000
7 8 11 51 2000
9 10 38 36 2000
15 0 20 43 2000
1 2 2 18 2000
10 11 51 39 2000
10 11 60 43 2000
9 10 63 46 2000
12 13 30 53 2000
8 9 30 25 2000
0 1 17 60 2000
13 14 22 51 2000
0 1 16 6 2000
1 2 44 58 2000
14 15 9 51 2000
4 5 44 61 2000
0 1 7 16 2000
10 11 33 9 2000
0 1 13 26 2000
3 4 16 15 2000
15 0 61 34 2000
15 0 39 53 2000
4 5 57 17 2000
6 7 13 33 2000
14 15 41 44 2000
0 1 46 25 2000
11 12 55 20 2000
10 11 17 59 2000
8 9 52 57 2000
3 4 57 10 2000
15 0 63 3 2000
1 2 16 23 2000
3 4 57 1 2000
4 5 61 24 2000
3 4 42 16 2000
10 11 62 20 2000
12 13 53 24 2000
2 3 31 14 2000
11 12 53 0 2000
8 9 41 50 2000
15 0 32 47 2000
15 0 62 54 2000
12 13 33 60 2000
14 15 54 24 2000
13 14 2 62 2000
11 12 45 24 2000
2 3 21 56 2000
2 3 22 60 2000
2 3 24 37 2000
14 15 32 7 2000
1 2 14 28 2000
14 15 43 60 2000
1 2 4 26 2000
7 8 27 36 2000
12 13 17 22 2000
2 3 3 45 2000
2 3 24 37 2000
12 13 59 27 2000
0 1 28 55 2000
3 4 61 2 2000
12 13 35 41 2000
14 15 26 35 2000
15 0 53 7 2000
8 9 62 61 2000
13 14 27 1 2000
10 11 51 14 2000
9 10 45 19 2000
8 9 54 34 2000
13 14 27 36 2000
13 14 57 52 2000
6 7 39 59 2000
13 14 16 24 2000
8 9 53 1 2000
5 6 14 55 2000
8 9 14 35 2000
1 2 7 8 2000
9 10 32 9 2000
9 10 48 27 2000
7 8 33 6 2000
12 13 11 0 2000
8 9 39 34 2000
10 11 30 36 2000
6 7 36 24 2000
11 12 51 58 2000
1 2 12 36 2000
2 3 21 40 2000
12 13 45 25 2000
8 9 31 59 2000
11 12 32 50 2000
11 12 42 32 2000
6 7 39 62 2000
15 0 62 24 2000
15 0 4 23 2000
0 1 13 7 2000
15 0 10 60 2000
13 14 29 10 2000
2 3 63 28 2000
11 12 60 49 2000
7 8 48 41 2000
12 13 20 40 2000
1 2 36 19 2000
7 8 31 21 2000
8 9 20 2 2000
3 4 20 30 2000
3 4 32 3 2000
2 3 39 8 2000
2 3 7 38 2000
0 1 56 54 2000
4 5 28 61 2000
1 2 29 25 2000
4 5 1 13 2000
8 9 59 15 2000
9 10 14 44 2000
1 2 39 17 2000
7 8 50 61 2000
15 0 10 3 2000
15 0 50 38 2000
0 1 63 28 2000
7 8 36 57 2000
7 8 33 27 2000
14 15 63 60 2000
6 7 14 21 2000
12 13 60 52 2000
8 9 46 33 2000
4 5 53 38 2000
3 4 27 39 2000
15 0 26 53 2000
7 8 26 42 2000
15 0 5 52 2000
11 12 43 4 2000
6 7 20 49 2000
3 4 6 40 2000
7 8 40 62 2000
2 3 61 44 2000
3 4 42 0 2000
15 0 33 5 2000
13 14 39 44 2000
14 15 37 10 2000
10 11 10 8 2000
12 13 1 32 2000
11 12 50 58 2000
10 11 42 44 2000
1 2 40 35 2000
0 1 41 61 2000
4 5 49 50 2000
5 6 12 32 2000
1 2 14 41 2000
5 6 57 13 2000
8 9 63 44 2000
1 2 3 63 2000
10 11 16 26 2000
0 1 7 21 2000
11 12 11 16 2000
8 9 13 57 2000
8 9 53 39 2000
0 1 5 7 2000
13 14 39 48 2000
15 0 49 32 2000
9 10 39 16 2000
6 7 57 5 2000
4 5 50 3 2000
15 0 63 15 2000
3 4 28 45 2000
1 2 50 10 2000
11 12 18 63 2000
14 15 45 49 2000
6 7 47 11 2000
11 12 16 56 2000
3 4 45 9 2000
0 1 62 53 2000
0 1 16 29 2000
6 7 34 26 2000
12 13 38 4 2000
12 13 11 16 2000
6 7 40 34 2000
13 14 53 38 2000
2 3 9 0 2000
10 11 39 1 2000
7 8 47 33 2000
9 10 11 37 2000
11 12 49 14 2000
10 11 35 40 2000
1 2 30 2 2000
15 0 52 51 2000
9 10 24 27 2000
11 12 10 27 2000
6 7 12 31 2000
6 7 2 17 2000
10 11 14 33 2000
12 13 46 37 2000
14 15 28 0 2000
2 3 12 56 2000
12 13 20 41 2000
9 10 54 49 2000
4 5 25 3 2000
7 8 19 37 2000
9 10 13 24 2000
11 12 20 15 2000
9 10 40 0 2000
13 14 40 44 2000
10 11 57 24 2000
13 14 39 60 2000
5 6 39 54 2000
1 2 24 56 2000
6 7 2 40 2000
0 1 24 19 2000
5 6 63 20 2000
9 10 30 37 2000
1 2 36 13 2000
15 0 46 4 2000
10 11 19 2 2000
0 1 39 2 2000
14 15 9 33 2000
10 11 29 56 2000
1 2 16 1 2000
0 1 25 44 2000
9 10 7 48 2000
9 10 22 59 2000
4 5 20 9 2000
9 10 0 42 2000
11 12 57 55 2000
4 5 25 60 2000
10 11 52 31 2000
9 10 45 10 2000
10 11 23 0 2000
4 5 44 21 2000
11 12 13 21 2000
13 14 19 17 2000
3 4 29 15 2000
10 11 29 56 2000
5 6 36 9 2000
1 2 38 0 2000
7 8 37 1 2000
14 15 18 56 2000
4 5 60 54 2000
8 9 56 21 2000
5 6 4 50 2000
10 11 18 58 2000
12 13 38 19 2000
4 5 25 0 2000
2 3 27 38 2000
2 3 14 63 2000
5 6 40 21 2000
12 13 4 58 2000
11 12 11 3 2000
12 13 28 62 2000
4 5 50 33 2000
14 15 15 53 2000
15 0 30 31 2000
4 5 22 14 2000
15 0 42 21 2000
1 2 58 19 2000
13 14 26 58 2000
9 10 59 20 2000
3 4 18 15 2000
2 3 10 3 2000
13 14 58 62 2000
6 7 42 61 2000
2 3 57 10 2000
7 8 34 38 2000
10 11 61 5 2000
9 10 9 16 2000
1 2 20 24 2000
7 8 23 46 2000
0 1 50 38 2000
15 0 57 48 2000
5 6 24 50 4000
1 2 52 24 4000
3 4 56 54 4000
13 14 41 4 4000
6 7 52 21 4000
9 10 61 23 4000
6 7 7 63 4000
5 6 44 45 4000
12 13 18 25 4000
2 3 4 49 4000
6 7 18 43 4000
8 9 33 35 4000
0 1 41 29 4000
15 0 30 33 4000
0 1 11 47 4000
8 9 62 32 4000
0 1 4 53 4000
13 14 6 24 4000
6 7 28 22 4000
13 14 21 63 4000
2 3 26 29 4000
5 6 53 60 4000
5 6 60 59 4000
12 13 44 11 4000
8 9 51 28 4000
2 3 36 18 4000
13 14 57 37 4000
6 7 4 12 4000
10 11 35 10 4000
7 8 30 20 4000
5 6 15 54 4000
3 4 52 53 4000
14 15 0 25 4000
5 6 32 49 4000
15 0 1 57 4000
8 9 34 57 4000
13 14 23 43 4000
10 11 37 54 4000
1 2 12 43 4000
10 11 38 16 4000
2 3 13 27 4000
5 6 42 4 4000
9 10 59 12 4000
13 14 34 36 4000
3 4 29 55 4000
2 3 13 41 4000
8 9 30 32 4000
2 3 42 57 4000
2 3 54 13 4000
6 7 39 49 4000
15 0 48 57 4000
12 13 20 39 4000
14 15 28 50 4000
14 15 35 56 4000
15 0 53 32 4000
15 0 28 49 4000
1 2 50 41 4000
2 3 6 15 4000
0 1 59 29 4000
10 11 9 25 4000
10 11 5 22 4000
14 15 11 56 4000
15 0 34 25 4000
1 2 48 28 4000
10 11 41 5 4000
3 4 48 18 4000
11 12 12 14 4000
14 15 48 0 4000
13 14 52 28 4000
3 4 16 7 4000
14 15 44 33 4000
0 1 44 52 4000
13 14 8 55 4000
8 9 4 18 4000
10 11 62 61 4000
6 7 10 13 4000
2 3 59 10 4000
2 3 10 22 4000
14 15 41 23 4000
9 10 10 57 4000
9 10 6 10 4000
12 13 44 43 4000
11 12 24 54 4000
4 5 29 27 4000
13 14 49 59 4000
13 14 51 13 4000
6 7 59 11 4000
14 15 4 43 4000
15 0 6 49 4000
1 2 8 35 4000
0 1 50 55 4000
2 3 30 9 4000
3 4 21 31 4000
9 10 37 43 4000
9 10 36 6 4000
3 4 1 63 4000
13 14 23 7 4000
1 2 9 43 4000
15 0 2 61 4000
1 2 9 21 4000
5 6 37 56 4000
10 11 5 8 4000
13 14 16 57 4000
15 0 54 3 4000
2 3 25 44 4000
15 0 11 36 4000
13 14 54 28 4000
0 1 52 17 4000
8 9 7 46 4000
3 4 16 10 4000
6 7 33 13 4000
15 0 42 46 4000
4 5 46 32 4000
13 14 54 14 4000
13 14 8 27 4000
2 3 22 26 4000
8 9 58 51 4000
6 7 24 15 4000
8 9 11 23 4000
7 8 36 17 4000
5 6 7 27 4000
2 3 57 34 4000
1 2 1 20 4000
11 12 62 24 4000
7 8 49 7 4000
14 15 1 36 4000
1 2 20 45 4000
6 7 36 0 4000
14 15 12 39 4000
2 3 58 40 4000
15 0 23 33 4000
10 11 7 6 4000
13 14 29 18 4000
11 12 7 62 4000
14 15 46 61 4000
3 4 5 46 4000
1 2 56 41 4000
13 14 45 7 4000
12 13 14 27 4000
2 3 23 31 4000
11 12 59 10 4000
3 4 53 4 4000
0 1 51 28 4000
3 4 0 50 4000
5 6 15 33 4000
9 10 13 52 4000
6 7 31 42 4000
14 15 10 30 4000
13 14 15 6 4000
8 9 3 31 4000
2 3 27 25 4000
14 15 0 43 4000
12 13 52 59 4000
12 13 58 53 4000
13 14 47 43 4000
3 4 4 12 4000
10 11 16 22 4000
1 2 25 15 4000
9 10 44 59 4000
9 10 47 29 4000
2 3 42 18 4000
10 11 40 46 4000
12 13 30 34 4000
10 11 61 43 4000
7 8 14 46 4000
8 9 1 40 4000
11 12 54 61 4000
1 2 26 32 4000
2 3 63 21 4000
0 1 49 29 4000
13 14 23 0 4000
13 14 59 54 4000
6 7 58 15 4000
11 12 16 25 4000
0 1 46 39 4000
11 12 58 31 4000
14 15 58 17 4000
13 14 61 22 4000
1 2 12 8 4000
0 1 41 32 4000
3 4 30 8 4000
13 14 3 46 4000
0 1 21 55 4000
11 12 11 54 4000
3 4 22 5 4000
10 11 55 63 4000
14 15 56 32 4000
5 6 9 56 4000
2 3 54 46 4000
10 11 60 35 4000
1 2 31 9 4000
9 10 10 59 4000
3 4 59 45 4000
11 12 21 13 4000
2 3 47 44 4000
6 7 49 26 4000
1 2 32 53 4000
13 14 15 29 4000
2 3 41 53 4000
9 10 34 30 4000
15 0 56 28 4000
5 6 25 15 4000
11 12 45 39 4000
2 3 7 53 4000
0 1 1 31 4000
14 15 63 58 4000
15 0 0 48 4000
3 4 43 8 4000
15 0 10 1 4000
0 1 38 13 4000
14 15 50 5 4000
15 0 60 49 4000
2 3 63 24 4000
4 5 58 39 4000
12 13 24 2 4000
0 1 33 55 4000
6 7 25 22 4000
3 4 15 20 4000
3 4 24 52 4000
9 10 52 34 4000
13 14 11 33 4000
5 6 11 29 4000
11 12 6 25 4000
4 5 62 48 4000
14 15 47 21 4000
15 0 41 4 4000
10 11 44 35 4000
7 8 58 16 4000
12 13 43 1 4000
14 15 56 29 4000
6 7 24 26 4000
4 5 63 53 4000
9 10 28 35 4000
3 4 9 33 4000
0 1 56 48 4000
8 9 0 34 4000
6 7 19 63 4000
0 1 8 39 4000
15 0 36 20 4000
4 5 24 2 4000
8 9 28 15 4000
11 12 61 25 4000
8 9 2 26 4000
3 4 27 3 4000
11 12 49 7 4000
6 7 4 56 4000
9 10 63 57 4000
15 0 61 24 4000
8 9 37 58 4000
8 9 7 28 4000
7 8 57 39 4000
9 10 25 31 4000
15 0 15 6 4000
13 14 50 42 4000
9 10 41 19 4000
4 5 60 42 4000
7 8 20 37 4000
15 0 27 1 4000
6 7 18 27 4000
1 2 31 43 4000
15 0 24 43 4000
13 14 31 56 4000
9 10 24 17 4000
14 15 3 11 4000
5 6 51 31 4000
0 1 27 4 4000
7 8 7 13 4000
10 11 60 15 4000
6 7 41 33 4000
6 7 61 57 4000
8 9 23 56 4000
2 3 46 31 4000
2 3 39 60 4000
14 15 30 47 4000
2 3 30 59 4000
6 7 5 20 4000
4 5 36 20 4000
11 12 63 47 4000
3 4 37 26 4000
6 7 62 47 4000
15 0 60 5 4000
5 6 48 23 4000
14 15 12 62 4000
11 12 43 57 4000
15 0 15 51 4000
1 2 59 41 4000
9 10 21 5 4000
6 7 57 35 4000
5 6 52 8 4000
11 12 17 40 4000
10 11 53 0 4000
13 14 40 26 4000
1 2 27 19 4000
1 2 58 20 4000
11 12 39 5 4000
1 2 13 54 4000
3 4 7 45 4000
2 3 27 18 4000
1 2 23 16 4000
12 13 2 18 4000
7 8 55 30 6000
1 2 61 6 6000
7 8 11 56 6000
14 15 60 24 6000
8 9 26 56 6000
3 4 8 37 6000
5 6 44 1 6000
10 11 44 6 6000
0 1 31 7 6000
5 6 28 57 6000
3 4 8 40 6000
15 0 14 23 6000
13 14 46 58 6000
2 3 3 62 6000
6 7 5 31 6000
12 13 1 34 6000
2 3 0 6 6000
5 6 49 39 6000
15 0 29 4 6000
4 5 19 35 6000
6 7 22 3 6000
1 2 4 6 6000
12 13 31 53 6000
0 1 4 43 6000
0 1 44 45 6000
1 2 60 48 6000
12 13 42 43 6000
12 13 54 19 6000
2 3 1 15 6000
15 0 35 47 6000
2 3 7 30 6000
2 3 31 52 6000
14 15 58 27 6000
8 9 17 26 6000
12 13 0 28 6000
13 14 42 2 6000
9 10 50 41 6000
4 5 10 9 6000
13 14 61 13 6000
10 11 32 53 6000
15 0 28 13 6000
9 10 10 55 6000
9 10 34 5 6000
9 10 25 6 6000
8 9 30 19 6000
3 4 41 11 6000
10 11 30 40 6000
1 2 53 14 6000
6 7 5 56 6000
1 2 18 53 6000
2 3 39 19 6000
10 11 53 37 6000
7 8 55 24 6000
14 15 53 41 6000
3 4 20 4 6000
5 6 49 37 6000
0 1 27 36 6000
5 6 39 41 6000
15 0 4 28 6000
1 2 2 10 6000
11 12 19 13 6000
13 14 48 54 6000
3 4 12 41 6000
11 12 9 3 6000
13 14 54 10 6000
14 15 42 23 6000
3 4 58 16 6000
2 3 14 5 6000
3 4 9 46 6000
6 7 11 33 6000
2 3 62 55 6000
1 2 38 46 6000
0 1 50 39 6000
6 7 4 21 6000
5 6 62 52 6000
13 14 56 6 6000
15 0 22 34 6000
10 11 44 7 6000
4 5 48 18 6000
1 2 11 9 6000
12 13 25 0 6000
11 12 6 55 6000
4 5 10 50 6000
12 13 47 20 6000
12 13 21 22 6000
13 14 6 8 6000
7 8 8 14 6000
2 3 48 52 6000
6 7 60 40 6000
13 14 27 18 6000
6 7 23 57 6000
13 14 1 6 6000
11 12 24 62 6000
14 15 54 56 6000
0 1 51 18 6000
9 10 12 43 6000
14 15 42 32 6000
0 1 56 59 6000
7 8 29 19 6000
7 8 7 0 6000
12 13 14 8 6000
9 10 49 5 6000
7 8 35 46 6000
15 0 48 18 6000
10 11 56 32 6000
1 2 5 7 6000
7 8 41 16 6000
4 5 56 2 6000
9 10 25 21 6000
8 9 38 28 6000
5 6 23 0 6000
15 0 50 18 6000
14 15 2 45 6000
3 4 16 35 6000
7 8 11 18 6000
2 3 33 55 6000
9 10 22 2 6000
12 13 1 44 6000
5 6 35 4 6000
9 10 41 29 6000
4 5 25 50 6000
2 3 23 30 6000
3 4 41 15 6000
0 1 36 14 6000
11 12 61 37 6000
14 15 62 32 6000
8 9 33 8 6000
3 4 56 5 6000
4 5 60 0 6000
14 15 8 14 6000
6 7 51 3 6000
0 1 4 33 6000
9 10 8 0 6000
6 7 34 48 6000
12 13 60 37 6000
10 11 36 53 6000
8 9 61 14 6000
7 8 41 54 6000
13 14 23 3 6000
3 4 15 49 6000
8 9 2 41 6000
2 3 25 22 6000
15 0 51 59 6000
12 13 46 56 6000
4 5 61 54 6000
5 6 52 9 6000
9 10 10 35 6000
15 0 23 37 6000
5 6 45 61 6000
12 13 54 59 6000
3 4 60 45 6000
2 3 32 61 6000
14 15 42 27 6000
15 0 42 51 6000
7 8 4 45 6000
10 11 17 2 6000
15 0 39 40 6000
10 11 5 55 6000
10 11 52 42 6000
10 11 35 36 6000
13 14 22 50 6000
10 11 41 43 6000
9 10 60 62 6000
14 15 21 29 6000
4 5 18 2 6000
6 7 17 57 6000
11 12 7 25 6000
12 13 52 11 6000
10 11 53 46 6000
13 14 20 2 6000
13 14 56 32 6000
7 8 56 3 6000
15 0 38 35 6000
1 2 17 28 6000
15 0 63 51 6000
3 4 29 16 6000
3 4 7 14 6000
11 12 25 30 6000
3 4 12 31 6000
2 3 15 56 6000
13 14 42 29 6000
1 2 49 54 6000
12 13 35 16 6000
11 12 6 54 6000
6 7 29 22 6000
12 13 51 9 6000
11 12 7 0 6000
4 5 32 10 6000
0 1 21 9 6000
0 1 12 43 6000
2 3 19 42 6000
14 15 38 56 6000
6 7 50 27 6000
4 5 55 6 6000
11 12 48 47 6000
7 8 17 56 6000
10 11 34 4 6000
9 10 28 58 6000
5 6 30 42 6000
10 11 23 48 6000
3 4 58 46 6000
6 7 35 7 6000
2 3 5 45 6000
8 9 8 34 6000
9 10 42 32 6000
4 5 48 10 6000
9 10 46 52 6000
6 7 10 7 6000
10 11 56 54 6000
14 15 27 42 6000
13 14 29 46 6000
15 0 59 60 6000
11 12 3 61 6000
2 3 58 51 6000
6 7 12 25 6000
2 3 2 20 6000
3 4 3 63 6000
0 1 60 29 6000
7 8 15 5 6000
9 10 53 60 6000
3 4 41 60 6000
12 13 3 26 6000
2 3 27 0 6000
2 3 38 57 6000
1 2 53 6 6000
5 6 24 21 6000
15 0 7 35 6000
6 7 51 43 6000
13 14 14 26 6000
3 4 3 63 6000
11 12 53 52 6000
3 4 41 57 6000
10 11 62 21 6000
9 10 38 22 6000
6 7 16 40 6000
15 0 38 12 6000
5 6 54 27 6000
11 12 5 19 6000
10 11 45 29 6000
6 7 60 12 6000
2 3 61 48 6000
8 9 41 21 6000
8 9 54 52 6000
13 14 10 53 6000
5 6 3 17 6000
3 4 26 38 6000
9 10 9 7 6000
10 11 24 23 6000
6 7 35 23 6000
10 11 52 48 6000
0 1 31 3 6000
1 2 1 55 6000
7 8 34 52 6000
3 4 34 15 6000
9 10 31 8 6000
5 6 15 34 6000
15 0 18 40 6000
9 10 62 59 6000
6 7 47 51 6000
12 13 17 41 6000
5 6 25 44 6000
10 11 43 39 6000
11 12 29 63 6000
6 7 47 9 6000
14 15 10 38 6000
9 10 10 20 6000
7 8 55 22 6000
0 1 56 10 6000
0 1 8 49 6000
4 5 0 48 6000
6 7 30 11 6000
12 13 3 21 6000
4 5 18 6 6000
0 1 6 17 6000
11 12 25 9 6000
7 8 29 52 6000
13 14 43 38 6000
6 7 16 50 6000
4 5 50 10 6000
5 6 30 45 6000
6 7 38 31 6000
9 10 30 32 6000
12 13 32 38 6000
15 0 63 17 6000
5 6 53 36 6000
9 10 48 5 6000
0 1 29 13 6000
5 6 6 53 6000
8 9 63 12 6000
8 9 1 45 6000
9 10 10 13 8000
7 8 61 24 8000
14 15 33 49 8000
7 8 4 37 8000
5 6 39 49 8000
3 4 8 24 8000
1 2 40 62 8000
14 15 53 5 8000
14 15 15 27 8000
9 10 15 46 8000
6 7 21 40 8000
2 3 60 8 8000
14 15 63 25 8000
1 2 63 53 8000
13 14 62 14 8000
5 6 35 53 8000
4 5 47 28 8000
13 14 7 8 8000
14 15 4 0 8000
13 14 27 45 8000
0 1 4 63 8000
8 9 3 33 8000
9 10 32 22 8000
0 1 61 3 8000
6 7 48 57 8000
5 6 30 32 8000
11 12 53 52 8000
11 12 52 6 8000
15 0 17 61 8000
12 13 35 41 8000
7 8 60 51 8000
11 12 31 10 8000
10 11 6 23 8000
2 3 7 29 8000
9 10 35 14 8000
2 3 21 27 8000
15 0 39 16 8000
10 11 47 59 8000
10 11 52 33 8000
8 9 18 30 8000
7 8 27 58 8000
10 11 31 62 8000
14 15 17 49 8000
6 7 47 44 8000
0 1 40 20 8000
13 14 6 35 8000
7 8 25 44 8000
12 13 47 50 8000
3 4 27 39 8000
11 12 26 47 8000
15 0 18 32 8000
4 5 52 47 8000
0 1 20 47 8000
3 4 26 23 8000
6 7 40 26 8000
2 3 62 49 8000
15 0 29 57 8000
7 8 38 9 8000
6 7 55 36 8000
8 9 30 25 8000
8 9 6 36 8000
6 7 39 60 8000
4 5 44 61 8000
14 15 18 8 8000
3 4 48 30 8000
6 7 50 26 8000
0 1 2 55 8000
10 11 0 16 8000
15 0 21 36 8000
8 9 54 41 8000
7 8 11 15 8000
4 5 40 38 8000
5 6 39 21 8000
11 12 60 48 8000
5 6 14 50 8000
5 6 38 27 8000
8 9 15 37 8000
9 10 24 44 8000
4 5 10 40 8000
1 2 49 56 8000
5 6 2 12 8000
9 10 60 38 8000
1 2 4 2 8000
11 12 44 34 8000
1 2 2 5 8000
10 11 30 20 8000
11 12 1 10 8000
12 13 12 7 8000
6 7 38 58 8000
1 2 10 14 8000
5 6 30 32 8000
2 3 0 12 8000
6 7 29 26 8000
5 6 29 2 8000
15 0 15 18 8000
6 7 36 63 8000
1 2 50 61 8000
2 3 11 49 8000
12 13 49 62 8000
9 10 24 56 8000
10 11 60 37 8000
0 1 62 43 8000
0 1 58 45 8000
5 6 59 13 8000
10 11 43 63 8000
13 14 8 13 8000
3 4 38 52 8000
6 7 50 53 8000
12 13 52 21 8000
9 10 14 38 8000
12 13 55 26 8000
9 10 9 16 8000
3 4 34 1 8000
11 12 37 40 8000
12 13 30 58 8000
4 5 43 26 8000
9 10 33 57 8000
8 9 17 0 8000
3 4 61 18 8000
15 0 16 37 8000
12 13 56 57 8000
7 8 62 31 8000
10 11 45 13 8000
4 5 21 53 8000
13 14 8 10 8000
4 5 43 4 8000
8 9 38 30 8000
8 9 7 30 8000
13 14 16 53 8000
11 12 50 43 8000
8 9 59 48 8000
12 13 12 1 8000
11 12 21 2 8000
10 11 34 18 8000
7 8 27 2 8000
10 11 3 39 8000
9 10 34 19 8000
11 12 8 22 8000
1 2 26 58 8000
10 11 9 20 8000
3 4 3 32 8000
2 3 25 59 8000
14 15 47 18 8000
0 1 51 6 8000
0 1 44 57 8000
3 4 61 56 8000
10 11 45 63 8000
12 13 32 30 8000
1 2 17 19 8000
2 3 60 37 8000
4 5 41 32 8000
13 14 60 35 8000
10 11 24 9 8000
13 14 31 24 8000
8 9 32 20 8000
10 11 4 3 8000
13 14 4 0 8000
3 4 32 60 8000
15 0 54 6 8000
8 9 38 50 8000
4 5 35 52 8000
15 0 60 7 8000
7 8 5 28 8000
15 0 52 18 8000
10 11 6 9 8000
12 13 45 23 8000
9 10 27 40 8000
5 6 42 43 8000
2 3 35 50 8000
11 12 32 58 8000
14 15 54 34 8000
7 8 0 23 8000
3 4 39 8 8000
2 3 9 17 8000
12 13 5 12 8000
2 3 29 61 8000
2 3 58 34 8000
4 5 42 55 8000
2 3 63 40 8000
8 9 38 24 8000
13 14 34 17 8000
15 0 23 36 8000
5 6 24 4 8000
13 14 12 11 8000
13 14 44 49 8000
8 9 12 44 8000
14 15 9 55 8000
13 14 52 8 8000
11 12 20 34 8000
15 0 38 48 8000
12 13 53 3 8000
2 3 13 12 8000
9 10 55 35 8000
4 5 5 32 8000
15 0 55 32 8000
7 8 14 3 8000
12 13 32 14 8000
15 0 21 0 8000
13 14 13 38 8000
14 15 32 19 8000
4 5 57 8 8000
13 14 46 55 8000
11 12 20 42 8000
1 2 60 63 8000
9 10 53 13 8000
13 14 11 57 8000
14 15 2 43 8000
9 10 5 58 8000
15 0 51 61 8000
8 9 23 28 8000
4 5 25 29 8000
0 1 44 2 8000
4 5 29 10 8000
5 6 49 11 8000
0 1 48 18 8000
6 7 38 50 8000
15 0 37 50 8000
3 4 58 22 8000
1 2 15 58 8000
5 6 17 57 8000
15 0 10 25 8000
8 9 42 34 8000
2 3 20 50 8000
4 5 37 16 8000
1 2 37 58 8000
3 4 57 45 8000
4 5 34 38 8000
7 8 16 48 8000
7 8 49 42 8000
9 10 54 2 8000
13 14 23 31 8000
2 3 7 23 8000
13 14 56 12 8000
13 14 22 38 8000
5 6 55 15 8000
10 11 20 4 8000
12 13 16 13 8000
10 11 32 17 8000
4 5 39 15 8000
14 15 59 13 8000
8 9 56 52 8000
11 12 12 10 8000
0 1 39 24 8000
13 14 20 30 8000
14 15 18 0 8000
8 9 54 1 8000
15 0 18 47 8000
6 7 15 52 8000
1 2 33 49 8000
10 11 41 4 8000
1 2 5 27 8000
6 7 57 46 8000
2 3 3 46 8000
13 14 63 31 8000
13 14 63 3 8000
8 9 45 27 8000
12 13 1 56 8000
5 6 24 18 8000
6 7 49 32 8000
9 10 51 0 8000
8 9 3 50 8000
2 3 2 8 8000
4 5 52 47 8000
6 7 58 26 8000
5 6 53 5 8000
0 1 62 40 8000
8 9 4 0 8000
10 11 62 48 8000
12 13 1 26 8000
2 3 20 56 8000
3 4 11 21 8000
2 3 15 25 8000
15 0 25 55 8000
9 10 30 39 8000
14 15 40 10 8000
8 9 12 57 8000
10 11 4 28 8000
9 10 0 4 8000
9 10 32 27 8000
2 3 9 63 8000
3 4 62 13 8000
6 7 17 44 8000
1 2 5 30 8000
8 9 39 42 8000
15 0 1 35 8000
8 9 4 18 8000
11 12 26 8 8000
1 2 17 3 8000
11 12 47 52 8000
7 8 37 15 8000
9 10 48 16 8000
14 15 25 61 8000
2 3 20 61 8000
7 8 30 63 8000
12 13 54 56 8000
10 11 58 38 8000
2 3 43 51 8000
3 4 52 30 8000
4 5 16 39 8000
1 2 44 60 8000
14 15 14 39 10000
10 11 56 63 10000
1 2 11 51 10000
0 1 54 28 10000
12 13 16 45 10000
0 1 18 38 10000
0 1 61 24 10000
11 12 33 57 10000
0 1 3 43 10000
4 5 59 27 10000
13 14 62 45 10000
3 4 23 59 10000
4 5 47 46 10000
5 6 9 54 10000
6 7 32 15 10000
15 0 26 37 10000
15 0 10 21 10000
15 0 27 0 10000
5 6 11 9 10000
2 3 44 26 10000
15 0 24 29 10000
4 5 9 23 10000
14 15 21 12 10000
1 2 43 13 10000
8 9 35 58 10000
12 13 10 3 10000
12 13 46 17 10000
7 8 16 29 10000
4 5 3 8 10000
12 13 38 51 10000
14 15 13 32 10000
2 3 3 12 10000
3 4 12 10 10000
2 3 25 31 10000
10 11 26 28 10000
4 5 58 43 10000
6 7 2 12 10000
8 9 2 19 10000
7 8 61 45 10000
5 6 3 10 10000
1 2 50 10 10000
13 14 23 36 10000
7 8 40 19 10000
6 7 47 4 10000
8 9 24 4 10000
12 13 45 58 10000
3 4 46 0 10000
12 13 53 22 10000
15 0 20 1 10000
5 6 52 28 10000
0 1 48 47 10000
0 1 5 14 10000
4 5 53 23 10000
2 3 19 53 10000
12 13 14 1 10000
2 3 62 54 10000
5 6 41 23 10000
6 7 60 10 10000
3 4 36 11 10000
12 13 20 37 10000
10 11 1 55 10000
0 1 12 46 10000
7 8 14 0 10000
7 8 4 39 10000
9 10 60 38 10000
15 0 52 40 10000
15 0 17 38 10000
2 3 8 61 10000
6 7 24 14 10000
4 5 7 58 10000
8 9 25 36 10000
13 14 40 48 10000
4 5 7 11 10000
8 9 12 40 10000
8 9 18 37 10000
12 13 21 36 10000
14 15 26 57 10000
12 13 61 32 10000
0 1 9 27 10000
3 4 55 31 10000
7 8 1 54 10000
6 7 14 1 10000
0 1 51 17 10000
2 3 25 57 10000
8 9 61 10 10000
6 7 33 61 10000
10 11 39 5 10000
7 8 61 27 10000
12 13 16 15 10000
8 9 29 50 10000
1 2 6 33 10000
5 6 19 47 10000
7 8 0 12 10000
6 7 30 1 10000
5 6 1 47 10000
9 10 62 23 10000
8 9 18 7 10000
7 8 52 46 10000
14 15 5 40 10000
1 2 25 50 10000
5 6 26 51 10000
4 5 58 15 10000
10 11 15 7 10000
15 0 19 23 10000
14 15 41 35 10000
5 6 36 9 10000
15 0 19 27 10000
1 2 14 41 10000
8 9 56 46 10000
1 2 53 36 10000
10 11 13 29 10000
10 11 7 9 10000
11 12 38 0 10000
7 8 55 54 10000
4 5 15 60 10000
6 7 31 35 10000
11 12 17 56 10000
2 3 0 26 10000
3 4 19 39 10000
0 1 51 22 10000
3 4 36 25 10000
2 3 18 16 10000
9 10 52 8 10000
1 2 63 11 10000
15 0 18 60 10000
1 2 56 48 10000
10 11 20 45 10000
0 1 14 44 10000
11 12 45 50 10000
4 5 30 62 10000
10 11 4 6 10000
1 2 40 3 10000
14 15 43 35 10000
15 0 63 14 10000
0 1 60 32 10000
7 8 59 38 10000
9 10 19 54 10000
12 13 61 25 10000
2 3 24 29 10000
2 3 8 20 10000
6 7 29 9 10000
1 2 6 40 10000
15 0 53 30 10000
9 10 47 54 10000
8 9 1 20 10000
5 6 3 48 10000
2 3 51 6 10000
14 15 49 59 10000
11 12 36 21 10000
7 8 4 18 10000
10 11 11 41 10000
9 10 61 44 10000
15 0 0 2 10000
0 1 19 7 10000
3 4 46 29 10000
0 1 14 31 10000
3 4 14 61 10000
9 10 13 57 10000
5 6 44 45 10000
6 7 15 9 10000
11 12 23 7 10000
5 6 35 2 10000
13 14 62 27 10000
4 5 50 47 10000
12 13 62 52 10000
5 6 3 33 10000
3 4 53 16 10000
14 15 17 10 10000
8 9 34 14 10000
13 14 60 42 10000
0 1 12 45 10000
5 6 8 11 10000
14 15 9 53 10000
15 0 37 36 10000
9 10 24 35 10000
4 5 59 2 10000
13 14 30 62 10000
3 4 14 46 10000
13 14 28 60 10000
4 5 11 24 10000
13 14 39 36 10000
15 0 19 16 10000
1 2 20 30 10000
7 8 5 33 10000
11 12 31 27 10000
0 1 63 56 10000
14 15 48 4 10000
5 6 39 47 10000
15 0 48 31 10000
10 11 61 60 10000
11 12 44 61 10000
1 2 55 42 10000
13 14 45 51 10000
7 8 61 39 10000
15 0 41 50 10000
8 9 38 52 10000
4 5 27 24 10000
8 9 16 0 10000
12 13 52 7 10000
0 1 13 32 10000
3 4 2 18 10000
2 3 57 46 10000
5 6 30 50 10000
8 9 24 57 10000
0 1 33 21 10000
15 0 43 22 10000
8 9 12 48 10000
7 8 40 3 10000
0 1 32 4 10000
2 3 25 20 10000
2 3 45 48 10000
13 14 26 30 10000
12 13 8 5 10000
7 8 11 47 10000
5 6 56 39 10000
4 5 5 53 10000
11 12 54 29 10000
13 14 18 42 10000
1 2 1 42 10000
9 10 40 27 10000
4 5 1 40 10000
8 9 58 41 10000
6 7 5 29 10000
4 5 19 6 10000
14 15 40 51 10000
12 13 26 34 10000
3 4 52 11 10000
5 6 38 27 10000
15 0 15 19 10000
13 14 18 52 10000
2 3 51 28 10000
5 6 29 12 10000
4 5 62 54 10000
6 7 22 2 10000
13 14 54 59 10000
9 10 38 14 10000
13 14 19 63 10000
6 7 29 61 10000
7 8 48 57 10000
6 7 0 7 10000
7 8 16 35 10000
14 15 15 55 10000
4 5 20 34 10000
9 10 60 46 10000
1 2 26 16 10000
6 7 25 9 10000
2 3 60 57 10000
14 15 37 40 10000
5 6 49 7 10000
10 11 35 60 10000
4 5 3 62 10000
12 13 45 26 10000
2 3 46 57 10000
5 6 49 33 10000
1 2 37 45 10000
13 14 46 7 10000
1 2 40 34 10000
6 7 34 28 10000
1 2 16 10 10000
5 6 41 63 10000
12 13 62 55 10000
14 15 29 31 10000
2 3 7 41 10000
9 10 7 55 10000
2 3 7 19 10000
2 3 35 6 10000
5 6 28 6 10000
5 6 31 12 10000
4 5 14 1 10000
10 11 35 17 10000
10 11 50 18 10000
12 13 14 44 10000
9 10 22 12 10000
9 10 0 18 10000
7 8 54 15 10000
12 13 35 49 10000
8 9 55 20 10000
7 8 40 16 10000
2 3 52 19 10000
12 13 46 32 10000
14 15 21 3 10000
4 5 20 9 10000
1 2 50 42 10000
8 9 59 53 10000
2 3 20 22 10000
1 2 7 35 10000
10 11 35 25 10000
14 15 58 39 10000
11 12 5 36 10000
3 4 3 58 10000
13 14 61 55 10000
6 7 56 5 10000
14 15 33 9 10000
10 11 22 11 10000
6 7 50 9 10000
12 13 12 1 10000
6 7 42 32 10000
11 12 38 55 10000
6 7 8 22 10000
12 13 45 60 10000
7 8 54 36 10000
14 15 35 38 10000
3 4 54 25 10000
7 8 22 6 10000
6 7 6 13 10000
14 15 33 8 10000
0 1 28 24 10000
14 15 29 46 10000
8 9 57 23 10000
15 0 22 13 10000
15 0 61 49 10000
15 0 7 15 10000
10 11 36 55 10000
13 14 34 60 10000
4 5 7 0 10000
3 4 51 52 10000
1 2 21 63 10000
14 15 7 10 10000
2 3 39 14 10000
5 6 40 25 10000
9 10 56 13 10000
11 12 37 43 10000
5 6 61 38 10000
5 6 43 17 10000
14 15 15 3 10000
10 11 3 62 10000
4 5 15 31 10000
