# src_chip dst_chip src_pe dst_pe inject_cycle
# mode=ring entries=768 chips=16 pe_per_chip=64 timesteps=5 interval=2000 seed=64
14 15 25 47 2000
2 3 51 43 2000
6 7 11 53 2000
15 0 22 3 2000
6 7 31 54 2000
4 5 22 19 2000
4 5 6 8 2000
10 11 18 53 2000
3 4 52 24 2000
3 4 26 43 2000
13 14 17 31 2000
11 12 3 50 2000
2 3 58 26 2000
7 8 56 4 2000
5 6 55 60 2000
9 10 8 37 2000
10 11 54 20 2000
8 9 9 53 2000
0 1 11 12 2000
15 0 62 45 2000
13 14 22 10 2000
12 13 56 1 2000
7 8 59 54 2000
2 3 46 3 2000
4 5 61 30 2000
12 13 57 28 2000
7 8 56 61 2000
14 15 41 3 2000
9 10 6 54 2000
7 8 44 61 2000
2 3 35 5 2000
5 6 48 60 2000
2 3 47 9 2000
15 0 14 20 2000
9 10 45 14 2000
5 6 59 5 2000
3 4 8 46 2000
10 11 57 4 2000
2 3 46 53 2000
12 13 50 0 2000
10 11 49 6 2000
5 6 32 56 2000
14 15 23 56 2000
8 9 39 37 2000
1 2 45 36 2000
8 9 2 49 2000
15 0 6 43 2000
5 6 63 6 2000
13 14 58 18 2000
9 10 10 9 2000
9 10 62 50 2000
5 6 4 40 2000
14 15 62 34 2000
0 1 49 3 2000
0 1 41 30 2000
12 13 35 54 2000
15 0 59 54 2000
10 11 59 21 2000
2 3 27 49 2000
10 11 32 27 2000
14 15 56 34 2000
11 12 5 59 2000
11 12 10 42 2000
4 5 55 36 2000
4 5 8 27 2000
12 13 59 24 2000
9 10 2 20 2000
7 8 58 6 2000
6 7 26 21 2000
15 0 8 20 2000
4 5 23 45 2000
11 12 24 19 2000
2 3 6 37 2000
11 12 59 27 2000
10 11 55 41 2000
0 1 61 7 2000
5 6 34 10 2000
4 5 17 7 2000
13 14 62 51 2000
5 6 34 19 2000
11 12 10 2 2000
0 1 44 45 2000
9 10 21 37 2000
7 8 7 31 2000
13 14 42 13 2000
2 3 16 0 2000
15 0 19 59 2000
13 14 0 25 2000
7 8 51 38 2000
2 3 57 48 2000
2 3 39 7 2000
8 9 6 41 2000
13 14 48 52 2000
13 14 13 49 2000
10 11 29 25 2000
2 3 51 3 2000
12 13 14 24 2000
9 10 61 35 2000
5 6 11 23 2000
7 8 12 0 2000
13 14 39 50 2000
5 6 42 9 2000
4 5 26 53 2000
4 5 49 35 2000
5 6 45 5 2000
13 14 15 12 2000
6 7 6 4 2000
10 11 52 11 2000
7 8 59 17 2000
13 14 0 29 2000
4 5 19 51 2000
13 14 15 27 2000
15 0 23 33 2000
4 5 34 58 2000
8 9 15 48 2000
14 15 15 11 2000
9 10 49 54 2000
4 5 58 16 2000
12 13 56 12 2000
10 11 40 58 2000
9 10 54 0 2000
2 3 42 36 2000
14 15 47 56 2000
2 3 47 43 2000
3 4 53 34 2000
12 13 15 12 2000
7 8 58 10 2000
4 5 62 60 2000
14 15 43 22 2000
10 11 53 12 2000
12 13 3 57 2000
12 13 39 56 2000
4 5 10 29 2000
1 2 20 27 2000
4 5 20 62 2000
15 0 44 10 2000
13 14 13 36 2000
12 13 2 0 2000
12 13 14 56 2000
14 15 44 38 2000
5 6 57 47 2000
10 11 2 21 2000
6 7 4 5 2000
3 4 50 19 2000
9 10 14 40 2000
14 15 50 58 4000
7 8 59 10 4000
9 10 14 57 4000
7 8 31 61 4000
5 6 48 63 4000
12 13 20 34 4000
14 15 42 8 4000
5 6 62 2 4000
0 1 16 13 4000
4 5 1 62 4000
3 4 30 29 4000
2 3 48 32 4000
12 13 4 31 4000
15 0 52 25 4000
0 1 41 16 4000
8 9 27 45 4000
5 6 7 61 4000
13 14 6 18 4000
10 11 42 45 4000
13 14 18 41 4000
14 15 37 61 4000
4 5 6 31 4000
10 11 35 37 4000
13 14 47 30 4000
8 9 19 27 4000
4 5 34 26 4000
14 15 61 11 4000
10 11 40 1 4000
7 8 18 35 4000
8 9 1 48 4000
13 14 51 52 4000
7 8 48 22 4000
9 10 50 30 4000
15 0 53 39 4000
15 0 21 4 4000
7 8 6 16 4000
10 11 50 53 4000
9 10 10 46 4000
9 10 13 18 4000
11 12 5 41 4000
5 6 9 47 4000
6 7 43 49 4000
9 10 59 22 4000
6 7 44 27 4000
12 13 15 4 4000
9 10 38 20 4000
14 15 31 36 4000
7 8 10 21 4000
1 2 7 59 4000
9 10 18 47 4000
2 3 58 52 4000
9 10 49 46 4000
13 14 52 8 4000
5 6 21 8 4000
4 5 40 53 4000
8 9 15 18 4000
8 9 54 55 4000
14 15 4 52 4000
1 2 55 10 4000
14 15 30 28 4000
10 11 47 52 4000
7 8 1 36 4000
4 5 42 23 4000
15 0 49 24 4000
13 14 33 40 4000
4 5 23 22 4000
0 1 39 33 4000
0 1 33 30 4000
3 4 11 18 4000
8 9 19 60 4000
6 7 49 12 4000
1 2 4 23 4000
11 12 15 47 4000
8 9 46 13 4000
5 6 45 28 4000
6 7 41 28 4000
15 0 34 29 4000
3 4 36 49 4000
4 5 37 19 4000
15 0 38 62 4000
0 1 43 63 4000
4 5 17 60 4000
8 9 47 63 4000
5 6 63 9 4000
14 15 59 7 4000
7 8 54 59 4000
14 15 13 47 4000
10 11 0 11 4000
6 7 5 58 4000
10 11 9 26 4000
13 14 23 34 4000
12 13 61 63 4000
3 4 16 21 4000
6 7 61 47 4000
12 13 56 27 4000
14 15 43 28 4000
12 13 42 50 4000
5 6 45 26 4000
5 6 59 30 4000
4 5 61 42 4000
10 11 33 37 4000
14 15 53 11 4000
12 13 57 48 4000
0 1 5 63 4000
2 3 27 22 4000
9 10 1 21 4000
7 8 45 22 4000
1 2 60 11 4000
0 1 15 61 4000
3 4 3 29 4000
0 1 56 13 4000
6 7 20 8 4000
2 3 23 18 4000
13 14 63 40 4000
8 9 51 6 4000
4 5 41 30 4000
12 13 61 51 4000
6 7 32 41 4000
3 4 14 59 4000
13 14 0 62 4000
13 14 46 7 4000
15 0 2 1 4000
11 12 53 10 4000
15 0 45 26 4000
1 2 48 17 4000
0 1 29 18 4000
4 5 34 37 4000
8 9 13 26 4000
15 0 4 8 4000
0 1 60 8 4000
4 5 46 39 4000
6 7 47 58 4000
15 0 53 8 4000
9 10 37 41 4000
1 2 2 22 4000
2 3 46 19 4000
14 15 27 24 4000
4 5 22 37 4000
0 1 40 46 4000
0 1 43 21 4000
6 7 34 7 4000
4 5 37 26 4000
10 11 6 3 4000
0 1 55 52 4000
6 7 60 10 4000
2 3 15 21 4000
15 0 45 12 4000
6 7 4 18 4000
1 2 46 43 4000
13 14 53 46 4000
5 6 31 28 4000
8 9 38 35 4000
8 9 12 52 4000
3 4 30 58 4000
12 13 46 58 4000
6 7 15 25 4000
12 13 2 14 6000
11 12 39 48 6000
7 8 7 42 6000
9 10 47 10 6000
1 2 21 57 6000
0 1 1 60 6000
14 15 10 21 6000
8 9 3 28 6000
3 4 15 31 6000
4 5 0 19 6000
0 1 42 37 6000
5 6 26 42 6000
12 13 35 60 6000
14 15 58 1 6000
7 8 49 33 6000
12 13 55 30 6000
4 5 26 3 6000
11 12 21 17 6000
11 12 37 9 6000
14 15 52 35 6000
0 1 55 32 6000
10 11 14 25 6000
6 7 21 33 6000
13 14 12 40 6000
3 4 10 29 6000
7 8 6 40 6000
3 4 10 55 6000
13 14 0 32 6000
13 14 12 32 6000
5 6 43 27 6000
5 6 38 33 6000
10 11 17 34 6000
4 5 60 6 6000
5 6 35 60 6000
9 10 12 15 6000
12 13 50 46 6000
1 2 2 35 6000
14 15 10 13 6000
11 12 29 47 6000
9 10 25 46 6000
6 7 12 18 6000
0 1 41 47 6000
1 2 21 25 6000
3 4 59 5 6000
9 10 16 36 6000
6 7 41 43 6000
15 0 54 62 6000
2 3 9 2 6000
4 5 42 20 6000
8 9 49 22 6000
7 8 56 19 6000
0 1 16 28 6000
7 8 49 39 6000
15 0 56 22 6000
11 12 1 60 6000
14 15 61 20 6000
8 9 46 38 6000
13 14 59 40 6000
1 2 9 22 6000
9 10 20 18 6000
5 6 19 37 6000
9 10 9 51 6000
8 9 56 21 6000
11 12 13 37 6000
14 15 11 36 6000
13 14 28 39 6000
9 10 52 40 6000
11 12 58 32 6000
4 5 35 42 6000
2 3 57 1 6000
5 6 14 61 6000
6 7 59 30 6000
0 1 56 16 6000
2 3 50 34 6000
0 1 33 23 6000
7 8 53 39 6000
6 7 23 15 6000
2 3 0 1 6000
11 12 14 61 6000
2 3 56 31 6000
12 13 38 32 6000
14 15 60 55 6000
8 9 1 56 6000
1 2 49 59 6000
0 1 53 34 6000
10 11 4 6 6000
0 1 3 59 6000
5 6 23 54 6000
9 10 42 20 6000
10 11 22 7 6000
7 8 2 22 6000
15 0 32 49 6000
3 4 33 50 6000
9 10 61 47 6000
12 13 22 18 6000
13 14 1 44 6000
12 13 53 11 6000
7 8 12 54 6000
15 0 31 46 6000
14 15 9 24 6000
1 2 1 19 6000
10 11 2 19 6000
3 4 43 25 6000
0 1 23 0 6000
9 10 15 35 6000
1 2 56 17 6000
5 6 32 11 6000
14 15 33 22 6000
13 14 58 19 6000
12 13 32 62 6000
6 7 57 52 6000
0 1 30 62 6000
3 4 1 41 6000
10 11 0 61 6000
4 5 10 9 6000
7 8 4 29 6000
5 6 1 23 6000
14 15 10 63 6000
10 11 28 20 6000
13 14 6 27 6000
9 10 62 29 6000
6 7 59 16 6000
6 7 2 54 6000
0 1 35 1 6000
8 9 5 14 6000
11 12 46 42 6000
3 4 10 25 6000
11 12 26 46 6000
7 8 37 50 6000
1 2 21 37 6000
8 9 31 28 6000
14 15 14 22 6000
8 9 45 0 6000
2 3 46 40 6000
8 9 41 13 6000
8 9 6 47 6000
14 15 24 37 6000
4 5 34 23 6000
10 11 2 30 6000
10 11 26 61 6000
6 7 55 34 6000
2 3 27 7 6000
11 12 40 9 6000
0 1 38 51 6000
12 13 32 34 6000
11 12 61 5 6000
8 9 57 36 6000
1 2 55 33 6000
15 0 1 15 6000
4 5 39 47 6000
14 15 59 61 6000
2 3 24 55 6000
1 2 44 17 6000
7 8 13 34 6000
11 12 4 52 6000
4 5 55 54 6000
6 7 16 57 6000
6 7 18 5 8000
9 10 17 36 8000
8 9 54 59 8000
8 9 54 63 8000
4 5 50 53 8000
11 12 17 21 8000
10 11 28 9 8000
2 3 26 34 8000
0 1 53 17 8000
11 12 55 16 8000
0 1 21 49 8000
4 5 49 28 8000
13 14 3 46 8000
5 6 61 31 8000
11 12 58 36 8000
0 1 15 24 8000
4 5 27 46 8000
7 8 33 36 8000
3 4 38 45 8000
13 14 31 44 8000
12 13 44 34 8000
15 0 15 10 8000
0 1 13 50 8000
10 11 23 54 8000
4 5 55 52 8000
2 3 43 45 8000
5 6 37 2 8000
5 6 50 5 8000
2 3 15 43 8000
1 2 25 61 8000
4 5 37 25 8000
9 10 18 22 8000
15 0 42 61 8000
12 13 4 46 8000
7 8 44 39 8000
3 4 15 13 8000
4 5 6 37 8000
15 0 60 42 8000
5 6 22 42 8000
12 13 1 13 8000
5 6 26 33 8000
10 11 58 19 8000
15 0 59 50 8000
1 2 43 46 8000
6 7 2 59 8000
1 2 14 19 8000
14 15 22 30 8000
15 0 16 14 8000
8 9 10 2 8000
10 11 22 4 8000
8 9 59 63 8000
8 9 37 52 8000
9 10 47 26 8000
5 6 1 59 8000
0 1 19 57 8000
4 5 27 0 8000
8 9 46 47 8000
2 3 19 9 8000
7 8 61 14 8000
8 9 61 40 8000
4 5 42 53 8000
15 0 39 29 8000
15 0 48 30 8000
8 9 26 28 8000
2 3 22 58 8000
1 2 47 29 8000
12 13 36 26 8000
2 3 31 29 8000
6 7 41 49 8000
12 13 32 7 8000
6 7 59 37 8000
3 4 7 32 8000
7 8 57 6 8000
3 4 12 41 8000
1 2 10 30 8000
1 2 55 24 8000
14 15 59 12 8000
11 12 35 17 8000
2 3 51 46 8000
6 7 29 13 8000
6 7 47 34 8000
14 15 4 20 8000
5 6 40 26 8000
5 6 60 7 8000
1 2 27 52 8000
6 7 47 62 8000
15 0 33 46 8000
0 1 63 19 8000
6 7 35 52 8000
6 7 27 40 8000
12 13 2 52 8000
15 0 0 34 8000
4 5 36 17 8000
12 13 46 53 8000
2 3 46 34 8000
10 11 17 52 8000
7 8 41 10 8000
1 2 32 4 8000
5 6 10 55 8000
15 0 32 36 8000
9 10 49 44 8000
1 2 17 4 8000
0 1 62 52 8000
14 15 33 51 8000
7 8 44 15 8000
6 7 60 36 8000
5 6 7 16 8000
0 1 46 62 8000
2 3 46 47 8000
13 14 0 61 8000
10 11 23 49 8000
4 5 43 35 8000
10 11 47 25 8000
8 9 13 49 8000
3 4 8 44 8000
12 13 28 32 8000
11 12 25 23 8000
11 12 15 54 8000
15 0 5 38 8000
4 5 34 50 8000
0 1 31 29 8000
5 6 33 53 8000
14 15 21 4 8000
13 14 57 32 8000
7 8 37 44 8000
11 12 29 19 8000
15 0 25 48 8000
14 15 17 43 8000
11 12 30 21 8000
9 10 38 3 8000
14 15 60 2 8000
13 14 30 48 8000
13 14 38 44 8000
4 5 19 31 8000
6 7 10 26 8000
12 13 59 60 8000
8 9 38 21 8000
3 4 33 11 8000
3 4 45 24 8000
10 11 35 38 8000
14 15 38 12 8000
2 3 35 18 8000
2 3 29 28 8000
5 6 7 8 8000
9 10 36 18 8000
7 8 0 1 8000
8 9 24 59 8000
5 6 15 21 8000
7 8 55 22 8000
4 5 44 43 8000
15 0 15 41 10000
2 3 22 6 10000
1 2 33 14 10000
9 10 28 42 10000
1 2 63 20 10000
1 2 6 48 10000
10 11 39 40 10000
7 8 60 17 10000
15 0 12 2 10000
2 3 2 57 10000
9 10 44 57 10000
10 11 35 27 10000
6 7 43 16 10000
12 13 35 33 10000
10 11 18 63 10000
7 8 34 59 10000
4 5 46 48 10000
1 2 17 29 10000
10 11 26 31 10000
5 6 5 49 10000
5 6 59 53 10000
9 10 15 7 10000
4 5 48 15 10000
14 15 6 48 10000
7 8 14 37 10000
3 4 62 8 10000
8 9 5 33 10000
11 12 42 45 10000
2 3 63 24 10000
10 11 56 10 10000
6 7 51 6 10000
9 10 3 44 10000
0 1 38 50 10000
3 4 13 48 10000
14 15 34 53 10000
14 15 52 42 10000
6 7 22 30 10000
14 15 13 9 10000
5 6 56 26 10000
1 2 36 28 10000
12 13 52 35 10000
0 1 26 37 10000
3 4 26 28 10000
14 15 37 36 10000
4 5 30 9 10000
8 9 10 42 10000
6 7 53 27 10000
11 12 22 39 10000
0 1 35 51 10000
0 1 17 8 10000
8 9 31 17 10000
9 10 18 62 10000
12 13 56 61 10000
11 12 61 24 10000
3 4 49 38 10000
14 15 42 56 10000
15 0 7 31 10000
3 4 26 42 10000
0 1 17 2 10000
0 1 33 40 10000
13 14 12 19 10000
0 1 45 35 10000
11 12 24 14 10000
4 5 45 32 10000
6 7 8 23 10000
10 11 43 57 10000
9 10 4 42 10000
12 13 6 39 10000
3 4 26 7 10000
5 6 58 38 10000
2 3 58 18 10000
5 6 56 6 10000
7 8 29 21 10000
2 3 23 8 10000
12 13 5 37 10000
13 14 49 61 10000
8 9 28 46 10000
3 4 10 6 10000
13 14 4 55 10000
9 10 38 32 10000
14 15 62 14 10000
13 14 29 63 10000
1 2 55 4 10000
15 0 58 9 10000
13 14 43 13 10000
13 14 0 62 10000
9 10 36 10 10000
5 6 44 29 10000
11 12 14 26 10000
9 10 17 42 10000
12 13 11 47 10000
14 15 2 22 10000
0 1 52 41 10000
7 8 49 47 10000
3 4 31 27 10000
11 12 15 52 10000
5 6 16 20 10000
9 10 14 18 10000
0 1 42 16 10000
7 8 61 39 10000
10 11 43 13 10000
0 1 48 44 10000
2 3 57 5 10000
8 9 53 1 10000
13 14 42 56 10000
10 11 41 45 10000
5 6 58 32 10000
0 1 34 45 10000
13 14 20 43 10000
5 6 53 47 10000
14 15 29 35 10000
6 7 45 17 10000
2 3 33 16 10000
15 0 2 4 10000
15 0 34 35 10000
12 13 0 49 10000
15 0 50 26 10000
11 12 57 29 10000
2 3 15 47 10000
12 13 40 26 10000
11 12 53 5 10000
0 1 62 39 10000
5 6 25 2 10000
13 14 30 3 10000
1 2 7 60 10000
5 6 54 7 10000
12 13 4 39 10000
14 15 37 43 10000
0 1 23 50 10000
11 12 54 63 10000
8 9 13 30 10000
4 5 24 57 10000
15 0 57 58 10000
3 4 48 37 10000
0 1 47 31 10000
14 15 51 52 10000
5 6 48 58 10000
15 0 59 17 10000
5 6 33 5 10000
1 2 53 50 10000
11 12 26 62 10000
8 9 17 59 10000
8 9 12 16 10000
7 8 17 3 10000
0 1 45 49 10000
15 0 27 20 10000
1 2 62 10 10000
8 9 26 27 10000
3 4 25 63 10000
15 0 57 48 10000
1 2 9 12 10000
8 9 40 19 10000
11 12 40 56 10000
12 13 7 59 10000
5 6 27 33 10000
3 4 25 21 10000
15 0 56 55 10000
10 11 3 60 10000
10 11 4 43 10000
0 1 47 33 10000
