# src_chip dst_chip src_pe dst_pe inject_cycle
# mode=ring entries=1536 chips=4 pe_per_chip=256 timesteps=5 interval=2000 seed=60
3 0 170 250 2000
0 1 122 164 2000
0 1 154 38 2000
3 0 187 96 2000
0 1 246 250 2000
3 0 55 241 2000
1 2 177 68 2000
2 3 96 135 2000
0 1 74 63 2000
0 1 233 176 2000
1 2 88 123 2000
1 2 173 24 2000
3 0 131 183 2000
3 0 240 16 2000
0 1 232 207 2000
2 3 27 145 2000
0 1 136 11 2000
0 1 46 140 2000
3 0 85 207 2000
0 1 67 131 2000
3 0 165 181 2000
3 0 29 171 2000
1 2 207 216 2000
1 2 94 71 2000
2 3 25 110 2000
3 0 124 31 2000
0 1 237 213 2000
1 2 55 124 2000
1 2 189 128 2000
2 3 246 57 2000
3 0 79 144 2000
2 3 113 208 2000
2 3 253 207 2000
3 0 43 40 2000
1 2 210 206 2000
1 2 226 205 2000
1 2 243 147 2000
3 0 226 28 2000
3 0 184 10 2000
1 2 155 236 2000
2 3 25 155 2000
0 1 108 15 2000
2 3 127 195 2000
3 0 158 170 2000
3 0 92 133 2000
3 0 9 250 2000
1 2 22 14 2000
2 3 96 235 2000
3 0 40 55 2000
1 2 136 111 2000
1 2 20 148 2000
2 3 99 30 2000
3 0 240 15 2000
2 3 20 0 2000
0 1 81 31 2000
3 0 66 141 2000
2 3 27 193 2000
1 2 144 121 2000
2 3 126 193 2000
2 3 165 187 2000
2 3 97 111 2000
0 1 27 233 2000
3 0 179 103 2000
0 1 63 127 2000
1 2 200 136 2000
2 3 218 155 2000
2 3 229 246 2000
3 0 96 49 2000
0 1 84 219 2000
1 2 165 27 2000
1 2 218 143 2000
2 3 132 182 2000
2 3 128 204 2000
3 0 81 108 2000
3 0 101 18 2000
2 3 111 74 2000
0 1 231 18 2000
0 1 107 91 2000
1 2 215 41 2000
0 1 40 88 2000
1 2 225 185 2000
2 3 55 142 2000
1 2 218 231 2000
2 3 27 242 2000
0 1 174 23 2000
2 3 5 234 2000
0 1 55 159 2000
3 0 220 143 2000
1 2 24 120 2000
1 2 51 65 2000
2 3 136 39 2000
3 0 127 110 2000
2 3 83 11 2000
3 0 247 14 2000
3 0 88 96 2000
1 2 159 169 2000
2 3 86 112 2000
0 1 133 204 2000
2 3 221 218 2000
0 1 124 132 2000
1 2 230 211 2000
2 3 222 63 2000
0 1 235 168 2000
3 0 67 95 2000
0 1 127 214 2000
0 1 240 172 2000
1 2 223 157 2000
1 2 46 254 2000
3 0 81 157 2000
2 3 118 182 2000
1 2 205 242 2000
0 1 110 52 2000
1 2 181 248 2000
3 0 207 122 2000
3 0 32 187 2000
2 3 50 132 2000
3 0 158 234 2000
1 2 137 156 2000
0 1 63 37 2000
0 1 54 119 2000
2 3 226 163 2000
2 3 134 124 2000
1 2 198 23 2000
0 1 117 60 2000
2 3 74 6 2000
3 0 19 45 2000
3 0 210 224 2000
3 0 166 186 2000
0 1 231 20 2000
0 1 232 41 2000
0 1 205 29 2000
0 1 190 153 2000
3 0 27 39 2000
0 1 92 218 2000
2 3 79 2 2000
3 0 222 227 2000
3 0 167 20 2000
2 3 153 197 2000
2 3 101 222 2000
2 3 65 94 2000
0 1 100 78 2000
2 3 72 212 2000
1 2 194 73 2000
3 0 5 12 2000
3 0 177 111 2000
0 1 255 91 2000
3 0 49 152 2000
1 2 61 50 2000
3 0 29 247 2000
0 1 152 189 2000
3 0 141 211 2000
3 0 237 70 2000
1 2 202 39 2000
1 2 205 78 2000
0 1 149 171 2000
0 1 53 182 2000
2 3 1 197 2000
1 2 108 98 2000
2 3 39 150 2000
3 0 169 179 2000
1 2 183 196 2000
2 3 233 113 2000
3 0 140 184 2000
2 3 253 135 2000
0 1 34 41 2000
2 3 26 113 2000
0 1 149 194 2000
1 2 120 95 2000
3 0 5 75 2000
0 1 236 232 2000
3 0 254 123 2000
1 2 44 30 2000
3 0 128 139 2000
3 0 145 7 2000
3 0 16 252 2000
1 2 58 45 2000
0 1 137 122 2000
1 2 244 155 2000
2 3 225 228 2000
1 2 20 30 2000
0 1 148 1 2000
2 3 167 76 2000
0 1 203 45 2000
2 3 0 100 2000
1 2 79 119 2000
1 2 141 247 2000
3 0 241 103 2000
3 0 164 91 2000
1 2 80 121 2000
0 1 155 109 2000
3 0 183 246 2000
1 2 46 170 2000
1 2 5 237 2000
2 3 172 218 2000
0 1 234 173 2000
1 2 200 197 2000
1 2 33 251 2000
2 3 210 145 2000
3 0 208 136 2000
3 0 231 212 2000
3 0 155 189 2000
1 2 25 20 2000
0 1 158 184 2000
0 1 32 180 2000
1 2 101 76 2000
2 3 184 14 2000
2 3 127 132 2000
2 3 105 112 2000
2 3 254 138 2000
3 0 224 101 2000
0 1 251 147 2000
0 1 182 122 2000
0 1 0 200 2000
0 1 242 207 2000
1 2 106 145 2000
0 1 142 141 2000
2 3 226 175 2000
0 1 245 201 2000
3 0 107 152 2000
2 3 215 132 2000
3 0 115 55 2000
0 1 70 68 2000
2 3 26 226 2000
3 0 207 35 2000
3 0 116 18 2000
1 2 231 2 2000
1 2 214 232 2000
0 1 51 24 2000
2 3 211 72 2000
3 0 230 98 2000
1 2 150 35 2000
1 2 186 127 2000
3 0 74 192 2000
0 1 240 88 2000
0 1 138 57 2000
3 0 136 40 2000
0 1 49 30 2000
1 2 12 0 2000
2 3 25 15 2000
2 3 21 97 2000
3 0 124 169 2000
2 3 239 60 2000
0 1 160 105 2000
1 2 70 46 2000
1 2 85 188 2000
1 2 137 88 2000
1 2 48 196 2000
1 2 75 26 2000
1 2 178 233 2000
0 1 126 30 2000
0 1 94 207 2000
0 1 186 49 2000
2 3 183 187 2000
3 0 184 128 2000
1 2 25 191 2000
0 1 223 195 2000
2 3 122 114 2000
0 1 126 52 2000
2 3 139 9 2000
0 1 29 92 2000
3 0 10 61 2000
1 2 4 196 2000
1 2 187 240 2000
3 0 105 17 2000
3 0 134 142 2000
2 3 9 255 2000
2 3 38 200 2000
2 3 214 132 2000
1 2 176 167 2000
0 1 185 246 2000
2 3 137 185 2000
2 3 169 17 2000
2 3 204 176 2000
3 0 124 102 2000
0 1 50 125 2000
2 3 209 224 2000
0 1 242 79 2000
3 0 73 161 2000
3 0 169 48 2000
1 2 202 180 2000
2 3 188 110 2000
3 0 76 163 2000
1 2 52 44 2000
0 1 74 82 2000
0 1 111 105 2000
1 2 186 151 2000
3 0 204 180 2000
2 3 211 166 2000
2 3 36 254 2000
3 0 41 99 2000
3 0 176 2 2000
1 2 15 157 2000
0 1 78 1 2000
0 1 26 230 2000
0 1 194 110 2000
2 3 54 221 2000
2 3 145 148 4000
1 2 150 201 4000
2 3 33 241 4000
1 2 131 232 4000
1 2 57 220 4000
3 0 252 35 4000
0 1 251 85 4000
3 0 173 21 4000
1 2 204 124 4000
1 2 123 107 4000
2 3 9 75 4000
1 2 67 55 4000
0 1 22 192 4000
1 2 135 54 4000
3 0 114 99 4000
1 2 36 140 4000
1 2 247 114 4000
1 2 135 222 4000
3 0 183 155 4000
2 3 172 202 4000
3 0 120 104 4000
2 3 222 37 4000
2 3 204 231 4000
3 0 8 231 4000
0 1 208 100 4000
2 3 134 65 4000
0 1 153 6 4000
2 3 173 175 4000
1 2 187 103 4000
1 2 139 45 4000
2 3 156 27 4000
0 1 60 145 4000
0 1 116 178 4000
1 2 254 189 4000
1 2 208 213 4000
0 1 10 166 4000
3 0 7 228 4000
2 3 217 197 4000
2 3 192 12 4000
3 0 86 158 4000
3 0 9 40 4000
1 2 59 56 4000
1 2 24 1 4000
3 0 107 81 4000
3 0 246 167 4000
2 3 40 133 4000
2 3 209 17 4000
3 0 186 228 4000
0 1 33 132 4000
2 3 136 97 4000
3 0 187 217 4000
3 0 215 19 4000
1 2 94 254 4000
3 0 153 170 4000
3 0 122 59 4000
0 1 247 213 4000
1 2 6 166 4000
0 1 170 28 4000
0 1 92 241 4000
1 2 176 130 4000
3 0 134 179 4000
0 1 142 143 4000
2 3 97 51 4000
2 3 19 4 4000
0 1 160 119 4000
0 1 123 229 4000
1 2 42 133 4000
0 1 194 87 4000
2 3 81 20 4000
3 0 203 87 4000
1 2 81 129 4000
1 2 208 34 4000
3 0 193 191 4000
2 3 117 88 4000
2 3 245 26 4000
3 0 76 230 4000
3 0 129 201 4000
2 3 237 193 4000
0 1 46 50 4000
2 3 238 19 4000
1 2 12 212 4000
2 3 28 128 4000
2 3 81 239 4000
3 0 23 123 4000
2 3 90 10 4000
1 2 234 103 4000
0 1 120 48 4000
0 1 108 63 4000
1 2 231 119 4000
3 0 230 193 4000
3 0 99 100 4000
2 3 57 203 4000
1 2 177 250 4000
0 1 139 110 4000
2 3 174 215 4000
1 2 23 73 4000
2 3 204 143 4000
0 1 80 55 4000
0 1 123 227 4000
3 0 174 183 4000
3 0 254 8 4000
0 1 238 28 4000
0 1 120 219 4000
1 2 133 132 4000
1 2 243 163 4000
1 2 62 231 4000
0 1 200 59 4000
3 0 141 23 4000
1 2 130 79 4000
0 1 211 170 4000
0 1 197 97 4000
1 2 26 146 4000
0 1 148 190 4000
2 3 89 21 4000
1 2 185 36 4000
1 2 110 245 4000
3 0 185 162 4000
3 0 161 28 4000
3 0 105 202 4000
1 2 36 131 4000
3 0 149 197 4000
2 3 24 227 4000
3 0 152 18 4000
0 1 164 254 4000
0 1 75 98 4000
1 2 122 254 4000
2 3 19 128 4000
3 0 38 62 4000
2 3 109 97 4000
1 2 140 128 4000
0 1 96 14 4000
1 2 74 113 4000
3 0 249 110 4000
0 1 199 207 4000
2 3 62 65 4000
3 0 52 21 4000
0 1 163 109 4000
3 0 82 214 4000
1 2 87 144 4000
0 1 56 144 4000
0 1 189 201 4000
0 1 230 28 4000
3 0 211 37 4000
0 1 96 183 4000
2 3 108 195 4000
0 1 120 5 4000
2 3 26 117 4000
3 0 20 24 4000
2 3 219 253 4000
1 2 238 171 4000
1 2 141 72 4000
1 2 144 214 4000
3 0 8 112 4000
2 3 229 127 4000
2 3 201 240 4000
2 3 234 59 4000
2 3 100 72 4000
3 0 214 47 4000
3 0 185 169 4000
0 1 169 201 4000
1 2 77 241 4000
0 1 151 104 4000
1 2 252 14 4000
2 3 254 49 4000
1 2 39 17 4000
1 2 249 124 4000
3 0 230 145 4000
3 0 12 86 4000
3 0 94 213 4000
0 1 104 37 4000
1 2 101 151 4000
0 1 104 156 4000
2 3 255 31 4000
3 0 6 20 4000
0 1 118 148 4000
0 1 212 35 4000
3 0 168 94 4000
0 1 46 76 4000
2 3 124 167 4000
0 1 6 226 4000
2 3 151 90 4000
1 2 133 182 4000
2 3 197 199 4000
0 1 145 214 4000
0 1 75 157 4000
3 0 17 15 4000
0 1 213 104 4000
0 1 250 64 4000
1 2 127 25 4000
1 2 214 216 4000
2 3 236 219 4000
2 3 145 155 4000
1 2 124 241 4000
2 3 70 223 4000
0 1 133 197 4000
1 2 237 173 4000
0 1 0 54 4000
1 2 61 14 4000
0 1 112 4 4000
2 3 198 65 4000
3 0 113 5 4000
3 0 117 233 4000
3 0 108 243 4000
2 3 236 59 4000
1 2 216 117 4000
3 0 93 122 4000
1 2 182 240 4000
3 0 108 147 4000
2 3 98 252 4000
2 3 244 4 4000
1 2 203 2 4000
1 2 204 190 4000
2 3 219 223 4000
3 0 33 158 4000
0 1 144 18 4000
3 0 29 238 4000
1 2 239 33 4000
3 0 247 29 4000
1 2 146 18 4000
0 1 52 251 4000
1 2 71 247 4000
3 0 159 70 4000
3 0 136 50 4000
3 0 31 190 4000
1 2 31 237 4000
3 0 116 227 4000
3 0 6 171 4000
0 1 177 211 4000
3 0 245 84 4000
3 0 101 75 4000
2 3 204 9 4000
2 3 250 135 4000
3 0 159 27 4000
1 2 177 206 4000
1 2 68 233 4000
3 0 150 192 4000
1 2 50 131 4000
2 3 154 29 4000
2 3 177 10 4000
3 0 106 255 4000
3 0 128 109 4000
0 1 42 131 4000
1 2 122 3 4000
1 2 68 35 4000
0 1 231 42 4000
1 2 94 206 4000
0 1 212 125 4000
0 1 255 224 4000
1 2 229 214 4000
1 2 91 93 4000
1 2 18 14 4000
1 2 32 13 4000
0 1 192 59 4000
0 1 104 170 4000
0 1 103 134 4000
1 2 40 117 4000
1 2 253 143 4000
2 3 43 127 4000
3 0 162 125 4000
2 3 165 249 4000
3 0 8 198 4000
3 0 44 143 4000
0 1 22 58 4000
3 0 6 67 4000
3 0 211 67 4000
1 2 64 20 4000
3 0 99 110 4000
3 0 68 166 4000
2 3 106 38 4000
0 1 25 157 4000
1 2 45 247 4000
1 2 107 178 4000
2 3 97 88 4000
1 2 77 226 4000
3 0 33 7 4000
2 3 221 174 4000
3 0 231 20 4000
2 3 94 118 4000
0 1 125 222 4000
3 0 250 186 4000
2 3 29 17 4000
3 0 134 1 4000
0 1 97 60 4000
0 1 106 112 4000
0 1 6 198 4000
2 3 171 31 4000
1 2 149 140 4000
1 2 41 9 4000
1 2 47 216 4000
0 1 159 115 4000
3 0 102 40 4000
0 1 166 8 4000
1 2 2 42 4000
3 0 128 111 4000
3 0 191 8 4000
2 3 241 148 4000
1 2 195 53 4000
3 0 56 158 4000
1 2 183 25 4000
1 2 8 165 4000
1 2 207 89 4000
1 2 94 189 4000
2 3 95 76 4000
0 1 164 221 4000
0 1 252 125 4000
3 0 56 169 4000
1 2 66 239 4000
0 1 199 27 4000
0 1 207 105 4000
1 2 137 56 4000
2 3 73 97 4000
2 3 90 235 4000
3 0 6 123 4000
2 3 63 150 4000
3 0 201 134 4000
0 1 90 7 4000
3 0 120 195 4000
3 0 211 154 4000
3 0 53 46 4000
2 3 95 90 4000
3 0 33 214 4000
1 2 151 164 4000
0 1 7 95 4000
0 1 10 102 4000
2 3 69 50 4000
1 2 1 34 4000
1 2 62 93 4000
0 1 77 121 4000
1 2 122 172 4000
3 0 248 38 4000
2 3 218 74 4000
2 3 244 138 4000
1 2 192 27 4000
0 1 167 96 4000
1 2 252 192 4000
1 2 77 158 4000
0 1 46 218 4000
2 3 142 127 4000
1 2 88 176 4000
0 1 50 137 4000
0 1 187 15 4000
2 3 12 238 4000
3 0 85 33 6000
1 2 62 129 6000
1 2 172 184 6000
3 0 12 113 6000
1 2 34 48 6000
0 1 168 186 6000
3 0 126 0 6000
1 2 87 139 6000
0 1 104 41 6000
1 2 54 72 6000
0 1 40 54 6000
2 3 64 147 6000
1 2 83 49 6000
0 1 107 111 6000
3 0 233 113 6000
0 1 166 172 6000
3 0 247 36 6000
2 3 49 96 6000
1 2 120 90 6000
2 3 172 75 6000
1 2 91 19 6000
2 3 138 201 6000
1 2 155 250 6000
3 0 130 218 6000
2 3 185 246 6000
3 0 196 224 6000
2 3 28 236 6000
1 2 182 223 6000
2 3 111 234 6000
3 0 82 153 6000
0 1 129 91 6000
1 2 198 208 6000
3 0 208 71 6000
3 0 186 1 6000
3 0 192 227 6000
3 0 214 67 6000
0 1 23 236 6000
1 2 237 62 6000
2 3 208 29 6000
0 1 103 113 6000
2 3 88 198 6000
2 3 83 3 6000
3 0 10 172 6000
0 1 182 118 6000
0 1 179 129 6000
0 1 233 222 6000
2 3 86 40 6000
1 2 40 32 6000
1 2 121 125 6000
2 3 69 56 6000
3 0 81 35 6000
3 0 176 219 6000
1 2 77 35 6000
1 2 59 45 6000
3 0 123 122 6000
1 2 217 114 6000
1 2 127 4 6000
1 2 225 244 6000
0 1 236 196 6000
2 3 60 54 6000
0 1 192 42 6000
3 0 190 138 6000
3 0 213 47 6000
0 1 247 110 6000
3 0 114 18 6000
0 1 90 230 6000
1 2 213 80 6000
2 3 209 29 6000
0 1 233 136 6000
1 2 105 227 6000
0 1 164 213 6000
1 2 247 131 6000
0 1 62 25 6000
3 0 25 58 6000
1 2 70 15 6000
1 2 102 5 6000
0 1 36 99 6000
1 2 235 115 6000
3 0 160 254 6000
2 3 243 248 6000
3 0 117 70 6000
0 1 225 183 6000
1 2 233 64 6000
1 2 121 107 6000
1 2 13 185 6000
2 3 135 189 6000
0 1 15 115 6000
1 2 234 4 6000
1 2 177 95 6000
2 3 211 27 6000
0 1 181 227 6000
0 1 12 169 6000
2 3 217 150 6000
1 2 165 123 6000
3 0 158 172 6000
2 3 94 166 6000
3 0 235 85 6000
2 3 156 100 6000
3 0 146 51 6000
2 3 147 131 6000
1 2 199 112 6000
2 3 194 129 6000
3 0 33 177 6000
1 2 232 36 6000
0 1 241 135 6000
2 3 253 105 6000
2 3 190 199 6000
3 0 61 170 6000
1 2 231 81 6000
3 0 61 60 6000
2 3 176 161 6000
0 1 174 220 6000
2 3 96 158 6000
1 2 158 131 6000
2 3 139 37 6000
1 2 157 1 6000
1 2 156 5 6000
1 2 16 144 6000
0 1 148 99 6000
1 2 5 114 6000
0 1 17 36 6000
0 1 175 86 6000
3 0 190 193 6000
2 3 248 104 6000
0 1 66 151 6000
1 2 122 249 6000
1 2 59 33 6000
1 2 66 77 6000
1 2 171 237 6000
2 3 179 45 6000
3 0 188 99 6000
0 1 25 26 6000
3 0 31 19 6000
0 1 87 157 6000
0 1 199 4 6000
2 3 14 39 6000
0 1 92 110 6000
0 1 245 211 6000
3 0 176 233 6000
1 2 63 73 6000
2 3 39 245 6000
3 0 170 149 6000
0 1 49 207 6000
3 0 120 178 6000
2 3 40 138 6000
3 0 103 62 6000
0 1 9 37 6000
2 3 4 17 6000
3 0 216 25 6000
3 0 226 162 6000
3 0 193 134 6000
3 0 218 149 6000
0 1 227 29 6000
1 2 172 164 6000
3 0 106 101 6000
0 1 120 243 6000
3 0 33 63 6000
1 2 201 143 6000
0 1 153 66 6000
2 3 73 121 6000
0 1 219 170 6000
2 3 166 136 6000
3 0 217 28 6000
3 0 12 24 6000
3 0 183 89 6000
1 2 21 69 6000
1 2 96 9 6000
1 2 180 42 6000
0 1 220 49 6000
2 3 63 67 6000
0 1 116 128 6000
0 1 179 253 6000
3 0 224 154 6000
2 3 94 195 6000
2 3 227 185 6000
3 0 200 38 6000
0 1 83 112 6000
1 2 129 36 6000
1 2 35 68 6000
3 0 227 172 6000
1 2 182 206 6000
1 2 233 9 6000
1 2 30 184 6000
0 1 187 5 6000
0 1 122 155 6000
1 2 59 244 6000
3 0 95 50 6000
3 0 121 247 6000
1 2 132 197 6000
3 0 246 44 6000
1 2 126 201 6000
0 1 125 127 6000
1 2 252 173 6000
0 1 180 126 6000
1 2 208 144 6000
1 2 127 174 6000
1 2 227 53 6000
1 2 186 163 6000
2 3 24 179 6000
3 0 24 246 6000
3 0 12 235 6000
1 2 231 91 6000
1 2 48 92 6000
1 2 102 150 6000
1 2 57 246 6000
3 0 231 108 6000
1 2 156 24 6000
3 0 222 197 6000
2 3 156 238 6000
3 0 225 46 6000
3 0 72 247 6000
3 0 158 214 6000
0 1 162 248 6000
3 0 22 49 6000
3 0 130 174 6000
3 0 109 218 6000
1 2 5 48 6000
1 2 77 25 6000
0 1 178 44 6000
3 0 236 52 6000
2 3 49 186 6000
0 1 190 130 6000
2 3 242 0 6000
1 2 78 162 6000
2 3 69 86 6000
2 3 214 171 6000
0 1 249 181 6000
2 3 88 113 6000
1 2 195 155 6000
2 3 67 108 6000
2 3 218 29 6000
2 3 95 236 6000
2 3 63 1 6000
2 3 8 73 6000
2 3 55 173 6000
2 3 234 151 6000
0 1 154 204 6000
2 3 148 90 6000
3 0 241 114 6000
2 3 31 52 6000
0 1 162 99 6000
1 2 184 32 6000
0 1 249 241 6000
1 2 219 7 6000
1 2 51 247 6000
0 1 26 245 6000
3 0 120 69 6000
0 1 162 67 6000
0 1 85 234 6000
1 2 45 79 6000
0 1 100 245 6000
0 1 172 216 6000
1 2 104 42 6000
2 3 115 174 6000
1 2 105 174 6000
2 3 87 80 6000
1 2 164 151 6000
3 0 11 27 6000
2 3 211 77 6000
2 3 216 80 6000
0 1 228 61 6000
2 3 146 20 6000
0 1 40 159 6000
3 0 184 89 6000
2 3 48 101 6000
0 1 249 41 6000
1 2 132 130 6000
0 1 82 193 6000
1 2 210 198 6000
1 2 58 4 6000
1 2 139 5 6000
1 2 204 103 6000
0 1 226 188 6000
2 3 244 214 6000
3 0 4 42 6000
0 1 61 159 6000
2 3 6 131 6000
1 2 6 113 6000
0 1 95 71 6000
1 2 237 67 6000
1 2 186 64 6000
2 3 221 41 6000
1 2 34 211 6000
1 2 224 4 6000
2 3 203 157 6000
2 3 200 167 6000
2 3 238 176 6000
1 2 126 81 6000
0 1 195 59 6000
0 1 248 119 6000
2 3 30 81 6000
3 0 252 175 6000
0 1 216 172 6000
3 0 156 136 6000
2 3 84 150 6000
0 1 188 77 6000
1 2 151 137 6000
3 0 220 96 6000
1 2 231 195 6000
2 3 214 51 6000
0 1 185 160 6000
2 3 57 64 6000
1 2 144 78 6000
0 1 129 82 6000
0 1 222 114 6000
0 1 66 54 6000
3 0 37 139 6000
3 0 43 42 6000
0 1 244 102 6000
0 1 0 194 6000
2 3 94 88 6000
1 2 220 232 6000
2 3 94 38 6000
1 2 15 9 6000
2 3 109 225 6000
3 0 59 94 6000
3 0 233 33 6000
1 2 185 140 6000
0 1 95 132 6000
1 2 207 171 6000
3 0 251 19 6000
3 0 15 106 6000
1 2 11 212 6000
1 2 195 90 6000
0 1 39 244 6000
2 3 127 159 6000
0 1 144 58 6000
1 2 138 106 6000
1 2 18 58 6000
3 0 196 59 6000
2 3 187 29 6000
2 3 117 207 8000
0 1 94 39 8000
0 1 41 45 8000
2 3 199 252 8000
3 0 45 141 8000
2 3 191 198 8000
0 1 203 154 8000
1 2 35 139 8000
0 1 35 175 8000
1 2 241 61 8000
0 1 93 211 8000
3 0 1 255 8000
1 2 97 7 8000
0 1 88 201 8000
2 3 136 254 8000
1 2 171 58 8000
1 2 34 118 8000
0 1 177 95 8000
0 1 44 176 8000
3 0 85 24 8000
0 1 140 113 8000
2 3 95 178 8000
3 0 0 255 8000
0 1 4 104 8000
1 2 99 220 8000
2 3 128 93 8000
0 1 219 97 8000
0 1 82 194 8000
2 3 21 80 8000
2 3 223 55 8000
3 0 202 102 8000
3 0 37 244 8000
1 2 24 122 8000
0 1 225 212 8000
1 2 198 144 8000
0 1 66 83 8000
3 0 147 229 8000
2 3 164 10 8000
2 3 71 75 8000
2 3 245 160 8000
3 0 113 182 8000
0 1 33 220 8000
1 2 178 132 8000
1 2 165 193 8000
0 1 165 253 8000
3 0 141 48 8000
2 3 155 47 8000
1 2 163 176 8000
1 2 96 149 8000
0 1 222 174 8000
0 1 48 127 8000
0 1 26 125 8000
0 1 50 90 8000
0 1 95 142 8000
2 3 89 214 8000
3 0 38 101 8000
0 1 116 122 8000
0 1 61 207 8000
3 0 217 198 8000
0 1 29 122 8000
0 1 254 174 8000
2 3 89 217 8000
1 2 155 102 8000
3 0 30 213 8000
2 3 247 24 8000
2 3 70 227 8000
2 3 12 158 8000
2 3 148 207 8000
3 0 248 38 8000
3 0 200 201 8000
1 2 42 225 8000
2 3 1 213 8000
0 1 205 140 8000
1 2 213 8 8000
2 3 251 207 8000
2 3 122 232 8000
3 0 100 188 8000
1 2 154 3 8000
2 3 181 74 8000
0 1 150 34 8000
1 2 34 40 8000
3 0 146 228 8000
0 1 43 48 8000
3 0 66 49 8000
0 1 182 124 8000
3 0 187 240 8000
3 0 131 107 8000
2 3 232 251 8000
3 0 234 34 8000
3 0 136 127 8000
1 2 235 113 8000
1 2 109 254 8000
1 2 159 119 8000
1 2 50 203 8000
1 2 25 246 8000
1 2 191 88 8000
1 2 196 238 8000
2 3 115 72 8000
2 3 157 4 8000
3 0 184 240 8000
2 3 100 128 8000
0 1 198 105 8000
0 1 101 210 8000
0 1 22 164 8000
3 0 163 242 8000
1 2 201 100 8000
2 3 219 205 8000
3 0 152 127 8000
3 0 73 35 8000
0 1 91 16 8000
3 0 230 7 8000
1 2 146 27 8000
0 1 178 145 8000
2 3 199 121 8000
3 0 35 183 8000
3 0 221 230 8000
1 2 187 59 8000
0 1 186 251 8000
0 1 84 209 8000
3 0 144 163 8000
1 2 199 188 8000
2 3 119 21 8000
3 0 118 229 8000
0 1 247 164 8000
1 2 28 67 8000
0 1 95 58 8000
0 1 55 240 8000
3 0 44 226 8000
2 3 106 209 8000
0 1 251 90 8000
3 0 32 173 8000
2 3 229 81 8000
0 1 126 135 8000
0 1 50 38 8000
2 3 236 134 8000
1 2 204 250 8000
1 2 224 22 8000
2 3 197 239 8000
1 2 47 253 8000
1 2 40 153 8000
1 2 24 39 8000
2 3 144 100 8000
2 3 46 79 8000
2 3 235 221 8000
1 2 234 200 8000
3 0 216 15 8000
2 3 56 245 8000
0 1 42 39 8000
2 3 134 153 8000
2 3 222 26 8000
0 1 73 25 8000
0 1 172 85 8000
3 0 197 174 8000
2 3 220 188 8000
0 1 161 111 8000
3 0 158 240 8000
0 1 100 144 8000
3 0 199 158 8000
2 3 113 80 8000
1 2 181 64 8000
3 0 234 73 8000
0 1 230 149 8000
3 0 49 10 8000
1 2 141 51 8000
3 0 74 219 8000
2 3 76 53 8000
0 1 165 70 8000
1 2 30 203 8000
0 1 124 122 8000
0 1 53 166 8000
1 2 213 36 8000
0 1 41 128 8000
1 2 208 104 8000
1 2 52 40 8000
1 2 100 168 8000
0 1 208 173 8000
1 2 243 138 8000
0 1 159 156 8000
1 2 79 1 8000
1 2 254 125 8000
2 3 204 45 8000
2 3 132 52 8000
1 2 206 151 8000
1 2 55 228 8000
3 0 199 189 8000
0 1 81 31 8000
1 2 76 201 8000
1 2 143 183 8000
2 3 208 10 8000
0 1 116 87 8000
0 1 59 233 8000
2 3 91 198 8000
3 0 249 188 8000
2 3 121 94 8000
0 1 73 17 8000
0 1 122 180 8000
0 1 192 33 8000
2 3 35 237 8000
0 1 1 65 8000
0 1 5 63 8000
3 0 16 168 8000
2 3 147 207 8000
0 1 28 205 8000
3 0 156 91 8000
1 2 93 110 8000
3 0 15 35 8000
3 0 78 37 8000
3 0 67 84 8000
2 3 148 18 8000
2 3 98 75 8000
0 1 52 2 8000
1 2 59 125 8000
0 1 156 248 8000
0 1 130 73 8000
0 1 130 104 8000
3 0 11 177 8000
1 2 56 23 8000
1 2 129 166 8000
1 2 98 32 8000
1 2 245 252 8000
0 1 242 128 8000
2 3 208 238 8000
0 1 248 47 8000
1 2 222 91 8000
1 2 99 23 8000
3 0 170 235 8000
2 3 72 21 8000
1 2 62 199 8000
2 3 86 59 8000
1 2 32 64 8000
2 3 107 88 8000
2 3 236 34 8000
2 3 67 133 8000
0 1 200 79 8000
3 0 237 0 8000
0 1 202 97 8000
3 0 216 237 8000
2 3 187 189 8000
1 2 63 16 8000
2 3 195 112 8000
3 0 43 99 8000
2 3 216 165 8000
1 2 1 35 8000
1 2 158 126 8000
0 1 223 64 8000
0 1 35 69 8000
2 3 117 208 8000
1 2 67 22 8000
2 3 97 0 8000
3 0 49 66 8000
3 0 139 229 8000
0 1 252 56 8000
0 1 243 43 8000
3 0 229 201 8000
2 3 204 95 8000
2 3 91 87 8000
2 3 157 215 8000
2 3 194 149 8000
1 2 69 10 8000
2 3 248 78 8000
0 1 181 215 8000
3 0 141 203 8000
1 2 236 218 8000
3 0 54 45 8000
2 3 167 39 8000
0 1 244 234 8000
3 0 240 250 8000
2 3 22 44 8000
1 2 115 156 8000
0 1 56 48 8000
0 1 201 99 8000
3 0 206 200 8000
2 3 163 199 8000
2 3 59 152 8000
2 3 19 190 8000
3 0 21 134 8000
0 1 63 47 8000
1 2 19 92 8000
2 3 111 124 8000
2 3 22 249 8000
3 0 6 115 8000
2 3 28 94 8000
1 2 111 118 8000
2 3 167 246 8000
0 1 63 171 8000
3 0 210 84 8000
2 3 166 122 8000
1 2 6 44 8000
0 1 41 144 8000
1 2 203 87 8000
1 2 24 154 10000
0 1 17 6 10000
3 0 39 131 10000
2 3 174 59 10000
3 0 205 143 10000
3 0 206 42 10000
1 2 154 112 10000
0 1 16 15 10000
3 0 64 56 10000
0 1 90 79 10000
1 2 50 203 10000
3 0 252 116 10000
2 3 178 56 10000
2 3 18 157 10000
3 0 36 215 10000
0 1 187 204 10000
2 3 7 19 10000
0 1 237 42 10000
0 1 165 82 10000
3 0 213 201 10000
0 1 195 227 10000
0 1 123 232 10000
0 1 98 37 10000
2 3 50 103 10000
1 2 82 144 10000
3 0 138 243 10000
3 0 251 19 10000
3 0 107 246 10000
0 1 198 216 10000
0 1 125 103 10000
3 0 230 142 10000
2 3 109 230 10000
3 0 97 108 10000
1 2 87 107 10000
2 3 80 221 10000
2 3 90 202 10000
1 2 244 112 10000
0 1 43 244 10000
2 3 142 185 10000
2 3 95 201 10000
2 3 101 115 10000
2 3 161 105 10000
1 2 120 244 10000
2 3 104 47 10000
3 0 42 178 10000
1 2 19 223 10000
0 1 171 200 10000
1 2 47 54 10000
2 3 168 91 10000
1 2 209 140 10000
3 0 47 78 10000
2 3 76 107 10000
3 0 20 84 10000
3 0 206 58 10000
2 3 108 171 10000
0 1 203 232 10000
3 0 61 197 10000
2 3 180 9 10000
0 1 42 161 10000
3 0 246 124 10000
1 2 63 144 10000
3 0 36 194 10000
0 1 93 92 10000
3 0 170 125 10000
1 2 133 117 10000
2 3 33 148 10000
2 3 2 176 10000
1 2 15 28 10000
1 2 224 118 10000
0 1 21 210 10000
0 1 197 3 10000
3 0 241 104 10000
2 3 205 33 10000
3 0 231 62 10000
2 3 39 167 10000
3 0 85 182 10000
0 1 0 69 10000
0 1 212 142 10000
0 1 66 58 10000
3 0 196 140 10000
3 0 200 154 10000
3 0 171 130 10000
0 1 218 40 10000
3 0 222 63 10000
2 3 73 140 10000
2 3 192 95 10000
3 0 219 18 10000
0 1 144 242 10000
2 3 22 223 10000
1 2 5 145 10000
1 2 110 108 10000
2 3 204 52 10000
0 1 140 77 10000
3 0 1 154 10000
2 3 243 253 10000
2 3 250 116 10000
3 0 81 185 10000
1 2 29 154 10000
3 0 130 237 10000
0 1 83 239 10000
3 0 198 116 10000
1 2 25 60 10000
2 3 118 34 10000
0 1 134 213 10000
2 3 231 194 10000
2 3 202 53 10000
2 3 201 32 10000
3 0 173 255 10000
2 3 187 177 10000
3 0 161 253 10000
1 2 32 139 10000
3 0 102 64 10000
0 1 12 74 10000
0 1 11 109 10000
1 2 71 230 10000
3 0 249 119 10000
1 2 173 36 10000
0 1 46 43 10000
3 0 194 221 10000
2 3 230 11 10000
1 2 192 61 10000
2 3 6 222 10000
1 2 178 244 10000
3 0 212 109 10000
2 3 30 190 10000
2 3 175 202 10000
2 3 157 206 10000
3 0 249 5 10000
1 2 96 220 10000
0 1 126 12 10000
3 0 8 19 10000
3 0 99 88 10000
3 0 98 57 10000
3 0 204 99 10000
2 3 231 214 10000
3 0 38 161 10000
2 3 13 198 10000
0 1 82 171 10000
1 2 200 194 10000
3 0 117 80 10000
1 2 9 98 10000
0 1 40 70 10000
3 0 81 36 10000
1 2 146 252 10000
0 1 145 163 10000
1 2 241 168 10000
3 0 70 194 10000
1 2 84 155 10000
2 3 2 125 10000
2 3 6 52 10000
1 2 237 238 10000
2 3 31 197 10000
3 0 6 216 10000
1 2 1 204 10000
3 0 81 14 10000
3 0 193 223 10000
3 0 65 195 10000
2 3 58 215 10000
1 2 126 79 10000
2 3 64 199 10000
2 3 74 40 10000
3 0 67 243 10000
0 1 128 93 10000
0 1 36 14 10000
0 1 253 221 10000
1 2 80 86 10000
0 1 11 229 10000
0 1 143 84 10000
0 1 2 250 10000
3 0 16 18 10000
2 3 246 233 10000
3 0 210 124 10000
0 1 16 23 10000
3 0 199 225 10000
3 0 148 92 10000
3 0 181 132 10000
3 0 3 229 10000
0 1 129 9 10000
2 3 161 21 10000
0 1 15 22 10000
0 1 120 9 10000
3 0 35 67 10000
3 0 147 98 10000
3 0 67 230 10000
3 0 79 3 10000
2 3 31 20 10000
3 0 237 22 10000
0 1 99 189 10000
1 2 213 103 10000
2 3 138 33 10000
1 2 87 62 10000
1 2 145 71 10000
3 0 142 78 10000
1 2 48 124 10000
2 3 227 30 10000
2 3 155 243 10000
3 0 209 60 10000
3 0 151 211 10000
2 3 90 165 10000
2 3 1 203 10000
3 0 134 207 10000
1 2 149 198 10000
0 1 245 51 10000
1 2 146 150 10000
2 3 190 210 10000
0 1 35 38 10000
2 3 67 98 10000
2 3 105 24 10000
3 0 75 244 10000
3 0 102 237 10000
3 0 50 35 10000
1 2 121 140 10000
3 0 14 77 10000
3 0 28 31 10000
0 1 252 217 10000
0 1 130 196 10000
0 1 191 32 10000
0 1 89 174 10000
3 0 58 8 10000
2 3 224 138 10000
3 0 232 74 10000
2 3 99 67 10000
0 1 158 152 10000
0 1 225 157 10000
3 0 121 226 10000
2 3 37 84 10000
3 0 55 141 10000
2 3 218 20 10000
2 3 126 13 10000
2 3 66 97 10000
3 0 96 185 10000
1 2 88 146 10000
3 0 154 184 10000
1 2 228 196 10000
0 1 88 20 10000
3 0 4 14 10000
0 1 194 5 10000
3 0 183 162 10000
0 1 75 183 10000
2 3 10 9 10000
3 0 35 83 10000
3 0 152 191 10000
0 1 105 246 10000
0 1 71 227 10000
2 3 225 23 10000
0 1 165 97 10000
2 3 219 162 10000
3 0 196 188 10000
0 1 132 210 10000
2 3 113 152 10000
1 2 71 6 10000
0 1 224 87 10000
2 3 189 143 10000
1 2 255 35 10000
0 1 136 248 10000
1 2 81 24 10000
1 2 128 64 10000
0 1 187 137 10000
1 2 28 123 10000
3 0 8 43 10000
2 3 82 94 10000
2 3 138 143 10000
3 0 234 183 10000
3 0 94 44 10000
2 3 42 31 10000
0 1 145 3 10000
3 0 52 69 10000
0 1 95 3 10000
1 2 10 250 10000
0 1 84 105 10000
2 3 237 157 10000
0 1 61 170 10000
3 0 247 255 10000
0 1 184 162 10000
2 3 179 3 10000
2 3 114 3 10000
2 3 189 191 10000
