13 14 39 50 2000 2
13 14 4 17 2000 2
13 14 40 35 2000 2
13 14 58 20 2000 2
13 14 2 42 2000 2
13 14 57 0 2000 2
13 14 24 62 2000 2
13 14 22 42 2000 2
13 14 5 19 2000 2
13 14 42 29 2000 2
13 14 38 8 2000 2
13 14 25 11 2000 2
13 14 63 22 2000 2
13 14 11 52 2000 2
13 14 56 41 2000 2
13 14 35 15 2000 2
13 14 51 39 2000 2
13 14 52 8 2000 2
13 14 8 24 2000 2
13 14 22 12 2000 2
13 14 36 1 4000 2
13 14 16 7 4000 2
13 14 48 39 4000 2
13 14 57 27 4000 2
13 14 40 16 4000 2
13 14 15 10 4000 2
13 14 60 61 4000 2
13 14 38 41 4000 2
13 14 33 42 4000 2
13 14 17 52 4000 2
13 14 7 56 4000 2
13 14 11 37 4000 2
13 14 12 44 4000 2
13 14 44 57 4000 2
13 14 26 54 4000 2
13 14 58 50 6000 2
13 14 54 28 6000 2
13 14 26 27 6000 2
13 14 39 46 6000 2
13 14 34 19 6000 2
13 14 22 50 6000 2
13 14 38 40 6000 2
13 14 31 42 6000 2
13 14 24 57 6000 2
13 14 23 40 6000 2
13 14 62 33 6000 2
13 14 12 5 6000 2
13 14 21 24 6000 2
13 14 48 60 6000 2
13 14 55 17 6000 2
13 14 48 59 6000 2
13 14 27 36 6000 2
13 14 24 57 6000 2
13 14 16 7 6000 2
13 14 18 50 6000 2
13 14 47 37 8000 2
13 14 7 48 8000 2
13 14 27 41 8000 2
13 14 7 63 8000 2
13 14 13 23 8000 2
13 14 34 10 8000 2
13 14 17 30 8000 2
13 14 62 30 8000 2
13 14 60 52 8000 2
13 14 26 18 8000 2
13 14 34 43 8000 2
13 14 12 18 8000 2
13 14 24 39 8000 2
13 14 59 53 8000 2
13 14 62 49 8000 2
13 14 33 42 8000 2
13 14 25 59 8000 2
13 14 55 48 8000 2
13 14 53 19 8000 2
13 14 16 25 8000 2
13 14 54 41 8000 2
13 14 47 8 8000 2
13 14 22 59 10000 2
13 14 1 52 10000 2
13 14 26 38 10000 2
13 14 9 5 10000 2
13 14 31 9 10000 2
13 14 47 53 10000 2
13 14 15 39 10000 2
13 14 22 2 10000 2
13 14 37 19 10000 2
13 14 16 5 10000 2
13 14 51 29 10000 2
13 14 49 27 10000 2
13 14 26 23 10000 2
13 14 17 54 10000 2
13 14 53 33 10000 2
13 14 16 53 10000 2
13 14 8 28 10000 2
