5 6 29 40 2000 2
5 6 62 18 2000 2
5 6 47 17 2000 2
5 6 4 32 2000 2
5 6 9 60 2000 2
5 6 55 23 2000 2
5 6 20 50 2000 2
5 6 36 49 2000 2
5 6 28 3 2000 2
5 6 3 23 2000 2
5 6 31 22 2000 2
5 6 46 34 2000 2
5 6 0 36 2000 2
5 6 28 4 2000 2
5 6 36 37 2000 2
5 6 13 42 2000 2
5 6 17 15 2000 2
5 6 39 9 2000 2
5 6 1 34 2000 2
5 6 27 60 4000 2
5 6 7 51 4000 2
5 6 14 26 4000 2
5 6 13 56 4000 2
5 6 41 26 4000 2
5 6 13 27 4000 2
5 6 40 55 4000 2
5 6 46 1 4000 2
5 6 43 9 4000 2
5 6 36 54 6000 2
5 6 5 2 6000 2
5 6 30 32 6000 2
5 6 42 57 6000 2
5 6 55 49 6000 2
5 6 57 30 6000 2
5 6 4 15 6000 2
5 6 57 49 6000 2
5 6 14 15 6000 2
5 6 60 54 6000 2
5 6 31 34 6000 2
5 6 10 5 6000 2
5 6 55 32 6000 2
5 6 49 52 6000 2
5 6 11 61 6000 2
5 6 51 7 6000 2
5 6 40 50 6000 2
5 6 27 48 6000 2
5 6 5 58 6000 2
5 6 46 16 6000 2
5 6 49 55 6000 2
5 6 58 5 6000 2
5 6 63 26 6000 2
5 6 63 36 6000 2
5 6 42 52 8000 2
5 6 32 2 8000 2
5 6 22 56 8000 2
5 6 7 28 8000 2
5 6 59 13 8000 2
5 6 18 31 8000 2
5 6 12 23 8000 2
5 6 15 38 8000 2
5 6 19 13 8000 2
5 6 24 32 8000 2
5 6 48 42 8000 2
5 6 49 34 8000 2
5 6 40 4 8000 2
5 6 17 62 8000 2
5 6 59 30 8000 2
5 6 17 5 8000 2
5 6 2 38 8000 2
5 6 31 23 10000 2
5 6 14 31 10000 2
5 6 52 25 10000 2
5 6 33 40 10000 2
5 6 21 19 10000 2
5 6 18 46 10000 2
5 6 12 33 10000 2
5 6 39 29 10000 2
5 6 14 59 10000 2
5 6 52 34 10000 2
5 6 3 5 10000 2
5 6 40 50 10000 2
5 6 35 0 10000 2
5 6 44 61 10000 2
5 6 27 61 10000 2
5 6 34 59 10000 2
5 6 30 54 10000 2
5 6 14 27 10000 2
5 6 34 60 10000 2
5 6 44 60 10000 2
