0 1 1 14 2000 2
0 1 12 14 2000 2
0 1 2 18 2000 2
0 1 20 26 2000 2
0 1 43 24 2000 2
0 1 36 17 2000 2
0 1 41 12 2000 2
0 1 52 35 2000 2
0 1 51 36 2000 2
0 1 25 33 2000 2
0 1 15 26 2000 2
0 1 38 54 4000 2
0 1 56 31 4000 2
0 1 37 4 4000 2
0 1 20 36 4000 2
0 1 20 13 4000 2
0 1 8 24 4000 2
0 1 5 50 4000 2
0 1 24 52 4000 2
0 1 63 24 4000 2
0 1 3 46 4000 2
0 1 4 62 4000 2
0 1 33 55 4000 2
0 1 21 47 4000 2
0 1 24 26 4000 2
0 1 12 5 4000 2
0 1 43 24 4000 2
0 1 9 42 4000 2
0 1 20 49 6000 2
0 1 25 7 6000 2
0 1 9 41 6000 2
0 1 7 14 6000 2
0 1 13 27 6000 2
0 1 50 4 6000 2
0 1 6 14 6000 2
0 1 48 32 6000 2
0 1 45 43 6000 2
0 1 3 58 6000 2
0 1 43 26 6000 2
0 1 21 55 6000 2
0 1 62 2 6000 2
0 1 22 29 6000 2
0 1 2 24 6000 2
0 1 31 60 6000 2
0 1 25 52 6000 2
0 1 54 20 6000 2
0 1 59 31 6000 2
0 1 3 36 8000 2
0 1 3 49 8000 2
0 1 37 3 8000 2
0 1 25 23 8000 2
0 1 34 56 8000 2
0 1 25 11 8000 2
0 1 32 18 8000 2
0 1 23 6 8000 2
0 1 36 42 8000 2
0 1 21 5 8000 2
0 1 9 61 8000 2
0 1 7 1 8000 2
0 1 17 1 8000 2
0 1 51 4 8000 2
0 1 28 0 8000 2
0 1 24 38 8000 2
0 1 35 7 8000 2
0 1 10 30 8000 2
0 1 35 57 8000 2
0 1 63 50 8000 2
0 1 42 22 8000 2
0 1 2 13 8000 2
0 1 30 20 8000 2
0 1 30 41 8000 2
0 1 36 12 8000 2
0 1 62 27 8000 2
0 1 40 20 8000 2
0 1 63 22 8000 2
0 1 37 39 8000 2
0 1 0 13 8000 2
0 1 2 4 10000 2
0 1 28 53 10000 2
0 1 14 7 10000 2
0 1 59 16 10000 2
0 1 43 2 10000 2
0 1 57 51 10000 2
0 1 36 29 10000 2
0 1 19 4 10000 2
0 1 62 47 10000 2
0 1 6 58 10000 2
0 1 10 22 10000 2
0 1 23 1 10000 2
0 1 62 6 10000 2
