1 2 48 33 2000 2
1 2 3 63 2000 2
1 2 27 10 2000 2
1 2 51 63 2000 2
1 2 55 21 2000 2
1 2 19 11 2000 2
1 2 58 63 2000 2
1 2 41 59 2000 2
1 2 2 42 2000 2
1 2 41 49 2000 2
1 2 16 48 2000 2
1 2 12 53 2000 2
1 2 13 37 2000 2
1 2 49 29 2000 2
1 2 49 18 2000 2
1 2 47 23 2000 2
1 2 3 6 2000 2
1 2 39 11 2000 2
1 2 7 44 2000 2
1 2 54 61 2000 2
1 2 41 9 2000 2
1 2 36 25 4000 2
1 2 2 11 4000 2
1 2 17 45 4000 2
1 2 33 41 4000 2
1 2 55 27 4000 2
1 2 15 0 4000 2
1 2 8 7 4000 2
1 2 3 39 4000 2
1 2 29 5 4000 2
1 2 1 19 4000 2
1 2 22 13 4000 2
1 2 1 60 4000 2
1 2 39 41 4000 2
1 2 12 52 4000 2
1 2 34 39 6000 2
1 2 14 35 6000 2
1 2 50 60 6000 2
1 2 16 40 6000 2
1 2 32 3 6000 2
1 2 7 14 6000 2
1 2 26 37 6000 2
1 2 57 36 6000 2
1 2 31 2 6000 2
1 2 18 33 6000 2
1 2 38 12 6000 2
1 2 62 61 6000 2
1 2 20 19 6000 2
1 2 41 17 6000 2
1 2 9 48 6000 2
1 2 24 42 6000 2
1 2 24 20 6000 2
1 2 0 19 8000 2
1 2 14 61 8000 2
1 2 13 49 8000 2
1 2 43 18 8000 2
1 2 40 21 8000 2
1 2 26 15 8000 2
1 2 38 27 8000 2
1 2 26 61 8000 2
1 2 10 23 8000 2
1 2 15 43 8000 2
1 2 38 62 8000 2
1 2 11 60 8000 2
1 2 2 24 8000 2
1 2 1 12 8000 2
1 2 45 18 8000 2
1 2 22 53 8000 2
1 2 44 29 8000 2
1 2 32 21 8000 2
1 2 29 37 8000 2
1 2 59 12 8000 2
1 2 38 42 10000 2
1 2 47 26 10000 2
1 2 1 15 10000 2
1 2 58 53 10000 2
1 2 8 20 10000 2
1 2 34 46 10000 2
1 2 4 0 10000 2
1 2 36 11 10000 2
1 2 22 28 10000 2
1 2 30 63 10000 2
1 2 41 5 10000 2
1 2 36 48 10000 2
1 2 28 29 10000 2
1 2 32 37 10000 2
1 2 49 17 10000 2
1 2 3 16 10000 2
