3 4 56 7 2000 2
3 4 45 6 2000 2
3 4 25 43 2000 2
3 4 45 13 2000 2
3 4 49 48 2000 2
3 4 29 23 2000 2
3 4 62 45 2000 2
3 4 56 4 2000 2
3 4 57 13 2000 2
3 4 28 46 2000 2
3 4 23 50 2000 2
3 4 7 11 2000 2
3 4 37 43 2000 2
3 4 31 50 2000 2
3 4 63 7 2000 2
3 4 23 22 2000 2
3 4 29 19 2000 2
3 4 20 38 4000 2
3 4 36 8 4000 2
3 4 18 10 4000 2
3 4 24 56 4000 2
3 4 12 59 4000 2
3 4 13 28 4000 2
3 4 3 2 4000 2
3 4 8 63 4000 2
3 4 10 63 4000 2
3 4 41 31 4000 2
3 4 12 19 4000 2
3 4 6 21 4000 2
3 4 60 21 4000 2
3 4 39 21 4000 2
3 4 24 55 4000 2
3 4 3 21 6000 2
3 4 27 42 6000 2
3 4 42 61 6000 2
3 4 0 41 6000 2
3 4 51 35 6000 2
3 4 49 46 6000 2
3 4 10 58 6000 2
3 4 0 15 6000 2
3 4 62 58 6000 2
3 4 35 3 6000 2
3 4 28 21 6000 2
3 4 35 3 6000 2
3 4 38 41 6000 2
3 4 39 25 6000 2
3 4 20 47 6000 2
3 4 33 19 6000 2
3 4 12 54 6000 2
3 4 53 38 6000 2
3 4 36 37 6000 2
3 4 26 16 6000 2
3 4 55 8 6000 2
3 4 10 43 6000 2
3 4 23 37 6000 2
3 4 45 3 8000 2
3 4 25 51 8000 2
3 4 19 39 8000 2
3 4 53 11 8000 2
3 4 35 10 8000 2
3 4 17 54 8000 2
3 4 2 30 8000 2
3 4 39 22 8000 2
3 4 13 54 8000 2
3 4 42 20 8000 2
3 4 11 12 8000 2
3 4 31 8 8000 2
3 4 7 32 8000 2
3 4 26 56 8000 2
3 4 39 28 8000 2
3 4 56 34 8000 2
3 4 52 41 8000 2
3 4 54 55 8000 2
3 4 22 45 8000 2
3 4 43 25 8000 2
3 4 10 23 8000 2
3 4 20 41 10000 2
3 4 29 33 10000 2
3 4 39 44 10000 2
3 4 53 8 10000 2
3 4 52 33 10000 2
3 4 43 12 10000 2
3 4 2 27 10000 2
3 4 28 61 10000 2
3 4 19 0 10000 2
3 4 3 30 10000 2
3 4 42 14 10000 2
3 4 59 14 10000 2
3 4 49 32 10000 2
3 4 0 63 10000 2
3 4 23 34 10000 2
3 4 27 25 10000 2
3 4 17 5 10000 2
3 4 0 35 10000 2
3 4 60 37 10000 2
3 4 28 51 10000 2
3 4 3 12 10000 2
3 4 33 51 10000 2
3 4 20 16 10000 2
