6 7 13 24 2000 2
6 7 43 5 2000 2
6 7 11 48 2000 2
6 7 48 49 2000 2
6 7 61 24 2000 2
6 7 63 20 2000 2
6 7 25 39 2000 2
6 7 8 51 2000 2
6 7 36 48 2000 2
6 7 35 21 2000 2
6 7 36 7 2000 2
6 7 63 37 2000 2
6 7 4 48 2000 2
6 7 37 21 4000 2
6 7 13 44 4000 2
6 7 50 28 4000 2
6 7 34 18 4000 2
6 7 36 62 4000 2
6 7 17 20 4000 2
6 7 9 32 4000 2
6 7 48 21 4000 2
6 7 19 31 4000 2
6 7 52 42 4000 2
6 7 2 31 4000 2
6 7 31 57 4000 2
6 7 57 16 4000 2
6 7 33 4 4000 2
6 7 44 23 4000 2
6 7 35 34 4000 2
6 7 3 10 4000 2
6 7 18 20 4000 2
6 7 18 35 6000 2
6 7 33 40 6000 2
6 7 57 15 6000 2
6 7 48 28 6000 2
6 7 48 53 6000 2
6 7 47 34 6000 2
6 7 36 62 6000 2
6 7 62 58 6000 2
6 7 35 49 6000 2
6 7 53 20 6000 2
6 7 40 61 6000 2
6 7 16 59 8000 2
6 7 17 60 8000 2
6 7 48 28 8000 2
6 7 18 28 8000 2
6 7 52 48 8000 2
6 7 29 16 8000 2
6 7 28 29 8000 2
6 7 49 50 8000 2
6 7 62 45 8000 2
6 7 21 63 8000 2
6 7 13 6 8000 2
6 7 56 48 8000 2
6 7 41 28 8000 2
6 7 46 28 8000 2
6 7 33 34 8000 2
6 7 46 44 8000 2
6 7 15 56 8000 2
6 7 30 17 10000 2
6 7 45 46 10000 2
6 7 17 14 10000 2
6 7 1 2 10000 2
6 7 43 32 10000 2
6 7 48 29 10000 2
6 7 52 54 10000 2
6 7 57 7 10000 2
6 7 37 30 10000 2
6 7 38 52 10000 2
6 7 42 46 10000 2
6 7 2 45 10000 2
6 7 44 57 10000 2
6 7 39 56 10000 2
6 7 55 39 10000 2
6 7 36 48 10000 2
6 7 48 41 10000 2
6 7 61 48 10000 2
6 7 46 62 10000 2
