14 15 44 41 2000 2
14 15 16 23 2000 2
14 15 15 31 2000 2
14 15 22 7 2000 2
14 15 16 60 2000 2
14 15 8 31 2000 2
14 15 57 39 2000 2
14 15 56 20 2000 2
14 15 46 52 2000 2
14 15 11 53 2000 2
14 15 22 44 2000 2
14 15 63 51 2000 2
14 15 46 22 2000 2
14 15 57 7 2000 2
14 15 6 41 4000 2
14 15 44 2 4000 2
14 15 21 59 4000 2
14 15 33 63 4000 2
14 15 36 30 4000 2
14 15 42 24 4000 2
14 15 8 27 4000 2
14 15 42 45 4000 2
14 15 32 46 4000 2
14 15 29 43 4000 2
14 15 60 24 4000 2
14 15 55 14 4000 2
14 15 23 44 4000 2
14 15 45 33 4000 2
14 15 34 63 4000 2
14 15 29 38 4000 2
14 15 1 43 4000 2
14 15 54 18 4000 2
14 15 34 28 4000 2
14 15 60 52 4000 2
14 15 20 29 4000 2
14 15 33 53 4000 2
14 15 3 41 6000 2
14 15 28 39 6000 2
14 15 32 47 6000 2
14 15 22 21 6000 2
14 15 53 34 6000 2
14 15 34 17 6000 2
14 15 33 54 6000 2
14 15 58 18 6000 2
14 15 61 43 6000 2
14 15 28 26 6000 2
14 15 59 51 6000 2
14 15 45 58 6000 2
14 15 37 16 6000 2
14 15 2 5 6000 2
14 15 19 3 6000 2
14 15 27 6 6000 2
14 15 54 34 6000 2
14 15 37 60 6000 2
14 15 10 35 6000 2
14 15 8 34 6000 2
14 15 52 35 6000 2
14 15 16 37 6000 2
14 15 8 51 6000 2
14 15 38 54 6000 2
14 15 18 24 8000 2
14 15 57 61 8000 2
14 15 32 27 8000 2
14 15 7 42 8000 2
14 15 16 7 8000 2
14 15 48 38 8000 2
14 15 45 14 8000 2
14 15 54 56 8000 2
14 15 31 53 8000 2
14 15 25 59 8000 2
14 15 63 23 8000 2
14 15 11 56 8000 2
14 15 63 34 8000 2
14 15 18 27 8000 2
14 15 19 40 8000 2
14 15 37 5 10000 2
14 15 18 42 10000 2
14 15 14 3 10000 2
14 15 33 43 10000 2
14 15 33 49 10000 2
14 15 23 9 10000 2
14 15 3 58 10000 2
14 15 49 7 10000 2
14 15 47 61 10000 2
14 15 3 48 10000 2
14 15 6 22 10000 2
14 15 6 47 10000 2
14 15 47 4 10000 2
14 15 63 7 10000 2
14 15 14 39 10000 2
14 15 8 10 10000 2
14 15 34 56 10000 2
14 15 35 33 10000 2
14 15 39 27 10000 2
14 15 41 35 10000 2
