11 12 4 17 2000 2
11 12 5 4 2000 2
11 12 38 21 2000 2
11 12 35 22 2000 2
11 12 46 62 2000 2
11 12 18 19 2000 2
11 12 11 50 2000 2
11 12 1 50 2000 2
11 12 15 23 2000 2
11 12 34 21 2000 2
11 12 31 22 2000 2
11 12 5 39 2000 2
11 12 14 10 2000 2
11 12 6 25 2000 2
11 12 12 24 2000 2
11 12 0 55 2000 2
11 12 10 61 2000 2
11 12 2 56 2000 2
11 12 11 56 4000 2
11 12 21 22 4000 2
11 12 62 52 4000 2
11 12 7 18 4000 2
11 12 20 53 4000 2
11 12 6 23 4000 2
11 12 62 60 4000 2
11 12 56 1 4000 2
11 12 38 30 4000 2
11 12 14 33 4000 2
11 12 49 48 4000 2
11 12 0 55 4000 2
11 12 44 42 4000 2
11 12 42 19 4000 2
11 12 58 20 4000 2
11 12 7 29 4000 2
11 12 18 3 4000 2
11 12 30 14 6000 2
11 12 28 44 6000 2
11 12 41 47 6000 2
11 12 40 12 6000 2
11 12 38 29 6000 2
11 12 31 52 6000 2
11 12 4 60 6000 2
11 12 19 54 6000 2
11 12 7 21 6000 2
11 12 20 55 6000 2
11 12 56 24 6000 2
11 12 15 10 6000 2
11 12 5 46 6000 2
11 12 26 58 6000 2
11 12 10 16 6000 2
11 12 31 12 6000 2
11 12 2 46 6000 2
11 12 62 0 6000 2
11 12 0 63 6000 2
11 12 58 39 8000 2
11 12 63 62 8000 2
11 12 50 43 8000 2
11 12 16 33 8000 2
11 12 18 10 8000 2
11 12 51 13 8000 2
11 12 47 15 8000 2
11 12 14 59 8000 2
11 12 53 13 8000 2
11 12 62 39 8000 2
11 12 10 38 8000 2
11 12 41 32 8000 2
11 12 59 23 8000 2
11 12 10 42 8000 2
11 12 58 43 8000 2
11 12 11 37 8000 2
11 12 6 29 8000 2
11 12 50 14 8000 2
11 12 34 21 8000 2
11 12 2 54 8000 2
11 12 4 56 8000 2
11 12 47 29 10000 2
11 12 45 19 10000 2
11 12 32 50 10000 2
11 12 18 35 10000 2
11 12 21 54 10000 2
11 12 10 3 10000 2
11 12 45 29 10000 2
11 12 58 5 10000 2
11 12 31 25 10000 2
11 12 15 47 10000 2
11 12 62 63 10000 2
11 12 16 26 10000 2
11 12 32 24 10000 2
11 12 47 57 10000 2
11 12 13 63 10000 2
11 12 9 10 10000 2
