10 11 1 49 2000 2
10 11 18 60 2000 2
10 11 7 5 2000 2
10 11 2 40 2000 2
10 11 22 46 2000 2
10 11 11 2 2000 2
10 11 2 45 2000 2
10 11 43 34 2000 2
10 11 11 62 2000 2
10 11 32 37 2000 2
10 11 42 40 2000 2
10 11 23 33 2000 2
10 11 44 26 2000 2
10 11 44 29 2000 2
10 11 55 23 2000 2
10 11 55 49 2000 2
10 11 6 54 2000 2
10 11 50 32 2000 2
10 11 12 63 2000 2
10 11 55 53 2000 2
10 11 48 11 2000 2
10 11 1 2 2000 2
10 11 56 25 2000 2
10 11 21 14 2000 2
10 11 45 24 2000 2
10 11 12 52 4000 2
10 11 58 50 4000 2
10 11 46 57 4000 2
10 11 63 60 4000 2
10 11 35 2 4000 2
10 11 53 12 4000 2
10 11 24 60 4000 2
10 11 58 46 4000 2
10 11 33 20 4000 2
10 11 33 28 4000 2
10 11 28 27 4000 2
10 11 40 21 4000 2
10 11 12 52 4000 2
10 11 43 37 4000 2
10 11 28 30 4000 2
10 11 31 44 4000 2
10 11 33 23 4000 2
10 11 31 59 4000 2
10 11 32 44 4000 2
10 11 59 25 4000 2
10 11 45 23 4000 2
10 11 5 19 4000 2
10 11 61 33 6000 2
10 11 13 2 6000 2
10 11 20 8 6000 2
10 11 48 43 6000 2
10 11 4 37 6000 2
10 11 50 38 6000 2
10 11 62 38 6000 2
10 11 19 38 6000 2
10 11 41 50 6000 2
10 11 9 43 6000 2
10 11 10 5 6000 2
10 11 19 22 6000 2
10 11 31 47 6000 2
10 11 17 44 6000 2
10 11 6 2 6000 2
10 11 30 0 6000 2
10 11 44 15 6000 2
10 11 26 30 6000 2
10 11 37 48 6000 2
10 11 31 44 6000 2
10 11 54 63 6000 2
10 11 25 31 6000 2
10 11 62 26 6000 2
10 11 19 42 6000 2
10 11 26 20 6000 2
10 11 23 44 6000 2
10 11 37 60 6000 2
10 11 20 53 6000 2
10 11 16 5 6000 2
10 11 16 43 8000 2
10 11 12 16 8000 2
10 11 11 15 8000 2
10 11 61 26 8000 2
10 11 61 25 8000 2
10 11 34 32 8000 2
10 11 24 29 8000 2
10 11 50 26 8000 2
10 11 15 2 8000 2
10 11 42 53 8000 2
10 11 57 56 8000 2
10 11 15 25 8000 2
10 11 8 24 8000 2
10 11 26 19 8000 2
10 11 40 30 8000 2
10 11 57 10 8000 2
10 11 27 35 8000 2
10 11 34 0 8000 2
10 11 55 62 10000 2
10 11 19 12 10000 2
10 11 52 29 10000 2
10 11 48 33 10000 2
10 11 63 38 10000 2
10 11 13 43 10000 2
10 11 39 12 10000 2
10 11 52 4 10000 2
10 11 15 34 10000 2
10 11 61 9 10000 2
10 11 61 39 10000 2
10 11 31 21 10000 2
10 11 26 6 10000 2
10 11 53 58 10000 2
10 11 24 3 10000 2
10 11 52 17 10000 2
10 11 60 51 10000 2
