4 5 55 46 2000 2
4 5 55 6 2000 2
4 5 8 35 2000 2
4 5 53 7 2000 2
4 5 52 0 2000 2
4 5 62 10 2000 2
4 5 36 33 2000 2
4 5 14 30 2000 2
4 5 16 25 2000 2
4 5 18 63 2000 2
4 5 50 56 2000 2
4 5 48 37 2000 2
4 5 7 54 2000 2
4 5 53 21 2000 2
4 5 30 19 2000 2
4 5 20 27 2000 2
4 5 53 28 2000 2
4 5 24 46 4000 2
4 5 28 50 4000 2
4 5 5 33 4000 2
4 5 29 55 4000 2
4 5 41 20 4000 2
4 5 15 63 4000 2
4 5 59 31 4000 2
4 5 38 33 4000 2
4 5 23 28 4000 2
4 5 38 5 4000 2
4 5 0 4 4000 2
4 5 58 35 4000 2
4 5 29 49 4000 2
4 5 34 7 4000 2
4 5 6 32 4000 2
4 5 2 30 4000 2
4 5 27 5 4000 2
4 5 53 17 4000 2
4 5 29 10 4000 2
4 5 19 58 6000 2
4 5 44 23 6000 2
4 5 17 52 6000 2
4 5 16 28 6000 2
4 5 50 13 6000 2
4 5 45 40 6000 2
4 5 21 48 6000 2
4 5 13 36 6000 2
4 5 27 22 6000 2
4 5 0 8 6000 2
4 5 2 50 6000 2
4 5 9 33 6000 2
4 5 36 14 6000 2
4 5 8 22 6000 2
4 5 2 29 6000 2
4 5 21 24 8000 2
4 5 13 48 8000 2
4 5 50 32 8000 2
4 5 58 16 8000 2
4 5 12 62 8000 2
4 5 32 47 8000 2
4 5 39 57 8000 2
4 5 22 4 8000 2
4 5 33 10 8000 2
4 5 52 33 8000 2
4 5 45 36 8000 2
4 5 55 27 8000 2
4 5 39 44 8000 2
4 5 62 40 8000 2
4 5 28 62 8000 2
4 5 56 39 10000 2
4 5 33 37 10000 2
4 5 59 6 10000 2
4 5 23 28 10000 2
4 5 55 54 10000 2
4 5 42 1 10000 2
4 5 29 4 10000 2
4 5 24 11 10000 2
4 5 36 9 10000 2
4 5 59 5 10000 2
4 5 38 36 10000 2
4 5 17 16 10000 2
4 5 56 14 10000 2
4 5 19 13 10000 2
4 5 32 11 10000 2
4 5 26 34 10000 2
4 5 19 13 10000 2
4 5 53 12 10000 2
4 5 54 23 10000 2
4 5 54 23 10000 2
4 5 39 18 10000 2
4 5 62 54 10000 2
4 5 47 24 10000 2
4 5 47 6 10000 2
4 5 29 32 10000 2
4 5 17 16 10000 2
4 5 53 15 10000 2
4 5 39 16 10000 2
4 5 25 15 10000 2
4 5 55 37 10000 2
4 5 21 37 10000 2
4 5 0 48 10000 2
4 5 46 37 10000 2
4 5 9 25 10000 2
4 5 39 35 10000 2
4 5 23 19 10000 2
4 5 2 21 10000 2
4 5 4 31 10000 2
4 5 26 15 10000 2
4 5 7 43 10000 2
