8 9 35 54 2000 2
8 9 62 15 2000 2
8 9 46 5 2000 2
8 9 43 1 2000 2
8 9 60 32 2000 2
8 9 5 41 2000 2
8 9 12 6 2000 2
8 9 13 19 2000 2
8 9 2 34 2000 2
8 9 13 0 2000 2
8 9 44 36 2000 2
8 9 36 35 2000 2
8 9 24 1 2000 2
8 9 52 41 4000 2
8 9 22 31 4000 2
8 9 49 7 4000 2
8 9 49 44 4000 2
8 9 34 19 4000 2
8 9 11 40 4000 2
8 9 0 12 4000 2
8 9 36 32 4000 2
8 9 3 15 4000 2
8 9 31 51 4000 2
8 9 50 21 4000 2
8 9 36 38 4000 2
8 9 24 28 4000 2
8 9 36 24 4000 2
8 9 8 54 4000 2
8 9 35 58 4000 2
8 9 9 17 4000 2
8 9 11 3 4000 2
8 9 12 22 4000 2
8 9 16 52 6000 2
8 9 19 31 6000 2
8 9 32 59 6000 2
8 9 53 39 6000 2
8 9 62 12 6000 2
8 9 22 53 6000 2
8 9 34 15 6000 2
8 9 23 37 6000 2
8 9 43 37 6000 2
8 9 12 55 6000 2
8 9 5 26 6000 2
8 9 29 15 6000 2
8 9 57 56 6000 2
8 9 4 21 6000 2
8 9 4 61 6000 2
8 9 8 35 6000 2
8 9 24 7 6000 2
8 9 15 41 6000 2
8 9 11 21 6000 2
8 9 28 55 6000 2
8 9 52 57 6000 2
8 9 28 53 6000 2
8 9 38 11 6000 2
8 9 9 23 6000 2
8 9 15 33 6000 2
8 9 14 55 6000 2
8 9 42 63 8000 2
8 9 54 3 8000 2
8 9 17 21 8000 2
8 9 17 21 8000 2
8 9 53 34 8000 2
8 9 2 32 8000 2
8 9 23 13 8000 2
8 9 57 46 8000 2
8 9 5 27 8000 2
8 9 44 30 8000 2
8 9 8 0 8000 2
8 9 8 9 8000 2
8 9 61 54 8000 2
8 9 59 21 8000 2
8 9 37 16 8000 2
8 9 42 45 8000 2
8 9 24 13 8000 2
8 9 63 10 8000 2
8 9 8 18 8000 2
8 9 27 7 8000 2
8 9 61 0 10000 2
8 9 40 31 10000 2
8 9 25 22 10000 2
8 9 49 52 10000 2
8 9 63 46 10000 2
8 9 55 28 10000 2
8 9 36 46 10000 2
8 9 59 56 10000 2
8 9 27 50 10000 2
8 9 57 39 10000 2
8 9 30 51 10000 2
8 9 52 56 10000 2
8 9 21 28 10000 2
8 9 20 46 10000 2
8 9 62 11 10000 2
