2 3 60 61 2000 2
2 3 23 18 2000 2
2 3 23 63 2000 2
2 3 12 7 2000 2
2 3 47 10 2000 2
2 3 11 32 2000 2
2 3 5 43 2000 2
2 3 46 36 2000 2
2 3 30 42 2000 2
2 3 30 63 2000 2
2 3 27 7 2000 2
2 3 11 6 2000 2
2 3 56 22 2000 2
2 3 30 2 2000 2
2 3 41 43 2000 2
2 3 44 19 2000 2
2 3 28 49 2000 2
2 3 50 57 2000 2
2 3 9 52 2000 2
2 3 33 10 2000 2
2 3 12 13 2000 2
2 3 14 26 2000 2
2 3 37 22 4000 2
2 3 6 26 4000 2
2 3 21 50 4000 2
2 3 60 29 4000 2
2 3 47 18 4000 2
2 3 62 19 4000 2
2 3 5 59 4000 2
2 3 19 17 4000 2
2 3 55 58 4000 2
2 3 12 40 4000 2
2 3 34 14 4000 2
2 3 59 62 4000 2
2 3 53 18 4000 2
2 3 8 47 4000 2
2 3 5 27 4000 2
2 3 22 42 4000 2
2 3 2 48 4000 2
2 3 23 33 4000 2
2 3 1 45 4000 2
2 3 55 24 4000 2
2 3 36 14 4000 2
2 3 31 16 4000 2
2 3 29 33 6000 2
2 3 20 48 6000 2
2 3 59 34 6000 2
2 3 18 27 6000 2
2 3 15 59 6000 2
2 3 56 24 6000 2
2 3 43 37 6000 2
2 3 48 1 6000 2
2 3 39 27 6000 2
2 3 37 41 6000 2
2 3 3 49 6000 2
2 3 49 58 6000 2
2 3 42 40 6000 2
2 3 37 63 6000 2
2 3 3 43 6000 2
2 3 1 45 6000 2
2 3 54 29 6000 2
2 3 21 39 6000 2
2 3 31 52 6000 2
2 3 53 2 6000 2
2 3 59 17 8000 2
2 3 43 27 8000 2
2 3 15 53 8000 2
2 3 12 18 8000 2
2 3 40 30 8000 2
2 3 52 56 8000 2
2 3 35 59 8000 2
2 3 57 35 8000 2
2 3 11 12 8000 2
2 3 21 7 8000 2
2 3 9 63 8000 2
2 3 0 50 8000 2
2 3 52 23 8000 2
2 3 9 61 8000 2
2 3 8 25 8000 2
2 3 15 12 10000 2
2 3 4 32 10000 2
2 3 17 49 10000 2
2 3 23 49 10000 2
2 3 62 47 10000 2
2 3 49 37 10000 2
2 3 3 28 10000 2
2 3 26 24 10000 2
2 3 41 13 10000 2
2 3 36 35 10000 2
2 3 58 54 10000 2
2 3 5 18 10000 2
2 3 0 14 10000 2
2 3 50 24 10000 2
2 3 35 53 10000 2
2 3 34 31 10000 2
2 3 31 29 10000 2
2 3 63 9 10000 2
2 3 39 0 10000 2
2 3 52 24 10000 2
2 3 33 56 10000 2
2 3 44 20 10000 2
