15 0 29 62 2000 2
15 0 50 42 2000 2
15 0 5 17 2000 2
15 0 18 14 2000 2
15 0 22 20 2000 2
15 0 22 24 2000 2
15 0 49 22 2000 2
15 0 50 51 2000 2
15 0 43 10 2000 2
15 0 12 11 2000 2
15 0 32 43 2000 2
15 0 62 58 2000 2
15 0 63 58 2000 2
15 0 23 12 2000 2
15 0 1 6 2000 2
15 0 5 12 2000 2
15 0 36 22 2000 2
15 0 61 55 2000 2
15 0 33 4 4000 2
15 0 54 13 4000 2
15 0 54 12 4000 2
15 0 52 9 4000 2
15 0 43 33 4000 2
15 0 29 1 4000 2
15 0 55 4 4000 2
15 0 50 19 4000 2
15 0 41 10 4000 2
15 0 31 57 4000 2
15 0 63 13 4000 2
15 0 30 22 4000 2
15 0 30 28 4000 2
15 0 3 27 4000 2
15 0 25 45 4000 2
15 0 27 54 4000 2
15 0 20 2 4000 2
15 0 45 15 6000 2
15 0 11 63 6000 2
15 0 7 8 6000 2
15 0 60 46 6000 2
15 0 8 28 6000 2
15 0 57 30 6000 2
15 0 35 63 6000 2
15 0 20 33 6000 2
15 0 8 60 6000 2
15 0 28 16 6000 2
15 0 13 50 6000 2
15 0 4 59 6000 2
15 0 29 38 6000 2
15 0 20 24 6000 2
15 0 4 47 6000 2
15 0 6 54 6000 2
15 0 13 17 6000 2
15 0 56 18 6000 2
15 0 60 24 6000 2
15 0 34 20 8000 2
15 0 43 11 8000 2
15 0 33 37 8000 2
15 0 13 20 8000 2
15 0 38 53 8000 2
15 0 25 42 8000 2
15 0 8 26 8000 2
15 0 40 17 8000 2
15 0 50 60 8000 2
15 0 29 3 8000 2
15 0 45 57 8000 2
15 0 26 1 8000 2
15 0 62 22 8000 2
15 0 50 54 10000 2
15 0 62 39 10000 2
15 0 15 10 10000 2
15 0 59 31 10000 2
15 0 41 34 10000 2
15 0 27 35 10000 2
15 0 53 56 10000 2
15 0 31 3 10000 2
15 0 6 48 10000 2
15 0 49 40 10000 2
15 0 29 62 10000 2
15 0 38 25 10000 2
15 0 24 48 10000 2
15 0 27 63 10000 2
15 0 25 59 10000 2
