9 10 59 61 2000 2
9 10 47 0 2000 2
9 10 54 62 2000 2
9 10 25 26 2000 2
9 10 29 35 2000 2
9 10 6 8 2000 2
9 10 41 9 2000 2
9 10 27 38 2000 2
9 10 53 42 2000 2
9 10 25 58 2000 2
9 10 63 50 2000 2
9 10 31 14 2000 2
9 10 41 55 2000 2
9 10 44 58 2000 2
9 10 49 13 4000 2
9 10 7 36 4000 2
9 10 0 34 4000 2
9 10 31 54 4000 2
9 10 7 50 4000 2
9 10 15 63 4000 2
9 10 36 52 4000 2
9 10 12 31 4000 2
9 10 30 32 4000 2
9 10 6 49 4000 2
9 10 47 0 4000 2
9 10 24 57 4000 2
9 10 58 28 4000 2
9 10 30 46 4000 2
9 10 53 12 4000 2
9 10 55 45 6000 2
9 10 5 37 6000 2
9 10 54 62 6000 2
9 10 58 27 6000 2
9 10 37 55 6000 2
9 10 45 25 6000 2
9 10 58 11 6000 2
9 10 50 45 6000 2
9 10 52 4 6000 2
9 10 16 8 6000 2
9 10 6 61 6000 2
9 10 29 41 6000 2
9 10 60 32 6000 2
9 10 49 19 6000 2
9 10 29 27 6000 2
9 10 9 16 6000 2
9 10 49 47 6000 2
9 10 6 13 6000 2
9 10 52 55 6000 2
9 10 37 29 6000 2
9 10 51 0 6000 2
9 10 40 12 6000 2
9 10 52 15 6000 2
9 10 5 25 6000 2
9 10 49 43 6000 2
9 10 61 6 6000 2
9 10 35 46 6000 2
9 10 46 15 6000 2
9 10 40 26 8000 2
9 10 62 14 8000 2
9 10 14 1 8000 2
9 10 63 27 8000 2
9 10 7 46 8000 2
9 10 28 55 8000 2
9 10 1 57 8000 2
9 10 55 6 8000 2
9 10 5 47 8000 2
9 10 43 25 8000 2
9 10 31 56 8000 2
9 10 15 9 8000 2
9 10 21 4 8000 2
9 10 44 36 8000 2
9 10 6 31 8000 2
9 10 12 7 8000 2
9 10 18 32 8000 2
9 10 34 36 8000 2
9 10 12 45 8000 2
9 10 0 39 8000 2
9 10 55 14 8000 2
9 10 33 44 8000 2
9 10 61 34 8000 2
9 10 57 18 8000 2
9 10 2 31 8000 2
9 10 9 27 8000 2
9 10 3 46 8000 2
9 10 23 21 8000 2
9 10 45 62 8000 2
9 10 62 3 8000 2
9 10 6 33 10000 2
9 10 31 2 10000 2
9 10 33 39 10000 2
9 10 52 13 10000 2
9 10 44 41 10000 2
9 10 62 21 10000 2
9 10 31 26 10000 2
9 10 63 48 10000 2
9 10 56 62 10000 2
9 10 12 33 10000 2
9 10 16 6 10000 2
9 10 48 45 10000 2
9 10 15 24 10000 2
9 10 18 32 10000 2
9 10 46 44 10000 2
9 10 22 13 10000 2
9 10 41 48 10000 2
9 10 40 18 10000 2
