7 8 63 26 2000 2
7 8 19 62 2000 2
7 8 58 23 2000 2
7 8 49 5 2000 2
7 8 13 3 2000 2
7 8 25 56 2000 2
7 8 51 41 2000 2
7 8 22 59 2000 2
7 8 40 28 2000 2
7 8 32 46 2000 2
7 8 63 7 2000 2
7 8 58 29 2000 2
7 8 47 39 2000 2
7 8 41 55 2000 2
7 8 41 3 2000 2
7 8 29 27 2000 2
7 8 49 0 2000 2
7 8 50 12 2000 2
7 8 10 9 4000 2
7 8 57 50 4000 2
7 8 5 47 4000 2
7 8 40 7 4000 2
7 8 62 33 4000 2
7 8 4 60 4000 2
7 8 0 7 4000 2
7 8 62 60 4000 2
7 8 9 40 4000 2
7 8 28 18 4000 2
7 8 39 1 4000 2
7 8 15 2 4000 2
7 8 18 57 4000 2
7 8 50 1 4000 2
7 8 16 22 4000 2
7 8 41 3 4000 2
7 8 49 6 4000 2
7 8 37 19 4000 2
7 8 52 22 4000 2
7 8 56 16 4000 2
7 8 63 23 4000 2
7 8 59 13 4000 2
7 8 50 13 4000 2
7 8 17 5 4000 2
7 8 45 37 4000 2
7 8 50 61 4000 2
7 8 60 21 4000 2
7 8 29 12 4000 2
7 8 23 19 4000 2
7 8 29 32 4000 2
7 8 55 20 4000 2
7 8 55 16 4000 2
7 8 19 56 6000 2
7 8 59 54 6000 2
7 8 60 6 6000 2
7 8 8 29 6000 2
7 8 29 2 6000 2
7 8 34 12 6000 2
7 8 61 16 6000 2
7 8 12 25 6000 2
7 8 24 19 6000 2
7 8 52 13 6000 2
7 8 56 29 6000 2
7 8 51 10 6000 2
7 8 12 34 6000 2
7 8 63 60 6000 2
7 8 38 32 6000 2
7 8 20 24 6000 2
7 8 20 63 6000 2
7 8 43 59 6000 2
7 8 20 42 6000 2
7 8 18 30 6000 2
7 8 34 46 6000 2
7 8 63 53 6000 2
7 8 16 59 8000 2
7 8 47 13 8000 2
7 8 60 19 8000 2
7 8 1 11 8000 2
7 8 0 62 8000 2
7 8 36 55 8000 2
7 8 45 30 8000 2
7 8 8 39 8000 2
7 8 44 11 8000 2
7 8 62 16 8000 2
7 8 19 44 8000 2
7 8 31 52 8000 2
7 8 45 62 8000 2
7 8 8 10 8000 2
7 8 35 9 8000 2
7 8 38 28 8000 2
7 8 31 33 8000 2
7 8 62 28 8000 2
7 8 5 10 8000 2
7 8 38 49 8000 2
7 8 44 62 8000 2
7 8 26 23 8000 2
7 8 31 42 8000 2
7 8 47 23 8000 2
7 8 18 53 10000 2
7 8 45 0 10000 2
7 8 25 3 10000 2
7 8 21 22 10000 2
7 8 63 24 10000 2
7 8 13 29 10000 2
7 8 2 59 10000 2
7 8 53 26 10000 2
7 8 55 37 10000 2
7 8 55 26 10000 2
7 8 56 6 10000 2
7 8 50 39 10000 2
7 8 62 0 10000 2
7 8 40 32 10000 2
7 8 20 33 10000 2
7 8 28 49 10000 2
7 8 19 41 10000 2
7 8 58 45 10000 2
7 8 37 36 10000 2
7 8 26 42 10000 2
7 8 18 55 10000 2
