12 13 33 0 2000 2
12 13 41 19 2000 2
12 13 61 3 2000 2
12 13 6 63 2000 2
12 13 39 49 2000 2
12 13 7 27 2000 2
12 13 57 45 2000 2
12 13 13 18 2000 2
12 13 25 39 2000 2
12 13 63 21 2000 2
12 13 21 29 2000 2
12 13 16 26 2000 2
12 13 33 57 2000 2
12 13 35 12 2000 2
12 13 32 51 2000 2
12 13 6 4 2000 2
12 13 58 36 2000 2
12 13 36 41 2000 2
12 13 2 6 2000 2
12 13 39 45 4000 2
12 13 32 41 4000 2
12 13 9 37 4000 2
12 13 1 63 4000 2
12 13 48 14 4000 2
12 13 11 6 4000 2
12 13 5 52 4000 2
12 13 24 15 4000 2
12 13 8 17 4000 2
12 13 22 4 4000 2
12 13 46 9 4000 2
12 13 46 23 4000 2
12 13 1 12 4000 2
12 13 35 54 4000 2
12 13 7 63 4000 2
12 13 60 26 6000 2
12 13 21 44 6000 2
12 13 21 36 6000 2
12 13 21 63 6000 2
12 13 54 17 6000 2
12 13 53 7 6000 2
12 13 17 11 6000 2
12 13 10 52 6000 2
12 13 2 9 6000 2
12 13 59 9 6000 2
12 13 11 7 6000 2
12 13 5 34 6000 2
12 13 47 24 6000 2
12 13 13 31 6000 2
12 13 40 26 6000 2
12 13 19 25 6000 2
12 13 6 9 6000 2
12 13 31 40 6000 2
12 13 27 42 6000 2
12 13 24 60 6000 2
12 13 47 35 8000 2
12 13 4 11 8000 2
12 13 8 40 8000 2
12 13 62 12 8000 2
12 13 37 21 8000 2
12 13 62 56 8000 2
12 13 48 31 8000 2
12 13 44 38 8000 2
12 13 21 24 8000 2
12 13 19 31 8000 2
12 13 36 62 8000 2
12 13 50 54 8000 2
12 13 7 5 8000 2
12 13 25 46 8000 2
12 13 43 15 8000 2
12 13 58 12 8000 2
12 13 63 8 8000 2
12 13 41 2 8000 2
12 13 50 2 8000 2
12 13 17 56 8000 2
12 13 22 33 10000 2
12 13 15 61 10000 2
12 13 9 62 10000 2
12 13 43 44 10000 2
12 13 15 59 10000 2
12 13 8 60 10000 2
12 13 43 32 10000 2
12 13 3 45 10000 2
12 13 1 61 10000 2
12 13 33 26 10000 2
12 13 17 22 10000 2
12 13 5 26 10000 2
12 13 27 17 10000 2
12 13 16 4 10000 2
12 13 51 45 10000 2
12 13 21 46 10000 2
12 13 60 51 10000 2
12 13 48 63 10000 2
12 13 57 31 10000 2
12 13 25 30 10000 2
12 13 58 50 10000 2
12 13 37 36 10000 2
12 13 21 49 10000 2
