# src_chip dst_chip src_pe dst_pe inject_cycle
# entries=768 chips=4 pe_per_chip=256 timesteps=5 interval=2000 seed=56
3 2 184 1 2000
1 2 239 36 2000
1 0 73 134 2000
0 1 248 66 2000
3 1 193 226 2000
1 2 163 136 2000
1 0 241 127 2000
1 2 63 96 2000
0 1 52 126 2000
2 3 213 221 2000
0 1 46 207 2000
1 0 159 28 2000
0 3 2 156 2000
1 3 139 249 2000
1 0 60 49 2000
2 1 14 200 2000
1 3 133 193 2000
3 2 69 4 2000
2 0 139 141 2000
3 1 54 69 2000
1 2 195 96 2000
2 1 201 164 2000
3 1 97 10 2000
3 1 150 197 2000
0 2 59 39 2000
1 3 37 217 2000
3 0 227 107 2000
2 1 48 114 2000
3 2 37 40 2000
2 3 217 81 2000
2 1 55 187 2000
2 0 42 69 2000
3 1 129 173 2000
0 3 244 47 2000
1 0 69 147 2000
0 2 4 190 2000
3 2 88 98 2000
1 2 225 214 2000
3 1 128 193 2000
1 2 81 64 2000
0 2 248 172 2000
2 1 92 126 2000
1 3 52 198 2000
0 1 15 192 2000
3 1 111 107 2000
0 3 78 137 2000
0 2 3 111 2000
3 0 135 15 2000
0 1 220 13 2000
1 0 95 236 2000
0 2 187 253 2000
2 3 113 240 2000
3 0 89 124 2000
1 3 85 105 2000
2 3 107 127 2000
0 3 203 229 2000
1 2 185 124 2000
2 1 194 167 2000
2 3 249 120 2000
0 3 240 15 2000
1 2 73 169 2000
2 0 94 20 2000
1 2 230 82 2000
0 2 137 119 2000
3 1 85 55 2000
3 1 142 161 2000
0 1 222 38 2000
3 0 170 158 2000
0 3 223 64 2000
3 1 245 153 2000
1 2 160 107 2000
3 1 189 101 2000
0 2 214 124 2000
1 0 244 166 2000
1 2 237 194 2000
3 1 47 97 2000
2 3 189 64 2000
1 0 203 230 2000
1 3 208 46 2000
0 3 59 65 2000
3 2 139 198 2000
1 2 6 41 2000
0 1 220 193 2000
1 0 61 190 2000
0 2 172 196 2000
3 0 56 250 2000
1 2 62 184 2000
2 1 233 228 2000
3 0 57 6 2000
0 2 109 53 2000
2 3 255 201 2000
0 1 45 25 2000
2 0 180 86 2000
1 2 140 64 2000
0 2 22 28 2000
3 0 72 28 2000
2 0 216 165 2000
3 1 29 105 2000
0 2 17 179 2000
3 2 215 233 2000
0 1 15 243 2000
2 3 160 249 2000
3 2 202 221 2000
0 2 59 89 2000
1 0 74 226 2000
3 2 63 46 2000
1 0 237 235 2000
3 0 38 199 2000
2 3 185 132 2000
3 2 42 202 2000
0 2 107 133 2000
2 1 200 201 2000
0 3 157 110 2000
1 3 116 51 2000
3 2 37 70 2000
2 1 104 68 2000
3 1 148 4 2000
2 3 228 170 2000
2 3 123 176 2000
3 2 141 11 2000
1 3 90 34 2000
1 3 151 190 2000
0 2 151 100 2000
0 1 31 183 2000
2 0 105 42 2000
2 1 130 15 2000
1 2 173 124 2000
2 3 226 221 2000
0 3 38 180 2000
0 1 91 134 2000
3 1 177 252 2000
2 3 209 106 2000
1 2 219 121 2000
1 3 152 73 2000
2 3 19 119 2000
1 2 129 55 2000
0 2 177 179 2000
3 1 159 55 2000
0 2 22 7 2000
2 0 245 131 2000
3 1 254 175 2000
1 0 20 144 2000
2 0 254 158 2000
2 1 233 99 2000
2 3 35 4 2000
0 3 207 59 2000
1 0 243 157 2000
0 3 227 41 2000
1 2 242 9 2000
0 3 120 196 2000
1 3 153 152 2000
3 0 45 7 2000
2 1 175 220 2000
3 0 136 84 2000
3 2 250 20 2000
3 0 23 134 2000
2 3 56 202 2000
1 2 15 238 4000
1 3 111 114 4000
3 0 32 200 4000
3 2 22 175 4000
1 0 131 207 4000
0 2 68 138 4000
0 3 41 241 4000
1 0 208 222 4000
2 0 230 147 4000
2 0 13 120 4000
0 1 180 111 4000
2 3 183 70 4000
3 1 15 218 4000
1 2 186 32 4000
1 3 82 216 4000
3 0 76 184 4000
1 0 212 224 4000
1 2 14 65 4000
0 2 144 135 4000
2 3 17 153 4000
1 3 133 113 4000
3 1 119 207 4000
1 2 208 200 4000
2 0 174 14 4000
2 1 41 0 4000
0 3 213 233 4000
0 2 143 86 4000
0 3 116 186 4000
3 1 129 201 4000
3 0 167 124 4000
1 2 236 30 4000
1 2 51 240 4000
2 3 19 98 4000
1 3 183 87 4000
0 1 19 12 4000
0 2 135 182 4000
2 0 177 207 4000
2 1 108 164 4000
3 0 175 173 4000
3 1 139 84 4000
3 2 19 140 4000
0 2 201 219 4000
0 1 112 58 4000
2 1 189 176 4000
2 0 221 254 4000
2 0 76 189 4000
2 3 174 159 4000
1 0 14 72 4000
1 3 43 237 4000
1 3 101 9 4000
3 0 163 247 4000
1 3 64 235 4000
2 0 53 145 4000
0 3 29 52 4000
0 1 124 52 4000
2 1 131 226 4000
1 3 12 140 4000
2 3 201 5 4000
0 3 121 65 4000
2 3 145 101 4000
0 3 49 83 4000
1 0 112 136 4000
2 0 237 157 4000
0 1 144 213 4000
2 1 250 119 4000
1 2 246 60 4000
0 3 61 28 4000
2 1 159 31 4000
3 0 246 53 4000
2 1 19 100 4000
2 0 112 140 4000
2 0 213 118 4000
0 1 180 246 4000
0 2 93 102 4000
3 0 53 191 4000
3 2 56 241 4000
3 1 221 202 4000
3 2 54 57 4000
3 2 112 200 4000
2 3 3 108 4000
0 3 215 14 4000
3 0 34 219 4000
3 1 80 167 4000
0 1 36 28 4000
1 0 113 55 4000
1 3 11 243 4000
3 0 181 206 4000
3 2 174 43 4000
1 3 140 187 4000
3 2 34 235 4000
1 3 216 22 4000
3 2 244 213 4000
1 3 110 112 4000
3 1 133 242 4000
2 3 183 19 4000
0 1 146 197 4000
1 3 41 62 4000
3 2 35 98 4000
2 1 161 78 4000
3 1 223 39 4000
1 2 103 223 4000
3 0 70 116 4000
0 2 211 30 4000
2 0 223 231 4000
1 0 132 4 4000
0 1 121 143 4000
3 1 107 35 4000
1 0 150 207 4000
3 2 124 147 4000
3 1 168 233 4000
0 2 133 162 4000
1 3 169 77 4000
1 3 217 224 4000
1 0 191 232 4000
0 1 144 22 4000
0 3 124 134 4000
1 2 11 224 4000
1 0 229 230 4000
1 0 88 208 4000
3 1 192 208 4000
3 1 27 14 4000
2 3 125 130 4000
1 0 235 201 4000
3 2 112 210 4000
3 1 6 234 4000
0 2 162 88 4000
0 3 63 219 4000
0 3 216 195 4000
2 3 90 22 4000
2 0 216 235 4000
2 1 108 202 4000
2 3 120 31 4000
0 1 155 43 4000
1 2 52 17 4000
3 2 136 197 4000
3 2 211 101 4000
1 2 205 20 4000
2 1 143 9 4000
1 3 245 132 4000
1 2 237 127 4000
1 2 96 202 4000
0 1 147 49 4000
0 3 39 64 4000
0 1 149 204 4000
2 1 35 31 4000
0 3 165 6 4000
3 2 251 243 4000
1 3 32 207 4000
1 0 227 19 4000
3 0 32 12 4000
3 1 173 169 4000
2 0 30 155 4000
3 2 66 124 4000
0 3 23 171 4000
0 1 210 187 4000
2 1 76 54 4000
0 3 26 151 4000
1 2 60 183 4000
2 0 37 174 4000
3 2 95 67 4000
3 2 118 24 6000
0 3 255 98 6000
1 2 72 150 6000
0 1 121 240 6000
0 1 219 137 6000
1 2 184 117 6000
0 2 14 74 6000
1 3 198 250 6000
3 0 207 146 6000
2 3 61 249 6000
1 2 107 171 6000
1 0 57 19 6000
3 0 61 194 6000
0 3 82 135 6000
3 0 105 162 6000
2 3 23 236 6000
0 1 145 2 6000
2 0 229 125 6000
3 2 242 27 6000
1 2 38 112 6000
3 2 183 10 6000
2 1 152 187 6000
2 0 44 194 6000
3 2 181 168 6000
2 0 183 255 6000
2 1 25 41 6000
0 3 157 44 6000
1 0 227 181 6000
2 0 226 251 6000
1 3 19 117 6000
0 1 142 245 6000
0 2 125 38 6000
3 1 13 251 6000
0 1 245 94 6000
0 2 190 254 6000
3 2 132 59 6000
3 1 2 93 6000
0 2 227 149 6000
2 3 43 37 6000
0 1 4 72 6000
1 2 1 44 6000
2 1 253 247 6000
0 3 200 138 6000
3 1 246 43 6000
2 0 223 213 6000
3 2 47 7 6000
1 0 138 72 6000
1 3 105 218 6000
1 2 237 40 6000
3 0 83 16 6000
3 0 132 71 6000
3 0 11 252 6000
0 3 105 249 6000
3 1 120 250 6000
1 3 111 32 6000
0 3 110 118 6000
0 1 203 178 6000
0 1 27 24 6000
1 0 199 79 6000
2 1 34 178 6000
2 1 117 64 6000
3 2 120 86 6000
2 3 187 114 6000
3 2 131 176 6000
1 2 154 34 6000
3 2 236 208 6000
3 2 208 9 6000
1 2 77 150 6000
2 1 47 19 6000
2 1 178 175 6000
1 3 34 45 6000
3 0 229 144 6000
1 0 76 202 6000
2 1 83 24 6000
2 0 77 140 6000
1 3 62 48 6000
0 3 37 118 6000
2 1 102 83 6000
3 0 104 228 6000
0 3 28 155 6000
3 2 42 165 6000
1 3 155 135 6000
2 1 194 222 6000
3 1 93 22 6000
2 3 157 221 6000
1 2 226 20 6000
3 0 3 251 6000
1 0 96 63 6000
1 0 188 147 6000
0 1 98 199 6000
3 0 231 87 6000
1 3 156 162 6000
1 0 250 152 6000
1 2 81 68 6000
2 0 45 189 6000
0 1 96 196 6000
1 3 67 16 6000
1 2 198 233 6000
0 2 81 240 6000
2 3 107 49 6000
3 2 225 52 6000
2 3 158 210 6000
3 1 147 108 6000
0 3 244 173 6000
1 3 60 233 6000
0 1 237 156 6000
0 2 52 151 6000
0 1 193 169 6000
3 1 181 250 6000
2 0 122 141 6000
2 0 132 14 6000
0 3 233 32 6000
1 3 95 253 6000
0 2 151 252 6000
2 1 244 158 6000
1 2 235 83 6000
1 2 222 32 6000
1 2 254 221 6000
2 1 195 22 6000
0 3 60 131 6000
3 2 227 106 6000
1 2 249 60 6000
3 0 166 235 6000
3 1 17 19 6000
3 2 28 65 6000
0 2 71 240 6000
1 0 35 55 6000
2 1 21 20 6000
1 2 17 65 6000
0 3 63 51 6000
3 1 198 179 6000
3 0 94 142 6000
1 3 195 2 6000
2 1 26 87 6000
1 3 210 214 6000
3 1 99 228 6000
2 3 220 214 6000
0 1 218 3 6000
1 0 72 107 6000
3 2 141 51 6000
1 3 175 216 6000
1 0 218 109 6000
3 1 99 132 8000
0 1 147 155 8000
1 3 29 132 8000
2 3 111 14 8000
0 1 215 191 8000
1 3 192 226 8000
2 1 157 25 8000
1 3 10 183 8000
3 2 3 234 8000
0 1 143 209 8000
0 2 90 246 8000
3 0 216 97 8000
0 2 149 197 8000
0 1 108 45 8000
1 3 74 61 8000
3 0 140 69 8000
1 0 32 78 8000
3 1 73 184 8000
1 3 230 179 8000
2 3 133 158 8000
1 2 70 75 8000
0 3 124 238 8000
2 0 166 114 8000
1 3 98 229 8000
2 1 181 28 8000
2 3 167 197 8000
2 1 98 57 8000
2 0 147 77 8000
1 3 72 149 8000
1 0 120 38 8000
0 1 61 83 8000
1 0 179 222 8000
1 0 126 25 8000
1 3 57 54 8000
2 1 248 220 8000
3 1 53 60 8000
1 2 147 253 8000
0 3 176 156 8000
1 0 4 249 8000
2 1 237 212 8000
2 0 68 40 8000
0 3 107 249 8000
3 2 174 183 8000
3 1 163 59 8000
1 2 126 48 8000
1 0 67 149 8000
0 1 163 107 8000
3 1 252 196 8000
0 3 241 210 8000
0 2 43 205 8000
2 0 69 91 8000
3 1 109 103 8000
3 1 87 48 8000
3 2 24 1 8000
0 1 3 145 8000
3 1 1 246 8000
0 3 197 229 8000
1 0 85 177 8000
3 2 151 58 8000
2 3 250 230 8000
1 0 178 173 8000
1 3 234 251 8000
2 3 108 156 8000
3 0 81 8 8000
0 1 99 93 8000
0 2 81 236 8000
2 1 67 106 8000
3 1 148 12 8000
3 2 235 120 8000
0 1 148 237 8000
1 3 38 207 8000
3 2 144 153 8000
1 0 244 27 8000
0 2 106 21 8000
3 0 137 226 8000
3 0 187 144 8000
1 2 202 187 8000
1 3 99 225 8000
2 3 182 192 8000
3 1 243 48 8000
3 0 172 50 8000
0 1 164 139 8000
3 0 86 232 8000
1 0 224 206 8000
2 0 209 219 8000
3 1 129 134 8000
0 1 146 38 8000
1 0 224 195 8000
2 3 183 36 8000
1 2 153 144 8000
0 2 147 137 8000
2 3 124 11 8000
1 2 34 246 8000
1 0 42 76 8000
2 3 40 163 8000
2 0 209 130 8000
3 1 31 123 8000
0 2 230 155 8000
3 1 27 241 8000
3 1 82 71 8000
3 2 73 90 8000
0 2 83 166 8000
2 3 130 137 8000
2 1 9 84 8000
1 3 66 62 8000
0 2 226 112 8000
3 2 125 155 8000
2 1 226 51 8000
0 1 106 126 8000
3 0 193 57 8000
2 0 112 137 8000
2 1 20 182 8000
1 2 58 198 8000
1 2 58 1 8000
3 2 37 78 8000
2 0 73 16 8000
1 0 95 161 8000
3 1 227 179 8000
1 2 105 223 8000
0 2 28 8 8000
1 0 134 205 8000
3 1 127 8 8000
1 0 255 158 8000
3 2 43 65 8000
0 3 121 61 8000
0 3 38 8 8000
3 2 208 74 8000
0 3 8 87 8000
0 2 193 112 8000
3 2 61 102 8000
2 0 70 202 8000
2 3 143 6 8000
1 2 200 5 8000
1 2 184 85 8000
3 1 113 151 8000
3 2 24 255 8000
2 0 167 158 8000
2 1 80 250 8000
3 1 157 48 8000
1 0 223 246 8000
3 2 21 157 8000
3 2 118 134 8000
2 3 175 35 8000
0 2 154 197 10000
0 2 130 255 10000
1 0 107 13 10000
3 0 95 24 10000
1 0 89 34 10000
2 0 0 135 10000
3 0 66 7 10000
2 3 83 198 10000
0 2 118 53 10000
1 3 31 203 10000
3 2 124 249 10000
3 1 68 144 10000
1 2 241 157 10000
1 2 145 38 10000
3 1 194 198 10000
1 2 11 133 10000
0 3 87 255 10000
2 0 70 40 10000
1 0 59 111 10000
2 0 2 69 10000
3 2 102 115 10000
3 1 102 64 10000
1 0 121 163 10000
2 3 221 24 10000
3 1 206 106 10000
0 3 99 69 10000
3 0 197 251 10000
3 1 0 135 10000
2 3 236 106 10000
2 0 91 19 10000
3 1 253 23 10000
0 3 158 155 10000
2 1 59 235 10000
0 2 153 61 10000
2 0 71 48 10000
2 3 131 198 10000
0 1 40 148 10000
0 1 213 155 10000
1 0 134 188 10000
3 0 28 192 10000
2 0 112 30 10000
3 0 208 149 10000
1 2 116 4 10000
0 2 11 55 10000
3 1 198 98 10000
2 3 84 109 10000
3 0 53 191 10000
2 3 243 4 10000
2 1 172 56 10000
1 2 117 136 10000
1 3 9 162 10000
0 3 169 93 10000
1 0 143 127 10000
3 1 213 146 10000
1 3 103 159 10000
3 0 24 125 10000
0 3 20 132 10000
0 3 48 6 10000
2 1 95 166 10000
3 1 59 2 10000
3 1 21 168 10000
3 2 108 7 10000
3 2 197 5 10000
0 1 114 157 10000
3 1 44 117 10000
1 3 44 167 10000
0 3 128 81 10000
2 3 143 126 10000
3 0 154 140 10000
1 3 210 188 10000
0 2 20 162 10000
1 3 109 138 10000
0 1 83 13 10000
0 3 233 96 10000
3 0 205 109 10000
2 1 38 4 10000
1 3 90 135 10000
1 0 46 3 10000
3 1 27 48 10000
0 3 183 52 10000
2 0 164 81 10000
1 2 232 127 10000
0 3 195 76 10000
2 3 111 75 10000
0 1 167 219 10000
0 2 94 166 10000
2 0 17 101 10000
0 1 162 219 10000
2 1 44 130 10000
1 2 62 81 10000
1 3 49 248 10000
1 0 52 73 10000
2 0 14 3 10000
0 1 50 204 10000
3 1 170 75 10000
0 2 214 11 10000
1 2 161 195 10000
2 3 56 104 10000
0 1 67 49 10000
0 2 99 90 10000
1 2 32 163 10000
0 3 171 58 10000
3 0 125 75 10000
0 2 160 8 10000
3 1 234 49 10000
3 0 161 245 10000
0 1 23 145 10000
1 3 147 44 10000
0 2 9 151 10000
0 2 161 69 10000
3 2 102 164 10000
0 3 193 111 10000
1 2 71 8 10000
0 3 198 60 10000
3 1 58 87 10000
2 1 82 129 10000
2 3 201 196 10000
3 0 44 57 10000
0 3 92 176 10000
2 3 223 60 10000
0 3 190 223 10000
0 1 133 92 10000
2 3 246 91 10000
3 1 50 115 10000
1 0 137 222 10000
2 1 123 130 10000
1 0 56 247 10000
3 1 146 151 10000
0 3 245 213 10000
1 0 224 86 10000
0 2 177 176 10000
2 0 4 58 10000
2 0 175 90 10000
0 3 69 165 10000
1 3 213 234 10000
3 2 32 111 10000
2 0 105 6 10000
1 3 100 31 10000
0 1 97 187 10000
2 3 210 7 10000
1 0 118 174 10000
1 3 213 122 10000
1 2 107 16 10000
1 0 218 78 10000
2 1 12 139 10000
0 3 49 78 10000
3 1 195 216 10000
0 1 60 216 10000
3 2 109 134 10000
3 1 224 55 10000
2 0 211 16 10000
0 2 188 164 10000
1 2 181 4 10000
2 1 65 0 10000
2 3 255 89 10000
3 2 155 191 10000
1 2 196 65 10000
3 2 35 11 10000
2 0 67 110 10000
2 0 70 63 10000
3 2 9 172 10000
0 2 138 83 10000
2 3 206 150 10000
2 3 218 49 10000
3 1 127 210 10000
1 2 172 54 10000
