# src_chip dst_chip src_pe dst_pe inject_cycle
# entries=768 chips=16 pe_per_chip=64 timesteps=5 interval=2000 seed=64
15 1 51 34 2000
0 2 51 43 2000
2 3 13 38 2000
8 3 25 5 2000
15 8 22 3 2000
0 12 38 56 2000
9 0 16 3 2000
11 2 41 26 2000
2 6 38 16 2000
13 5 13 49 2000
11 15 15 13 2000
2 4 53 8 2000
8 15 39 63 2000
15 1 58 26 2000
5 15 55 60 2000
4 6 34 4 2000
15 8 62 45 2000
7 8 7 43 2000
7 4 62 42 2000
5 4 44 60 2000
4 13 61 30 2000
12 7 56 48 2000
10 0 6 52 2000
1 15 20 28 2000
10 12 37 62 2000
1 2 35 5 2000
8 10 22 32 2000
9 15 0 5 2000
9 14 45 14 2000
5 14 59 5 2000
13 1 47 45 2000
11 9 49 32 2000
2 14 44 6 2000
6 8 15 4 2000
15 4 39 37 2000
1 6 8 18 2000
5 11 34 1 2000
15 10 6 43 2000
5 13 63 6 2000
9 8 10 9 2000
8 15 38 17 2000
5 14 4 40 2000
14 11 62 34 2000
0 10 49 3 2000
0 15 41 30 2000
5 1 29 33 2000
10 6 27 58 2000
12 9 38 62 2000
12 11 35 54 2000
15 11 59 54 2000
10 14 59 21 2000
2 15 27 49 2000
7 11 18 13 2000
10 8 0 9 2000
0 5 46 2 2000
2 7 11 44 2000
2 0 33 26 2000
7 8 38 20 2000
7 6 48 7 2000
7 9 17 20 2000
4 6 25 62 2000
11 0 39 61 2000
12 7 8 20 2000
13 2 18 42 2000
11 9 33 18 2000
11 10 59 27 2000
10 14 55 41 2000
5 11 34 10 2000
13 14 28 37 2000
5 11 29 28 2000
12 9 12 55 2000
13 12 62 51 2000
5 14 34 19 2000
13 5 27 35 2000
0 10 44 45 2000
9 8 21 37 2000
7 0 60 5 2000
6 13 62 23 2000
1 7 0 25 2000
8 5 11 29 2000
2 12 39 7 2000
6 3 53 50 2000
9 13 21 30 2000
10 9 53 6 2000
15 4 30 35 2000
12 0 11 31 2000
11 1 46 25 2000
15 8 8 39 2000
0 6 21 42 2000
5 13 11 23 2000
7 6 16 30 2000
7 15 40 32 2000
6 0 18 40 2000
11 1 2 0 2000
11 8 5 17 2000
9 6 59 58 2000
14 1 35 26 2000
13 3 43 11 2000
13 8 15 12 2000
8 1 62 1 2000
13 0 56 58 2000
8 9 37 41 2000
7 11 2 12 2000
11 2 19 51 2000
13 1 53 4 2000
8 15 2 37 2000
15 2 29 63 2000
3 12 0 29 2000
13 7 39 19 2000
11 7 59 36 2000
0 11 37 20 2000
1 8 38 57 2000
5 9 8 41 2000
2 5 34 25 2000
14 15 47 56 2000
2 10 47 43 2000
15 0 49 6 2000
15 0 2 10 2000
0 14 41 44 2000
1 4 32 24 2000
8 10 28 16 2000
1 2 23 42 2000
10 8 53 12 2000
9 14 12 8 2000
15 0 63 33 2000
13 3 50 2 2000
12 7 61 20 2000
15 5 21 45 2000
8 4 42 30 2000
10 2 33 4 2000
10 3 50 1 2000
12 14 14 56 2000
14 9 34 33 2000
11 10 19 59 2000
14 13 44 38 2000
5 12 57 47 2000
10 13 2 21 2000
15 12 24 2 2000
4 5 38 10 2000
3 15 50 19 2000
12 4 14 40 2000
4 6 53 19 2000
11 6 29 30 2000
11 12 20 3 2000
9 11 60 41 2000
3 4 4 35 2000
15 4 59 34 2000
7 1 11 28 2000
8 14 40 48 2000
0 8 54 25 2000
15 14 62 21 2000
2 8 58 49 2000
8 10 60 1 2000
5 1 47 32 2000
15 6 31 14 2000
7 12 18 34 2000
6 4 25 45 4000
2 14 53 28 4000
14 6 27 18 4000
7 8 20 13 4000
1 11 35 13 4000
7 15 31 61 4000
5 4 19 53 4000
3 15 7 54 4000
1 0 40 44 4000
9 4 52 48 4000
5 8 4 63 4000
0 6 42 61 4000
8 6 2 46 4000
0 3 26 44 4000
13 0 49 37 4000
4 15 1 62 4000
3 13 30 29 4000
1 8 25 20 4000
10 4 16 8 4000
9 1 14 38 4000
12 3 33 13 4000
10 14 42 21 4000
13 14 18 41 4000
4 0 60 48 4000
9 0 49 32 4000
12 8 40 28 4000
13 15 47 30 4000
8 2 53 50 4000
4 5 53 58 4000
14 15 61 11 4000
1 12 51 57 4000
10 6 13 5 4000
5 14 12 14 4000
4 9 25 10 4000
6 3 48 22 4000
15 12 14 36 4000
1 11 60 6 4000
15 4 50 30 4000
7 0 30 14 4000
9 8 13 18 4000
11 15 5 41 4000
5 12 9 47 4000
8 5 60 63 4000
9 10 38 20 4000
8 3 55 31 4000
14 1 4 5 4000
12 3 10 21 4000
11 8 6 3 4000
9 10 18 47 4000
13 7 26 53 4000
4 2 5 24 4000
1 10 9 38 4000
10 2 40 53 4000
8 1 35 56 4000
9 15 4 28 4000
5 8 12 38 4000
5 12 26 63 4000
4 2 45 56 4000
0 5 61 58 4000
6 0 32 59 4000
4 10 8 60 4000
14 10 24 25 4000
7 0 4 23 4000
15 4 56 62 4000
15 4 60 38 4000
11 15 15 47 4000
11 3 22 48 4000
15 4 59 12 4000
10 3 51 2 4000
4 15 17 60 4000
7 6 14 57 4000
13 11 34 23 4000
5 8 18 9 4000
10 14 21 42 4000
11 8 50 59 4000
10 2 4 50 4000
6 14 0 57 4000
5 11 54 35 4000
2 14 55 62 4000
13 5 6 36 4000
3 9 16 21 4000
5 6 52 62 4000
13 2 61 42 4000
14 6 23 12 4000
6 0 8 2 4000
0 11 5 63 4000
2 13 27 22 4000
15 2 4 41 4000
0 12 56 13 4000
12 7 24 1 4000
10 9 19 5 4000
8 11 51 36 4000
4 12 41 30 4000
12 7 22 63 4000
0 4 52 47 4000
3 7 46 7 4000
5 7 14 34 4000
8 0 40 41 4000
15 10 45 26 4000
1 12 48 17 4000
0 4 36 9 4000
11 10 44 33 4000
14 2 1 0 4000
9 11 20 8 4000
2 11 46 19 4000
6 7 26 9 4000
5 0 43 21 4000
0 8 35 17 4000
4 5 53 60 4000
1 3 3 28 4000
3 9 4 33 4000
2 15 31 41 4000
15 10 45 12 4000
8 10 55 34 4000
15 2 32 54 4000
13 8 13 57 4000
9 6 53 46 4000
1 2 22 37 4000
10 14 12 16 4000
12 15 46 58 4000
15 5 51 22 4000
1 4 45 0 4000
11 12 2 26 4000
2 8 53 26 4000
0 10 46 21 4000
8 14 28 55 4000
9 1 13 27 4000
5 14 29 58 4000
2 3 35 63 4000
13 11 6 63 4000
4 6 57 42 4000
11 7 9 22 4000
1 3 4 45 4000
6 10 20 61 4000
2 15 20 27 4000
14 2 31 59 4000
2 11 57 27 4000
3 9 21 48 4000
13 11 18 58 4000
0 10 56 31 4000
12 3 30 42 4000
7 5 17 23 4000
4 15 11 15 4000
8 9 46 29 4000
0 5 5 34 4000
2 7 18 12 4000
4 8 0 32 4000
13 5 39 48 6000
8 6 56 19 6000
5 9 19 54 6000
15 0 40 32 6000
13 15 58 53 6000
4 3 26 21 6000
14 0 47 24 6000
14 1 3 63 6000
13 8 41 27 6000
15 2 26 3 6000
12 5 53 62 6000
11 8 37 9 6000
0 7 33 42 6000
14 4 18 39 6000
0 9 30 48 6000
10 8 14 25 6000
5 7 9 5 6000
6 15 21 33 6000
1 10 62 21 6000
13 10 12 32 6000
5 10 43 27 6000
5 14 38 33 6000
4 13 60 6 6000
15 2 29 30 6000
9 1 29 45 6000
8 1 48 25 6000
0 9 32 17 6000
8 13 46 14 6000
0 3 16 34 6000
3 5 42 60 6000
0 13 41 47 6000
6 0 21 25 6000
3 14 59 5 6000
10 4 55 6 6000
4 9 45 13 6000
12 15 36 29 6000
11 6 23 13 6000
15 6 46 44 6000
0 3 42 20 6000
8 6 45 46 6000
7 9 49 39 6000
15 9 56 22 6000
5 15 50 41 6000
5 2 27 63 6000
4 2 14 2 6000
6 4 20 18 6000
12 2 19 37 6000
11 12 13 37 6000
2 9 18 22 6000
4 15 46 43 6000
10 4 52 40 6000
11 2 35 42 6000
0 5 39 47 6000
8 10 29 13 6000
2 5 24 27 6000
0 1 27 44 6000
6 5 57 11 6000
9 12 2 35 6000
6 2 31 57 6000
2 0 1 62 6000
11 15 15 43 6000
3 0 13 26 6000
10 4 1 56 6000
5 2 54 58 6000
0 1 49 59 6000
12 8 4 60 6000
1 2 46 61 6000
4 13 48 50 6000
2 7 28 15 6000
15 13 16 50 6000
10 3 23 11 6000
13 4 42 20 6000
7 0 42 44 6000
12 5 17 32 6000
3 12 33 50 6000
15 10 24 1 6000
3 14 38 12 6000
8 9 11 17 6000
14 9 9 24 6000
1 14 1 19 6000
10 12 23 43 6000
2 11 48 6 6000
12 4 28 22 6000
9 14 15 35 6000
3 11 30 36 6000
3 2 32 11 6000
0 13 57 16 6000
6 11 57 52 6000
0 15 30 62 6000
5 4 21 58 6000
5 9 1 23 6000
5 9 40 14 6000
13 11 6 27 6000
9 11 62 29 6000
6 10 59 16 6000
1 15 17 38 6000
8 14 54 36 6000
12 1 25 0 6000
13 2 17 30 6000
4 1 10 25 6000
15 1 58 21 6000
1 13 25 52 6000
7 15 37 50 6000
12 0 1 42 6000
4 11 50 35 6000
7 5 60 59 6000
3 8 14 22 6000
10 3 61 29 6000
13 4 59 48 6000
1 7 3 36 6000
8 10 41 13 6000
8 15 6 47 6000
14 13 24 37 6000
4 5 46 23 6000
10 15 26 61 6000
6 9 55 34 6000
15 2 26 46 6000
9 13 42 24 6000
11 7 11 19 6000
14 4 25 27 6000
1 11 55 33 6000
3 8 1 15 6000
7 8 28 55 6000
9 4 57 17 6000
7 1 24 55 6000
1 9 44 17 6000
7 15 13 34 6000
8 1 20 57 6000
1 13 42 48 6000
4 7 47 60 6000
5 3 21 7 6000
7 14 29 27 6000
6 9 61 3 6000
9 6 12 52 6000
1 0 20 50 6000
7 8 19 24 6000
8 4 53 43 6000
1 4 19 21 6000
7 15 47 40 6000
0 11 15 20 6000
3 9 57 15 6000
7 5 21 33 6000
5 8 20 62 6000
5 9 13 3 6000
13 5 16 1 6000
13 10 51 53 6000
0 14 17 1 6000
10 1 6 42 6000
11 4 34 51 6000
12 2 61 16 6000
11 15 22 54 6000
6 1 0 22 6000
10 1 53 62 6000
10 8 32 54 8000
4 14 50 53 8000
7 8 35 37 8000
15 10 46 63 8000
3 7 48 7 8000
10 3 19 52 8000
6 11 37 34 8000
11 0 7 23 8000
4 7 56 29 8000
9 1 7 25 8000
15 4 23 31 8000
3 6 58 36 8000
0 2 47 50 8000
2 7 27 44 8000
5 2 9 53 8000
14 0 3 34 8000
15 9 63 26 8000
9 12 55 51 8000
7 11 59 10 8000
15 13 15 10 8000
7 8 2 60 8000
8 3 15 44 8000
4 15 56 35 8000
5 14 48 8 8000
2 14 43 45 8000
1 11 25 61 8000
4 5 50 40 8000
2 8 38 13 8000
9 2 43 24 8000
10 7 8 7 8000
0 3 62 30 8000
5 2 59 28 8000
8 14 3 53 8000
10 7 38 28 8000
3 2 63 50 8000
1 2 36 59 8000
10 2 39 27 8000
13 7 36 2 8000
5 8 54 25 8000
10 14 22 4 8000
8 14 59 63 8000
14 1 25 19 8000
13 9 20 34 8000
4 10 51 44 8000
2 11 4 9 8000
9 10 49 29 8000
2 14 19 9 8000
4 7 36 15 8000
8 13 61 40 8000
4 6 54 43 8000
9 1 62 19 8000
15 7 48 30 8000
1 6 59 31 8000
15 5 35 18 8000
10 1 11 16 8000
10 13 59 45 8000
0 8 15 4 8000
1 10 54 62 8000
6 9 59 37 8000
3 11 7 32 8000
2 6 46 42 8000
1 13 17 4 8000
7 5 57 15 8000
10 5 21 58 8000
15 0 10 30 8000
9 1 42 16 8000
13 0 6 28 8000
14 12 59 47 8000
7 0 28 45 8000
2 9 46 28 8000
7 10 6 33 8000
8 7 63 54 8000
12 11 61 23 8000
13 0 9 51 8000
6 7 61 38 8000
12 15 23 46 8000
5 9 40 26 8000
5 14 60 7 8000
3 5 25 43 8000
11 7 20 0 8000
1 11 13 5 8000
11 10 37 1 8000
9 14 54 15 8000
8 13 55 27 8000
12 14 2 52 8000
14 2 36 17 8000
13 10 51 23 8000
9 8 56 43 8000
3 4 57 41 8000
10 4 2 61 8000
5 9 23 38 8000
2 8 1 41 8000
15 11 19 10 8000
0 5 50 55 8000
8 7 33 51 8000
7 13 44 15 8000
6 14 60 36 8000
5 12 7 16 8000
7 9 23 61 8000
8 10 31 63 8000
5 4 35 53 8000
0 8 50 38 8000
5 4 43 11 8000
10 5 51 46 8000
7 12 32 20 8000
5 1 28 43 8000
10 0 37 21 8000
5 0 36 34 8000
4 8 33 3 8000
8 9 63 25 8000
0 8 27 44 8000
10 15 4 27 8000
9 6 0 4 8000
0 6 25 23 8000
5 3 4 39 8000
13 8 12 48 8000
14 10 21 4 8000
15 2 26 37 8000
14 15 15 37 8000
7 4 58 57 8000
6 12 62 32 8000
15 6 16 10 8000
14 1 2 24 8000
1 3 33 54 8000
8 3 57 21 8000
5 2 19 31 8000
6 10 10 26 8000
6 1 40 51 8000
3 6 49 44 8000
2 13 35 18 8000
15 7 9 15 8000
3 7 58 34 8000
7 13 0 1 8000
0 15 24 7 8000
13 3 58 24 8000
5 3 3 26 8000
6 10 28 13 8000
6 10 0 32 8000
7 14 38 14 8000
4 3 23 62 8000
14 15 35 15 8000
0 4 8 56 8000
12 10 33 43 8000
1 14 15 10 8000
8 6 7 11 8000
11 8 51 27 8000
11 9 56 34 8000
3 7 49 59 8000
1 7 22 10 8000
8 10 55 47 8000
3 13 11 52 8000
11 0 59 25 8000
5 4 28 42 10000
15 0 63 20 10000
3 9 42 19 10000
0 15 39 43 10000
5 7 23 50 10000
3 0 11 1 10000
13 4 56 60 10000
4 15 29 24 10000
9 3 34 59 10000
0 2 22 3 10000
1 15 17 29 10000
7 2 5 49 10000
11 0 1 29 10000
1 12 31 7 10000
3 13 55 11 10000
14 4 5 33 10000
2 14 63 24 10000
4 1 20 40 10000
12 1 56 20 10000
3 10 38 1 10000
10 6 3 20 10000
7 0 39 25 10000
0 8 33 9 10000
2 6 11 51 10000
3 1 58 17 10000
12 6 1 7 10000
14 11 48 32 10000
0 4 51 15 10000
13 2 56 26 10000
1 11 36 28 10000
1 6 59 13 10000
0 15 55 52 10000
0 13 26 37 10000
13 8 56 18 10000
4 3 19 48 10000
6 11 53 27 10000
11 2 4 57 10000
6 12 37 51 10000
8 11 31 17 10000
9 5 53 29 10000
0 15 50 12 10000
11 12 61 24 10000
14 8 42 56 10000
15 10 7 31 10000
0 3 54 33 10000
6 13 59 28 10000
1 2 26 42 10000
1 13 16 35 10000
4 0 45 35 10000
11 3 28 35 10000
14 13 30 47 10000
10 11 43 57 10000
9 1 25 53 10000
8 1 51 26 10000
3 4 15 40 10000
5 12 58 38 10000
2 10 23 8 10000
12 8 5 37 10000
10 4 32 14 10000
3 1 12 43 10000
6 8 37 19 10000
7 10 55 59 10000
4 9 55 14 10000
13 9 47 51 10000
2 0 5 29 10000
1 5 57 36 10000
5 9 44 29 10000
0 5 28 41 10000
12 10 13 55 10000
7 6 12 18 10000
8 4 17 42 10000
1 7 11 47 10000
9 4 31 61 10000
14 7 34 49 10000
11 15 15 52 10000
9 15 14 18 10000
10 12 10 57 10000
14 8 23 37 10000
15 9 62 16 10000
15 8 55 34 10000
0 9 48 44 10000
10 5 26 58 10000
14 5 56 12 10000
10 9 53 10 10000
5 14 53 47 10000
9 7 42 28 10000
2 6 54 20 10000
0 11 43 27 10000
10 8 55 37 10000
12 7 27 32 10000
3 13 54 6 10000
14 4 41 52 10000
8 11 33 34 10000
5 2 22 61 10000
9 10 30 51 10000
12 5 52 63 10000
15 6 10 22 10000
8 11 27 59 10000
11 15 53 5 10000
11 1 52 47 10000
4 14 3 32 10000
1 10 5 36 10000
7 8 50 43 10000
12 10 27 32 10000
14 8 62 22 10000
11 6 17 24 10000
8 15 13 30 10000
11 3 34 35 10000
4 15 24 57 10000
7 4 53 8 10000
4 15 62 45 10000
9 0 63 46 10000
12 13 23 25 10000
5 7 0 19 10000
5 4 11 45 10000
11 0 32 5 10000
11 10 34 28 10000
6 4 14 10 10000
11 8 26 62 10000
8 12 12 16 10000
1 9 1 57 10000
8 0 45 49 10000
3 5 23 26 10000
1 5 22 45 10000
15 3 41 43 10000
8 11 40 19 10000
12 15 7 59 10000
6 15 60 44 10000
6 2 42 38 10000
3 15 25 21 10000
15 7 40 42 10000
12 5 4 43 10000
0 9 47 33 10000
12 4 4 27 10000
1 13 28 52 10000
14 8 5 37 10000
4 8 29 11 10000
10 12 4 53 10000
8 5 31 29 10000
11 8 57 17 10000
9 1 28 55 10000
4 9 36 29 10000
1 3 63 32 10000
2 1 18 38 10000
6 12 29 6 10000
4 7 5 8 10000
7 9 15 25 10000
11 5 16 47 10000
10 2 7 48 10000
8 10 15 4 10000
3 7 5 61 10000
0 3 4 48 10000
6 14 16 63 10000
8 14 49 36 10000
8 14 9 56 10000
1 3 34 23 10000
10 14 36 25 10000
15 3 13 37 10000
15 13 22 58 10000
10 6 33 48 10000
